 frequency       AmagdB          Aphdeg         
 1.00000000e+04 -5.50563298e-02 -5.93551633e-01 
 1.01152151e+04 -5.50671610e-02 -6.00389747e-01 
 1.02317577e+04 -5.50782432e-02 -6.07306629e-01 
 1.03496431e+04 -5.50895822e-02 -6.14303186e-01 
 1.04688866e+04 -5.51011840e-02 -6.21380335e-01 
 1.05895041e+04 -5.51130547e-02 -6.28539004e-01 
 1.07115112e+04 -5.51252004e-02 -6.35780131e-01 
 1.08349240e+04 -5.51376276e-02 -6.43104667e-01 
 1.09597588e+04 -5.51503427e-02 -6.50513571e-01 
 1.10860318e+04 -5.51633525e-02 -6.58007815e-01 
 1.12137597e+04 -5.51766637e-02 -6.65588380e-01 
 1.13429592e+04 -5.51902834e-02 -6.73256262e-01 
 1.14736472e+04 -5.52042188e-02 -6.81012464e-01 
 1.16058410e+04 -5.52184770e-02 -6.88858004e-01 
 1.17395579e+04 -5.52330656e-02 -6.96793910e-01 
 1.18748154e+04 -5.52479923e-02 -7.04821222e-01 
 1.20116312e+04 -5.52632649e-02 -7.12940993e-01 
 1.21500234e+04 -5.52788913e-02 -7.21154287e-01 
 1.22900101e+04 -5.52948799e-02 -7.29462180e-01 
 1.24316096e+04 -5.53112389e-02 -7.37865762e-01 
 1.25748406e+04 -5.53279771e-02 -7.46366132e-01 
 1.27197218e+04 -5.53451030e-02 -7.54964407e-01 
 1.28662722e+04 -5.53626258e-02 -7.63661712e-01 
 1.30145112e+04 -5.53805547e-02 -7.72459187e-01 
 1.31644581e+04 -5.53988989e-02 -7.81357985e-01 
 1.33161325e+04 -5.54176683e-02 -7.90359272e-01 
 1.34695546e+04 -5.54368725e-02 -7.99464227e-01 
 1.36247442e+04 -5.54565218e-02 -8.08674045e-01 
 1.37817219e+04 -5.54766263e-02 -8.17989930e-01 
 1.39405082e+04 -5.54971967e-02 -8.27413105e-01 
 1.41011240e+04 -5.55182437e-02 -8.36944803e-01 
 1.42635903e+04 -5.55397783e-02 -8.46586273e-01 
 1.44279285e+04 -5.55618120e-02 -8.56338779e-01 
 1.45941600e+04 -5.55843562e-02 -8.66203598e-01 
 1.47623069e+04 -5.56074227e-02 -8.76182022e-01 
 1.49323910e+04 -5.56310237e-02 -8.86275358e-01 
 1.51044348e+04 -5.56551715e-02 -8.96484928e-01 
 1.52784607e+04 -5.56798789e-02 -9.06812070e-01 
 1.54544917e+04 -5.57051587e-02 -9.17258136e-01 
 1.56325509e+04 -5.57310242e-02 -9.27824494e-01 
 1.58126615e+04 -5.57574891e-02 -9.38512529e-01 
 1.59948473e+04 -5.57845671e-02 -9.49323638e-01 
 1.61791322e+04 -5.58122724e-02 -9.60259240e-01 
 1.63655403e+04 -5.58406197e-02 -9.71320764e-01 
 1.65540961e+04 -5.58696238e-02 -9.82509660e-01 
 1.67448244e+04 -5.58992999e-02 -9.93827392e-01 
 1.69377501e+04 -5.59296635e-02 -1.00527544e+00 
 1.71328986e+04 -5.59607306e-02 -1.01685531e+00 
 1.73302956e+04 -5.59925175e-02 -1.02856851e+00 
 1.75299668e+04 -5.60250408e-02 -1.04041658e+00 
 1.77319386e+04 -5.60583176e-02 -1.05240106e+00 
 1.79362374e+04 -5.60923654e-02 -1.06452353e+00 
 1.81428900e+04 -5.61272020e-02 -1.07678557e+00 
 1.83519236e+04 -5.61628456e-02 -1.08918878e+00 
 1.85633655e+04 -5.61993151e-02 -1.10173480e+00 
 1.87772436e+04 -5.62366294e-02 -1.11442526e+00 
 1.89935859e+04 -5.62748081e-02 -1.12726182e+00 
 1.92124208e+04 -5.63138714e-02 -1.14024615e+00 
 1.94337770e+04 -5.63538396e-02 -1.15337997e+00 
 1.96576835e+04 -5.63947337e-02 -1.16666499e+00 
 1.98841698e+04 -5.64365752e-02 -1.18010294e+00 
 2.01132655e+04 -5.64793859e-02 -1.19369559e+00 
 2.03450008e+04 -5.65231884e-02 -1.20744470e+00 
 2.05794060e+04 -5.65680056e-02 -1.22135209e+00 
 2.08165120e+04 -5.66138610e-02 -1.23541956e+00 
 2.10563497e+04 -5.66607786e-02 -1.24964896e+00 
 2.12989507e+04 -5.67087831e-02 -1.26404214e+00 
 2.15443469e+04 -5.67578995e-02 -1.27860099e+00 
 2.17925704e+04 -5.68081537e-02 -1.29332742e+00 
 2.20436538e+04 -5.68595720e-02 -1.30822334e+00 
 2.22976301e+04 -5.69121812e-02 -1.32329070e+00 
 2.25545326e+04 -5.69660091e-02 -1.33853148e+00 
 2.28143949e+04 -5.70210838e-02 -1.35394765e+00 
 2.30772513e+04 -5.70774342e-02 -1.36954125e+00 
 2.33431362e+04 -5.71350898e-02 -1.38531430e+00 
 2.36120845e+04 -5.71940808e-02 -1.40126886e+00 
 2.38841315e+04 -5.72544381e-02 -1.41740703e+00 
 2.41593128e+04 -5.73161934e-02 -1.43373090e+00 
 2.44376647e+04 -5.73793790e-02 -1.45024260e+00 
 2.47192236e+04 -5.74440280e-02 -1.46694431e+00 
 2.50040265e+04 -5.75101744e-02 -1.48383818e+00 
 2.52921107e+04 -5.75778527e-02 -1.50092644e+00 
 2.55835142e+04 -5.76470983e-02 -1.51821130e+00 
 2.58782750e+04 -5.77179477e-02 -1.53569503e+00 
 2.61764319e+04 -5.77904379e-02 -1.55337991e+00 
 2.64780240e+04 -5.78646068e-02 -1.57126824e+00 
 2.67830910e+04 -5.79404933e-02 -1.58936236e+00 
 2.70916727e+04 -5.80181372e-02 -1.60766462e+00 
 2.74038098e+04 -5.80975791e-02 -1.62617742e+00 
 2.77195432e+04 -5.81788606e-02 -1.64490317e+00 
 2.80389144e+04 -5.82620244e-02 -1.66384431e+00 
 2.83619651e+04 -5.83471138e-02 -1.68300331e+00 
 2.86887379e+04 -5.84341736e-02 -1.70238267e+00 
 2.90192756e+04 -5.85232492e-02 -1.72198490e+00 
 2.93536216e+04 -5.86143873e-02 -1.74181257e+00 
 2.96918198e+04 -5.87076356e-02 -1.76186826e+00 
 3.00339145e+04 -5.88030430e-02 -1.78215458e+00 
 3.03799507e+04 -5.89006593e-02 -1.80267418e+00 
 3.07299737e+04 -5.90005357e-02 -1.82342971e+00 
 3.10840296e+04 -5.91027245e-02 -1.84442390e+00 
 3.14421647e+04 -5.92072790e-02 -1.86565946e+00 
 3.18044260e+04 -5.93142541e-02 -1.88713916e+00 
 3.21708612e+04 -5.94237057e-02 -1.90886580e+00 
 3.25415182e+04 -5.95356910e-02 -1.93084221e+00 
 3.29164458e+04 -5.96502688e-02 -1.95307123e+00 
 3.32956931e+04 -5.97674988e-02 -1.97555577e+00 
 3.36793099e+04 -5.98874424e-02 -1.99829873e+00 
 3.40673466e+04 -6.00101624e-02 -2.02130309e+00 
 3.44598540e+04 -6.01357229e-02 -2.04457183e+00 
 3.48568837e+04 -6.02641896e-02 -2.06810797e+00 
 3.52584878e+04 -6.03956298e-02 -2.09191457e+00 
 3.56647189e+04 -6.05301120e-02 -2.11599472e+00 
 3.60756305e+04 -6.06677066e-02 -2.14035154e+00 
 3.64912764e+04 -6.08084856e-02 -2.16498820e+00 
 3.69117112e+04 -6.09525226e-02 -2.18990790e+00 
 3.73369900e+04 -6.10998927e-02 -2.21511386e+00 
 3.77671687e+04 -6.12506731e-02 -2.24060935e+00 
 3.82023036e+04 -6.14049425e-02 -2.26639769e+00 
 3.86424520e+04 -6.15627816e-02 -2.29248220e+00 
 3.90876716e+04 -6.17242728e-02 -2.31886628e+00 
 3.95380208e+04 -6.18895005e-02 -2.34555334e+00 
 3.99935587e+04 -6.20585509e-02 -2.37254683e+00 
 4.04543450e+04 -6.22315124e-02 -2.39985026e+00 
 4.09204403e+04 -6.24084752e-02 -2.42746714e+00 
 4.13919058e+04 -6.25895319e-02 -2.45540106e+00 
 4.18688032e+04 -6.27747769e-02 -2.48365563e+00 
 4.23511952e+04 -6.29643069e-02 -2.51223450e+00 
 4.28391452e+04 -6.31582208e-02 -2.54114136e+00 
 4.33327170e+04 -6.33566199e-02 -2.57037995e+00 
 4.38319755e+04 -6.35596077e-02 -2.59995404e+00 
 4.43369862e+04 -6.37672900e-02 -2.62986746e+00 
 4.48478155e+04 -6.39797752e-02 -2.66012406e+00 
 4.53645302e+04 -6.41971742e-02 -2.69072774e+00 
 4.58871983e+04 -6.44196004e-02 -2.72168246e+00 
 4.64158883e+04 -6.46471696e-02 -2.75299220e+00 
 4.69506697e+04 -6.48800006e-02 -2.78466099e+00 
 4.74916125e+04 -6.51182147e-02 -2.81669291e+00 
 4.80387878e+04 -6.53619361e-02 -2.84909209e+00 
 4.85922674e+04 -6.56112918e-02 -2.88186270e+00 
 4.91521239e+04 -6.58664116e-02 -2.91500894e+00 
 4.97184308e+04 -6.61274285e-02 -2.94853508e+00 
 5.02912624e+04 -6.63944785e-02 -2.98244544e+00 
 5.08706939e+04 -6.66677006e-02 -3.01674435e+00 
 5.14568013e+04 -6.69472370e-02 -3.05143623e+00 
 5.20496616e+04 -6.72332333e-02 -3.08652552e+00 
 5.26493525e+04 -6.75258382e-02 -3.12201673e+00 
 5.32559528e+04 -6.78252041e-02 -3.15791440e+00 
 5.38695420e+04 -6.81314867e-02 -3.19422313e+00 
 5.44902008e+04 -6.84448453e-02 -3.23094757e+00 
 5.51180104e+04 -6.87654427e-02 -3.26809241e+00 
 5.57530533e+04 -6.90934458e-02 -3.30566241e+00 
 5.63954130e+04 -6.94290250e-02 -3.34366237e+00 
 5.70451735e+04 -6.97723546e-02 -3.38209713e+00 
 5.77024203e+04 -7.01236131e-02 -3.42097161e+00 
 5.83672396e+04 -7.04829829e-02 -3.46029076e+00 
 5.90397186e+04 -7.08506506e-02 -3.50005959e+00 
 5.97199455e+04 -7.12268070e-02 -3.54028317e+00 
 6.04080098e+04 -7.16116474e-02 -3.58096662e+00 
 6.11040015e+04 -7.20053715e-02 -3.62211511e+00 
 6.18080121e+04 -7.24081836e-02 -3.66373386e+00 
 6.25201340e+04 -7.28202924e-02 -3.70582818e+00 
 6.32404607e+04 -7.32419117e-02 -3.74840339e+00 
 6.39690866e+04 -7.36732600e-02 -3.79146490e+00 
 6.47061073e+04 -7.41145608e-02 -3.83501816e+00 
 6.54516197e+04 -7.45660427e-02 -3.87906869e+00 
 6.62057214e+04 -7.50279395e-02 -3.92362205e+00 
 6.69685116e+04 -7.55004902e-02 -3.96868389e+00 
 6.77400903e+04 -7.59839394e-02 -4.01425987e+00 
 6.85205587e+04 -7.64785373e-02 -4.06035577e+00 
 6.93100193e+04 -7.69845395e-02 -4.10697738e+00 
 7.01085757e+04 -7.75022077e-02 -4.15413058e+00 
 7.09163327e+04 -7.80318095e-02 -4.20182129e+00 
 7.17333962e+04 -7.85736183e-02 -4.25005552e+00 
 7.25598736e+04 -7.91279140e-02 -4.29883931e+00 
 7.33958732e+04 -7.96949827e-02 -4.34817879e+00 
 7.42415048e+04 -8.02751171e-02 -4.39808013e+00 
 7.50968794e+04 -8.08686163e-02 -4.44854958e+00 
 7.59621092e+04 -8.14757864e-02 -4.49959345e+00 
 7.68373077e+04 -8.20969402e-02 -4.55121811e+00 
 7.77225899e+04 -8.27323979e-02 -4.60343000e+00 
 7.86180718e+04 -8.33824866e-02 -4.65623563e+00 
 7.95238711e+04 -8.40475408e-02 -4.70964155e+00 
 8.04401065e+04 -8.47279028e-02 -4.76365442e+00 
 8.13668983e+04 -8.54239224e-02 -4.81828093e+00 
 8.23043682e+04 -8.61359574e-02 -4.87352784e+00 
 8.32526392e+04 -8.68643736e-02 -4.92940201e+00 
 8.42118357e+04 -8.76095449e-02 -4.98591033e+00 
 8.51820836e+04 -8.83718538e-02 -5.04305978e+00 
 8.61635102e+04 -8.91516913e-02 -5.10085740e+00 
 8.71562443e+04 -8.99494573e-02 -5.15931030e+00 
 8.81604162e+04 -9.07655605e-02 -5.21842567e+00 
 8.91761577e+04 -9.16004188e-02 -5.27821076e+00 
 9.02036021e+04 -9.24544595e-02 -5.33867289e+00 
 9.12428842e+04 -9.33281194e-02 -5.39981946e+00 
 9.22941404e+04 -9.42218453e-02 -5.46165792e+00 
 9.33575087e+04 -9.51360936e-02 -5.52419582e+00 
 9.44331286e+04 -9.60713311e-02 -5.58744076e+00 
 9.55211412e+04 -9.70280351e-02 -5.65140043e+00 
 9.66216894e+04 -9.80066934e-02 -5.71608258e+00 
 9.77349176e+04 -9.90078046e-02 -5.78149503e+00 
 9.88609719e+04 -1.00031879e-01 -5.84764569e+00 
 1.00000000e+05 -1.01079436e-01 -5.91454252e+00 
 1.01152151e+05 -1.02151011e-01 -5.98219358e+00 
 1.02317577e+05 -1.03247146e-01 -6.05060698e+00 
 1.03496431e+05 -1.04368399e-01 -6.11979091e+00 
 1.04688866e+05 -1.05515338e-01 -6.18975366e+00 
 1.05895041e+05 -1.06688544e-01 -6.26050355e+00 
 1.07115112e+05 -1.07888613e-01 -6.33204901e+00 
 1.08349240e+05 -1.09116152e-01 -6.40439853e+00 
 1.09597588e+05 -1.10371780e-01 -6.47756068e+00 
 1.10860318e+05 -1.11656133e-01 -6.55154410e+00 
 1.12137597e+05 -1.12969859e-01 -6.62635751e+00 
 1.13429592e+05 -1.14313620e-01 -6.70200970e+00 
 1.14736472e+05 -1.15688094e-01 -6.77850954e+00 
 1.16058410e+05 -1.17093972e-01 -6.85586597e+00 
 1.17395579e+05 -1.18531961e-01 -6.93408802e+00 
 1.18748154e+05 -1.20002785e-01 -7.01318477e+00 
 1.20116312e+05 -1.21507180e-01 -7.09316540e+00 
 1.21500234e+05 -1.23045902e-01 -7.17403915e+00 
 1.22900101e+05 -1.24619721e-01 -7.25581533e+00 
 1.24316096e+05 -1.26229424e-01 -7.33850335e+00 
 1.25748406e+05 -1.27875816e-01 -7.42211267e+00 
 1.27197218e+05 -1.29559719e-01 -7.50665282e+00 
 1.28662722e+05 -1.31281972e-01 -7.59213344e+00 
 1.30145112e+05 -1.33043432e-01 -7.67856420e+00 
 1.31644581e+05 -1.34844977e-01 -7.76595486e+00 
 1.33161325e+05 -1.36687501e-01 -7.85431527e+00 
 1.34695546e+05 -1.38571918e-01 -7.94365533e+00 
 1.36247442e+05 -1.40499162e-01 -8.03398502e+00 
 1.37817219e+05 -1.42470187e-01 -8.12531439e+00 
 1.39405082e+05 -1.44485966e-01 -8.21765356e+00 
 1.41011240e+05 -1.46547494e-01 -8.31101271e+00 
 1.42635903e+05 -1.48655788e-01 -8.40540212e+00 
 1.44279285e+05 -1.50811884e-01 -8.50083211e+00 
 1.45941600e+05 -1.53016842e-01 -8.59731308e+00 
 1.47623069e+05 -1.55271743e-01 -8.69485549e+00 
 1.49323910e+05 -1.57577692e-01 -8.79346986e+00 
 1.51044348e+05 -1.59935817e-01 -8.89316680e+00 
 1.52784607e+05 -1.62347269e-01 -8.99395696e+00 
 1.54544917e+05 -1.64813223e-01 -9.09585106e+00 
 1.56325509e+05 -1.67334879e-01 -9.19885988e+00 
 1.58126615e+05 -1.69913461e-01 -9.30299428e+00 
 1.59948473e+05 -1.72550221e-01 -9.40826514e+00 
 1.61791322e+05 -1.75246433e-01 -9.51468343e+00 
 1.63655403e+05 -1.78003401e-01 -9.62226017e+00 
 1.65540961e+05 -1.80822454e-01 -9.73100642e+00 
 1.67448244e+05 -1.83704947e-01 -9.84093331e+00 
 1.69377501e+05 -1.86652266e-01 -9.95205201e+00 
 1.71328986e+05 -1.89665822e-01 -1.00643737e+01 
 1.73302956e+05 -1.92747057e-01 -1.01779098e+01 
 1.75299668e+05 -1.95897441e-01 -1.02926715e+01 
 1.77319386e+05 -1.99118473e-01 -1.04086701e+01 
 1.79362374e+05 -2.02411685e-01 -1.05259172e+01 
 1.81428900e+05 -2.05778637e-01 -1.06444241e+01 
 1.83519236e+05 -2.09220921e-01 -1.07642023e+01 
 1.85633655e+05 -2.12740161e-01 -1.08852633e+01 
 1.87772436e+05 -2.16338013e-01 -1.10076187e+01 
 1.89935859e+05 -2.20016165e-01 -1.11312800e+01 
 1.92124208e+05 -2.23776340e-01 -1.12562588e+01 
 1.94337770e+05 -2.27620293e-01 -1.13825669e+01 
 1.96576835e+05 -2.31549815e-01 -1.15102157e+01 
 1.98841698e+05 -2.35566729e-01 -1.16392170e+01 
 2.01132655e+05 -2.39672897e-01 -1.17695824e+01 
 2.03450008e+05 -2.43870213e-01 -1.19013237e+01 
 2.05794060e+05 -2.48160612e-01 -1.20344524e+01 
 2.08165120e+05 -2.52546061e-01 -1.21689804e+01 
 2.10563497e+05 -2.57028567e-01 -1.23049193e+01 
 2.12989507e+05 -2.61610175e-01 -1.24422808e+01 
 2.15443469e+05 -2.66292968e-01 -1.25810766e+01 
 2.17925704e+05 -2.71079068e-01 -1.27213183e+01 
 2.20436538e+05 -2.75970637e-01 -1.28630176e+01 
 2.22976301e+05 -2.80969875e-01 -1.30061862e+01 
 2.25545326e+05 -2.86079025e-01 -1.31508356e+01 
 2.28143949e+05 -2.91300370e-01 -1.32969774e+01 
 2.30772513e+05 -2.96636234e-01 -1.34446232e+01 
 2.33431362e+05 -3.02088984e-01 -1.35937844e+01 
 2.36120845e+05 -3.07661029e-01 -1.37444725e+01 
 2.38841315e+05 -3.13354820e-01 -1.38966989e+01 
 2.41593128e+05 -3.19172854e-01 -1.40504749e+01 
 2.44376647e+05 -3.25117668e-01 -1.42058119e+01 
 2.47192236e+05 -3.31191847e-01 -1.43627210e+01 
 2.50040265e+05 -3.37398020e-01 -1.45212134e+01 
 2.52921107e+05 -3.43738858e-01 -1.46813000e+01 
 2.55835142e+05 -3.50217083e-01 -1.48429920e+01 
 2.58782750e+05 -3.56835459e-01 -1.50063001e+01 
 2.61764319e+05 -3.63596798e-01 -1.51712351e+01 
 2.64780240e+05 -3.70503957e-01 -1.53378077e+01 
 2.67830910e+05 -3.77559844e-01 -1.55060284e+01 
 2.70916727e+05 -3.84767411e-01 -1.56759077e+01 
 2.74038098e+05 -3.92129658e-01 -1.58474559e+01 
 2.77195432e+05 -3.99649636e-01 -1.60206830e+01 
 2.80389144e+05 -4.07330441e-01 -1.61955991e+01 
 2.83619651e+05 -4.15175220e-01 -1.63722141e+01 
 2.86887379e+05 -4.23187168e-01 -1.65505376e+01 
 2.90192756e+05 -4.31369530e-01 -1.67305792e+01 
 2.93536216e+05 -4.39725598e-01 -1.69123482e+01 
 2.96918198e+05 -4.48258716e-01 -1.70958537e+01 
 3.00339145e+05 -4.56972277e-01 -1.72811048e+01 
 3.03799507e+05 -4.65869723e-01 -1.74681101e+01 
 3.07299737e+05 -4.74954546e-01 -1.76568781e+01 
 3.10840296e+05 -4.84230289e-01 -1.78474173e+01 
 3.14421647e+05 -4.93700543e-01 -1.80397357e+01 
 3.18044260e+05 -5.03368950e-01 -1.82338410e+01 
 3.21708612e+05 -5.13239203e-01 -1.84297408e+01 
 3.25415182e+05 -5.23315041e-01 -1.86274425e+01 
 3.29164458e+05 -5.33600256e-01 -1.88269531e+01 
 3.32956931e+05 -5.44098688e-01 -1.90282793e+01 
 3.36793099e+05 -5.54814226e-01 -1.92314275e+01 
 3.40673466e+05 -5.65750808e-01 -1.94364040e+01 
 3.44598540e+05 -5.76912420e-01 -1.96432144e+01 
 3.48568837e+05 -5.88303098e-01 -1.98518643e+01 
 3.52584878e+05 -5.99926923e-01 -2.00623588e+01 
 3.56647189e+05 -6.11788026e-01 -2.02747027e+01 
 3.60756305e+05 -6.23890583e-01 -2.04889005e+01 
 3.64912764e+05 -6.36238816e-01 -2.07049561e+01 
 3.69117112e+05 -6.48836994e-01 -2.09228732e+01 
 3.73369900e+05 -6.61689430e-01 -2.11426552e+01 
 3.77671687e+05 -6.74800481e-01 -2.13643047e+01 
 3.82023036e+05 -6.88174548e-01 -2.15878244e+01 
 3.86424520e+05 -7.01816074e-01 -2.18132160e+01 
 3.90876716e+05 -7.15729543e-01 -2.20404812e+01 
 3.95380208e+05 -7.29919481e-01 -2.22696211e+01 
 3.99935587e+05 -7.44390452e-01 -2.25006363e+01 
 4.04543450e+05 -7.59147060e-01 -2.27335268e+01 
 4.09204403e+05 -7.74193945e-01 -2.29682924e+01 
 4.13919058e+05 -7.89535783e-01 -2.32049321e+01 
 4.18688032e+05 -8.05177285e-01 -2.34434446e+01 
 4.23511952e+05 -8.21123196e-01 -2.36838278e+01 
 4.28391452e+05 -8.37378291e-01 -2.39260794e+01 
 4.33327170e+05 -8.53947376e-01 -2.41701963e+01 
 4.38319755e+05 -8.70835286e-01 -2.44161749e+01 
 4.43369862e+05 -8.88046882e-01 -2.46640110e+01 
 4.48478155e+05 -9.05587053e-01 -2.49137000e+01 
 4.53645302e+05 -9.23460707e-01 -2.51652363e+01 
 4.58871983e+05 -9.41672775e-01 -2.54186141e+01 
 4.64158883e+05 -9.60228210e-01 -2.56738267e+01 
 4.69506697e+05 -9.79131979e-01 -2.59308670e+01 
 4.74916125e+05 -9.98389066e-01 -2.61897270e+01 
 4.80387878e+05 -1.01800447e+00 -2.64503982e+01 
 4.85922674e+05 -1.03798319e+00 -2.67128715e+01 
 4.91521239e+05 -1.05833025e+00 -2.69771370e+01 
 4.97184308e+05 -1.07905067e+00 -2.72431842e+01 
 5.02912624e+05 -1.10014947e+00 -2.75110018e+01 
 5.08706939e+05 -1.12163167e+00 -2.77805780e+01 
 5.14568013e+05 -1.14350232e+00 -2.80519001e+01 
 5.20496616e+05 -1.16576641e+00 -2.83249548e+01 
 5.26493525e+05 -1.18842896e+00 -2.85997280e+01 
 5.32559528e+05 -1.21149498e+00 -2.88762049e+01 
 5.38695420e+05 -1.23496946e+00 -2.91543702e+01 
 5.44902008e+05 -1.25885736e+00 -2.94342075e+01 
 5.51180104e+05 -1.28316364e+00 -2.97156998e+01 
 5.57530533e+05 -1.30789323e+00 -2.99988295e+01 
 5.63954130e+05 -1.33305103e+00 -3.02835781e+01 
 5.70451735e+05 -1.35864193e+00 -3.05699264e+01 
 5.77024203e+05 -1.38467076e+00 -3.08578544e+01 
 5.83672396e+05 -1.41114235e+00 -3.11473413e+01 
 5.90397186e+05 -1.43806145e+00 -3.14383658e+01 
 5.97199455e+05 -1.46543281e+00 -3.17309057e+01 
 6.04080098e+05 -1.49326110e+00 -3.20249379e+01 
 6.11040015e+05 -1.52155096e+00 -3.23204386e+01 
 6.18080121e+05 -1.55030698e+00 -3.26173836e+01 
 6.25201340e+05 -1.57953368e+00 -3.29157475e+01 
 6.32404607e+05 -1.60923554e+00 -3.32155044e+01 
 6.39690866e+05 -1.63941696e+00 -3.35166276e+01 
 6.47061073e+05 -1.67008228e+00 -3.38190896e+01 
 6.54516197e+05 -1.70123577e+00 -3.41228624e+01 
 6.62057214e+05 -1.73288164e+00 -3.44279171e+01 
 6.69685116e+05 -1.76502400e+00 -3.47342240e+01 
 6.77400903e+05 -1.79766690e+00 -3.50417530e+01 
 6.85205587e+05 -1.83081430e+00 -3.53504731e+01 
 6.93100193e+05 -1.86447006e+00 -3.56603526e+01 
 7.01085757e+05 -1.89863798e+00 -3.59713593e+01 
 7.09163327e+05 -1.93332173e+00 -3.62834601e+01 
 7.17333962e+05 -1.96852491e+00 -3.65966215e+01 
 7.25598736e+05 -2.00425101e+00 -3.69108092e+01 
 7.33958732e+05 -2.04050342e+00 -3.72259884e+01 
 7.42415048e+05 -2.07728543e+00 -3.75421237e+01 
 7.50968794e+05 -2.11460019e+00 -3.78591790e+01 
 7.59621092e+05 -2.15245078e+00 -3.81771179e+01 
 7.68373077e+05 -2.19084014e+00 -3.84959030e+01 
 7.77225899e+05 -2.22977109e+00 -3.88154969e+01 
 7.86180718e+05 -2.26924634e+00 -3.91358613e+01 
 7.95238711e+05 -2.30926847e+00 -3.94569576e+01 
 8.04401065e+05 -2.34983994e+00 -3.97787467e+01 
 8.13668983e+05 -2.39096306e+00 -4.01011891e+01 
 8.23043682e+05 -2.43264005e+00 -4.04242448e+01 
 8.32526392e+05 -2.47487296e+00 -4.07478734e+01 
 8.42118357e+05 -2.51766372e+00 -4.10720342e+01 
 8.51820836e+05 -2.56101412e+00 -4.13966862e+01 
 8.61635102e+05 -2.60492581e+00 -4.17217880e+01 
 8.71562443e+05 -2.64940030e+00 -4.20472978e+01 
 8.81604162e+05 -2.69443897e+00 -4.23731736e+01 
 8.91761577e+05 -2.74004304e+00 -4.26993734e+01 
 9.02036021e+05 -2.78621358e+00 -4.30258546e+01 
 9.12428842e+05 -2.83295154e+00 -4.33525746e+01 
 9.22941404e+05 -2.88025771e+00 -4.36794907e+01 
 9.33575087e+05 -2.92813271e+00 -4.40065599e+01 
 9.44331286e+05 -2.97657704e+00 -4.43337392e+01 
 9.55211412e+05 -3.02559105e+00 -4.46609855e+01 
 9.66216894e+05 -3.07517493e+00 -4.49882556e+01 
 9.77349176e+05 -3.12532873e+00 -4.53155065e+01 
 9.88609719e+05 -3.17605232e+00 -4.56426947e+01 
 1.00000000e+06 -3.22734548e+00 -4.59697774e+01 
 1.01152151e+06 -3.27920777e+00 -4.62967112e+01 
 1.02317577e+06 -3.33163867e+00 -4.66234534e+01 
 1.03496431e+06 -3.38463745e+00 -4.69499609e+01 
 1.04688866e+06 -3.43820328e+00 -4.72761910e+01 
 1.05895041e+06 -3.49233516e+00 -4.76021012e+01 
 1.07115112e+06 -3.54703194e+00 -4.79276492e+01 
 1.08349240e+06 -3.60229235e+00 -4.82527927e+01 
 1.09597588e+06 -3.65811495e+00 -4.85774900e+01 
 1.10860318e+06 -3.71449818e+00 -4.89016993e+01 
 1.12137597e+06 -3.77144032e+00 -4.92253795e+01 
 1.13429592e+06 -3.82893952e+00 -4.95484894e+01 
 1.14736472e+06 -3.88699381e+00 -4.98709886e+01 
 1.16058410e+06 -3.94560107e+00 -5.01928368e+01 
 1.17395579e+06 -4.00475903e+00 -5.05139941e+01 
 1.18748154e+06 -4.06446533e+00 -5.08344211e+01 
 1.20116312e+06 -4.12471746e+00 -5.11540789e+01 
 1.21500234e+06 -4.18551277e+00 -5.14729290e+01 
 1.22900101e+06 -4.24684852e+00 -5.17909334e+01 
 1.24316096e+06 -4.30872184e+00 -5.21080546e+01 
 1.25748406e+06 -4.37112972e+00 -5.24242556e+01 
 1.27197218e+06 -4.43406905e+00 -5.27395000e+01 
 1.28662722e+06 -4.49753664e+00 -5.30537520e+01 
 1.30145112e+06 -4.56152913e+00 -5.33669763e+01 
 1.31644581e+06 -4.62604312e+00 -5.36791383e+01 
 1.33161325e+06 -4.69107505e+00 -5.39902039e+01 
 1.34695546e+06 -4.75662131e+00 -5.43001396e+01 
 1.36247442e+06 -4.82267815e+00 -5.46089128e+01 
 1.37817219e+06 -4.88924177e+00 -5.49164913e+01 
 1.39405082e+06 -4.95630825e+00 -5.52228437e+01 
 1.41011240e+06 -5.02387360e+00 -5.55279391e+01 
 1.42635903e+06 -5.09193374e+00 -5.58317476e+01 
 1.44279285e+06 -5.16048452e+00 -5.61342398e+01 
 1.45941600e+06 -5.22952171e+00 -5.64353869e+01 
 1.47623069e+06 -5.29904101e+00 -5.67351611e+01 
 1.49323910e+06 -5.36903805e+00 -5.70335352e+01 
 1.51044348e+06 -5.43950840e+00 -5.73304825e+01 
 1.52784607e+06 -5.51044755e+00 -5.76259774e+01 
 1.54544917e+06 -5.58185096e+00 -5.79199949e+01 
 1.56325509e+06 -5.65371402e+00 -5.82125107e+01 
 1.58126615e+06 -5.72603208e+00 -5.85035012e+01 
 1.59948473e+06 -5.79880043e+00 -5.87929437e+01 
 1.61791322e+06 -5.87201432e+00 -5.90808161e+01 
 1.63655403e+06 -5.94566897e+00 -5.93670972e+01 
 1.65540961e+06 -6.01975954e+00 -5.96517663e+01 
 1.67448244e+06 -6.09428119e+00 -5.99348039e+01 
 1.69377501e+06 -6.16922901e+00 -6.02161907e+01 
 1.71328986e+06 -6.24459809e+00 -6.04959085e+01 
 1.73302956e+06 -6.32038350e+00 -6.07739398e+01 
 1.75299668e+06 -6.39658027e+00 -6.10502677e+01 
 1.77319386e+06 -6.47318341e+00 -6.13248762e+01 
 1.79362374e+06 -6.55018795e+00 -6.15977499e+01 
 1.81428900e+06 -6.62758886e+00 -6.18688742e+01 
 1.83519236e+06 -6.70538113e+00 -6.21382352e+01 
 1.85633655e+06 -6.78355975e+00 -6.24058196e+01 
 1.87772436e+06 -6.86211968e+00 -6.26716150e+01 
 1.89935859e+06 -6.94105590e+00 -6.29356096e+01 
 1.92124208e+06 -7.02036339e+00 -6.31977923e+01 
 1.94337770e+06 -7.10003713e+00 -6.34581526e+01 
 1.96576835e+06 -7.18007210e+00 -6.37166808e+01 
 1.98841698e+06 -7.26046330e+00 -6.39733679e+01 
 2.01132655e+06 -7.34120573e+00 -6.42282053e+01 
 2.03450008e+06 -7.42229443e+00 -6.44811853e+01 
 2.05794060e+06 -7.50372443e+00 -6.47323007e+01 
 2.08165120e+06 -7.58549078e+00 -6.49815450e+01 
 2.10563497e+06 -7.66758857e+00 -6.52289123e+01 
 2.12989507e+06 -7.75001288e+00 -6.54743973e+01 
 2.15443469e+06 -7.83275885e+00 -6.57179952e+01 
 2.17925704e+06 -7.91582162e+00 -6.59597018e+01 
 2.20436538e+06 -7.99919637e+00 -6.61995137e+01 
 2.22976301e+06 -8.08287830e+00 -6.64374278e+01 
 2.25545326e+06 -8.16686266e+00 -6.66734416e+01 
 2.28143949e+06 -8.25114470e+00 -6.69075532e+01 
 2.30772513e+06 -8.33571974e+00 -6.71397612e+01 
 2.33431362e+06 -8.42058310e+00 -6.73700646e+01 
 2.36120845e+06 -8.50573017e+00 -6.75984632e+01 
 2.38841315e+06 -8.59115636e+00 -6.78249568e+01 
 2.41593128e+06 -8.67685712e+00 -6.80495462e+01 
 2.44376647e+06 -8.76282793e+00 -6.82722324e+01 
 2.47192236e+06 -8.84906433e+00 -6.84930167e+01 
 2.50040265e+06 -8.93556190e+00 -6.87119012e+01 
 2.52921107e+06 -9.02231624e+00 -6.89288881e+01 
 2.55835142e+06 -9.10932303e+00 -6.91439803e+01 
 2.58782750e+06 -9.19657796e+00 -6.93571808e+01 
 2.61764319e+06 -9.28407678e+00 -6.95684932e+01 
 2.64780240e+06 -9.37181530e+00 -6.97779214e+01 
 2.67830910e+06 -9.45978935e+00 -6.99854698e+01 
 2.70916727e+06 -9.54799482e+00 -7.01911429e+01 
 2.74038098e+06 -9.63642764e+00 -7.03949458e+01 
 2.77195432e+06 -9.72508381e+00 -7.05968838e+01 
 2.80389144e+06 -9.81395936e+00 -7.07969625e+01 
 2.83619651e+06 -9.90305036e+00 -7.09951879e+01 
 2.86887379e+06 -9.99235294e+00 -7.11915662e+01 
 2.90192756e+06 -1.00818633e+01 -7.13861041e+01 
 2.93536216e+06 -1.01715776e+01 -7.15788082e+01 
 2.96918198e+06 -1.02614923e+01 -7.17696858e+01 
 3.00339145e+06 -1.03516035e+01 -7.19587441e+01 
 3.03799507e+06 -1.04419077e+01 -7.21459908e+01 
 3.07299737e+06 -1.05324013e+01 -7.23314337e+01 
 3.10840296e+06 -1.06230808e+01 -7.25150808e+01 
 3.14421647e+06 -1.07139427e+01 -7.26969404e+01 
 3.18044260e+06 -1.08049836e+01 -7.28770210e+01 
 3.21708612e+06 -1.08962001e+01 -7.30553312e+01 
 3.25415182e+06 -1.09875889e+01 -7.32318801e+01 
 3.29164458e+06 -1.10791467e+01 -7.34066765e+01 
 3.32956931e+06 -1.11708703e+01 -7.35797297e+01 
 3.36793099e+06 -1.12627565e+01 -7.37510492e+01 
 3.40673466e+06 -1.13548022e+01 -7.39206443e+01 
 3.44598540e+06 -1.14470043e+01 -7.40885249e+01 
 3.48568837e+06 -1.15393598e+01 -7.42547008e+01 
 3.52584878e+06 -1.16318657e+01 -7.44191818e+01 
 3.56647189e+06 -1.17245190e+01 -7.45819781e+01 
 3.60756305e+06 -1.18173170e+01 -7.47430999e+01 
 3.64912764e+06 -1.19102566e+01 -7.49025574e+01 
 3.69117112e+06 -1.20033352e+01 -7.50603611e+01 
 3.73369900e+06 -1.20965500e+01 -7.52165213e+01 
 3.77671687e+06 -1.21898983e+01 -7.53710488e+01 
 3.82023036e+06 -1.22833774e+01 -7.55239542e+01 
 3.86424520e+06 -1.23769848e+01 -7.56752481e+01 
 3.90876716e+06 -1.24707178e+01 -7.58249414e+01 
 3.95380208e+06 -1.25645739e+01 -7.59730450e+01 
 3.99935587e+06 -1.26585507e+01 -7.61195697e+01 
 4.04543450e+06 -1.27526457e+01 -7.62645264e+01 
 4.09204403e+06 -1.28468565e+01 -7.64079263e+01 
 4.13919058e+06 -1.29411808e+01 -7.65497804e+01 
 4.18688032e+06 -1.30356163e+01 -7.66900996e+01 
 4.23511952e+06 -1.31301607e+01 -7.68288951e+01 
 4.28391452e+06 -1.32248117e+01 -7.69661781e+01 
 4.33327170e+06 -1.33195672e+01 -7.71019597e+01 
 4.38319755e+06 -1.34144251e+01 -7.72362510e+01 
 4.43369862e+06 -1.35093832e+01 -7.73690632e+01 
 4.48478155e+06 -1.36044394e+01 -7.75004074e+01 
 4.53645302e+06 -1.36995918e+01 -7.76302949e+01 
 4.58871983e+06 -1.37948383e+01 -7.77587367e+01 
 4.64158883e+06 -1.38901770e+01 -7.78857441e+01 
 4.69506697e+06 -1.39856060e+01 -7.80113282e+01 
 4.74916125e+06 -1.40811233e+01 -7.81355001e+01 
 4.80387878e+06 -1.41767271e+01 -7.82582709e+01 
 4.85922674e+06 -1.42724157e+01 -7.83796517e+01 
 4.91521239e+06 -1.43681872e+01 -7.84996536e+01 
 4.97184308e+06 -1.44640399e+01 -7.86182876e+01 
 5.02912624e+06 -1.45599721e+01 -7.87355647e+01 
 5.08706939e+06 -1.46559821e+01 -7.88514959e+01 
 5.14568013e+06 -1.47520683e+01 -7.89660920e+01 
 5.20496616e+06 -1.48482290e+01 -7.90793641e+01 
 5.26493525e+06 -1.49444626e+01 -7.91913229e+01 
 5.32559528e+06 -1.50407677e+01 -7.93019792e+01 
 5.38695420e+06 -1.51371426e+01 -7.94113438e+01 
 5.44902008e+06 -1.52335860e+01 -7.95194274e+01 
 5.51180104e+06 -1.53300963e+01 -7.96262406e+01 
 5.57530533e+06 -1.54266721e+01 -7.97317940e+01 
 5.63954130e+06 -1.55233120e+01 -7.98360983e+01 
 5.70451735e+06 -1.56200147e+01 -7.99391637e+01 
 5.77024203e+06 -1.57167787e+01 -8.00410008e+01 
 5.83672396e+06 -1.58136028e+01 -8.01416200e+01 
 5.90397186e+06 -1.59104856e+01 -8.02410315e+01 
 5.97199455e+06 -1.60074260e+01 -8.03392455e+01 
 6.04080098e+06 -1.61044225e+01 -8.04362723e+01 
 6.11040015e+06 -1.62014742e+01 -8.05321218e+01 
 6.18080121e+06 -1.62985796e+01 -8.06268042e+01 
 6.25201340e+06 -1.63957377e+01 -8.07203293e+01 
 6.32404607e+06 -1.64929474e+01 -8.08127072e+01 
 6.39690866e+06 -1.65902074e+01 -8.09039475e+01 
 6.47061073e+06 -1.66875168e+01 -8.09940600e+01 
 6.54516197e+06 -1.67848743e+01 -8.10830544e+01 
 6.62057214e+06 -1.68822791e+01 -8.11709402e+01 
 6.69685116e+06 -1.69797299e+01 -8.12577270e+01 
 6.77400903e+06 -1.70772259e+01 -8.13434241e+01 
 6.85205587e+06 -1.71747661e+01 -8.14280410e+01 
 6.93100193e+06 -1.72723494e+01 -8.15115869e+01 
 7.01085757e+06 -1.73699749e+01 -8.15940709e+01 
 7.09163327e+06 -1.74676417e+01 -8.16755022e+01 
 7.17333962e+06 -1.75653488e+01 -8.17558898e+01 
 7.25598736e+06 -1.76630955e+01 -8.18352426e+01 
 7.33958732e+06 -1.77608807e+01 -8.19135696e+01 
 7.42415048e+06 -1.78587037e+01 -8.19908794e+01 
 7.50968794e+06 -1.79565636e+01 -8.20671807e+01 
 7.59621092e+06 -1.80544596e+01 -8.21424822e+01 
 7.68373077e+06 -1.81523908e+01 -8.22167924e+01 
 7.77225899e+06 -1.82503566e+01 -8.22901197e+01 
 7.86180718e+06 -1.83483561e+01 -8.23624724e+01 
 7.95238711e+06 -1.84463886e+01 -8.24338588e+01 
 8.04401065e+06 -1.85444533e+01 -8.25042872e+01 
 8.13668983e+06 -1.86425495e+01 -8.25737655e+01 
 8.23043682e+06 -1.87406765e+01 -8.26423018e+01 
 8.32526392e+06 -1.88388337e+01 -8.27099039e+01 
 8.42118357e+06 -1.89370202e+01 -8.27765798e+01 
 8.51820836e+06 -1.90352356e+01 -8.28423372e+01 
 8.61635102e+06 -1.91334790e+01 -8.29071837e+01 
 8.71562443e+06 -1.92317500e+01 -8.29711268e+01 
 8.81604162e+06 -1.93300478e+01 -8.30341741e+01 
 8.91761577e+06 -1.94283718e+01 -8.30963330e+01 
 9.02036021e+06 -1.95267215e+01 -8.31576107e+01 
 9.12428842e+06 -1.96250963e+01 -8.32180145e+01 
 9.22941404e+06 -1.97234955e+01 -8.32775515e+01 
 9.33575087e+06 -1.98219187e+01 -8.33362287e+01 
 9.44331286e+06 -1.99203653e+01 -8.33940531e+01 
 9.55211412e+06 -2.00188347e+01 -8.34510316e+01 
 9.66216894e+06 -2.01173265e+01 -8.35071709e+01 
 9.77349176e+06 -2.02158400e+01 -8.35624778e+01 
 9.88609719e+06 -2.03143749e+01 -8.36169588e+01 
 1.00000000e+07 -2.04129306e+01 -8.36706205e+01 
 1.01152151e+07 -2.05115066e+01 -8.37234693e+01 
 1.02317577e+07 -2.06101024e+01 -8.37755115e+01 
 1.03496431e+07 -2.07087176e+01 -8.38267534e+01 
 1.04688866e+07 -2.08073518e+01 -8.38772012e+01 
 1.05895041e+07 -2.09060044e+01 -8.39268610e+01 
 1.07115112e+07 -2.10046751e+01 -8.39757388e+01 
 1.08349240e+07 -2.11033635e+01 -8.40238404e+01 
 1.09597588e+07 -2.12020690e+01 -8.40711718e+01 
 1.10860318e+07 -2.13007913e+01 -8.41177386e+01 
 1.12137597e+07 -2.13995301e+01 -8.41635466e+01 
 1.13429592e+07 -2.14982848e+01 -8.42086013e+01 
 1.14736472e+07 -2.15970552e+01 -8.42529082e+01 
 1.16058410e+07 -2.16958408e+01 -8.42964727e+01 
 1.17395579e+07 -2.17946413e+01 -8.43393002e+01 
 1.18748154e+07 -2.18934563e+01 -8.43813959e+01 
 1.20116312e+07 -2.19922855e+01 -8.44227649e+01 
 1.21500234e+07 -2.20911285e+01 -8.44634124e+01 
 1.22900101e+07 -2.21899849e+01 -8.45033432e+01 
 1.24316096e+07 -2.22888545e+01 -8.45425624e+01 
 1.25748406e+07 -2.23877370e+01 -8.45810748e+01 
 1.27197218e+07 -2.24866319e+01 -8.46188851e+01 
 1.28662722e+07 -2.25855390e+01 -8.46559980e+01 
 1.30145112e+07 -2.26844580e+01 -8.46924180e+01 
 1.31644581e+07 -2.27833885e+01 -8.47281497e+01 
 1.33161325e+07 -2.28823303e+01 -8.47631975e+01 
 1.34695546e+07 -2.29812832e+01 -8.47975657e+01 
 1.36247442e+07 -2.30802467e+01 -8.48312586e+01 
 1.37817219e+07 -2.31792206e+01 -8.48642804e+01 
 1.39405082e+07 -2.32782047e+01 -8.48966352e+01 
 1.41011240e+07 -2.33771987e+01 -8.49283270e+01 
 1.42635903e+07 -2.34762023e+01 -8.49593597e+01 
 1.44279285e+07 -2.35752152e+01 -8.49897372e+01 
 1.45941600e+07 -2.36742373e+01 -8.50194634e+01 
 1.47623069e+07 -2.37732682e+01 -8.50485418e+01 
 1.49323910e+07 -2.38723077e+01 -8.50769762e+01 
 1.51044348e+07 -2.39713556e+01 -8.51047700e+01 
 1.52784607e+07 -2.40704117e+01 -8.51319268e+01 
 1.54544917e+07 -2.41694756e+01 -8.51584500e+01 
 1.56325509e+07 -2.42685473e+01 -8.51843429e+01 
 1.58126615e+07 -2.43676263e+01 -8.52096087e+01 
 1.59948473e+07 -2.44667126e+01 -8.52342505e+01 
 1.61791322e+07 -2.45658060e+01 -8.52582716e+01 
 1.63655403e+07 -2.46649061e+01 -8.52816748e+01 
 1.65540961e+07 -2.47640128e+01 -8.53044632e+01 
 1.67448244e+07 -2.48631259e+01 -8.53266396e+01 
 1.69377501e+07 -2.49622452e+01 -8.53482067e+01 
 1.71328986e+07 -2.50613705e+01 -8.53691674e+01 
 1.73302956e+07 -2.51605016e+01 -8.53895241e+01 
 1.75299668e+07 -2.52596383e+01 -8.54092796e+01 
 1.77319386e+07 -2.53587803e+01 -8.54284363e+01 
 1.79362374e+07 -2.54579276e+01 -8.54469965e+01 
 1.81428900e+07 -2.55570800e+01 -8.54649627e+01 
 1.83519236e+07 -2.56562371e+01 -8.54823371e+01 
 1.85633655e+07 -2.57553990e+01 -8.54991218e+01 
 1.87772436e+07 -2.58545653e+01 -8.55153191e+01 
 1.89935859e+07 -2.59537360e+01 -8.55309309e+01 
 1.92124208e+07 -2.60529108e+01 -8.55459593e+01 
 1.94337770e+07 -2.61520896e+01 -8.55604061e+01 
 1.96576835e+07 -2.62512722e+01 -8.55742731e+01 
 1.98841698e+07 -2.63504584e+01 -8.55875621e+01 
 2.01132655e+07 -2.64496481e+01 -8.56002749e+01 
 2.03450008e+07 -2.65488411e+01 -8.56124129e+01 
 2.05794060e+07 -2.66480373e+01 -8.56239777e+01 
 2.08165120e+07 -2.67472364e+01 -8.56349708e+01 
 2.10563497e+07 -2.68464384e+01 -8.56453936e+01 
 2.12989507e+07 -2.69456431e+01 -8.56552475e+01 
 2.15443469e+07 -2.70448502e+01 -8.56645335e+01 
 2.17925704e+07 -2.71440598e+01 -8.56732530e+01 
 2.20436538e+07 -2.72432715e+01 -8.56814070e+01 
 2.22976301e+07 -2.73424853e+01 -8.56889966e+01 
 2.25545326e+07 -2.74417010e+01 -8.56960227e+01 
 2.28143949e+07 -2.75409185e+01 -8.57024863e+01 
 2.30772513e+07 -2.76401376e+01 -8.57083880e+01 
 2.33431362e+07 -2.77393581e+01 -8.57137288e+01 
 2.36120845e+07 -2.78385800e+01 -8.57185092e+01 
 2.38841315e+07 -2.79378030e+01 -8.57227299e+01 
 2.41593128e+07 -2.80370270e+01 -8.57263914e+01 
 2.44376647e+07 -2.81362519e+01 -8.57294941e+01 
 2.47192236e+07 -2.82354776e+01 -8.57320385e+01 
 2.50040265e+07 -2.83347038e+01 -8.57340249e+01 
 2.52921107e+07 -2.84339305e+01 -8.57354536e+01 
 2.55835142e+07 -2.85331575e+01 -8.57363246e+01 
 2.58782750e+07 -2.86323846e+01 -8.57366382e+01 
 2.61764319e+07 -2.87316117e+01 -8.57363944e+01 
 2.64780240e+07 -2.88308387e+01 -8.57355930e+01 
 2.67830910e+07 -2.89300654e+01 -8.57342342e+01 
 2.70916727e+07 -2.90292917e+01 -8.57323175e+01 
 2.74038098e+07 -2.91285175e+01 -8.57298430e+01 
 2.77195432e+07 -2.92277425e+01 -8.57268101e+01 
 2.80389144e+07 -2.93269666e+01 -8.57232185e+01 
 2.83619651e+07 -2.94261898e+01 -8.57190678e+01 
 2.86887379e+07 -2.95254118e+01 -8.57143574e+01 
 2.90192756e+07 -2.96246325e+01 -8.57090868e+01 
 2.93536216e+07 -2.97238518e+01 -8.57032553e+01 
 2.96918198e+07 -2.98230695e+01 -8.56968621e+01 
 3.00339145e+07 -2.99222854e+01 -8.56899064e+01 
 3.03799507e+07 -3.00214995e+01 -8.56823873e+01 
 3.07299737e+07 -3.01207115e+01 -8.56743040e+01 
 3.10840296e+07 -3.02199213e+01 -8.56656553e+01 
 3.14421647e+07 -3.03191288e+01 -8.56564401e+01 
 3.18044260e+07 -3.04183337e+01 -8.56466574e+01 
 3.21708612e+07 -3.05175361e+01 -8.56363059e+01 
 3.25415182e+07 -3.06167356e+01 -8.56253841e+01 
 3.29164458e+07 -3.07159321e+01 -8.56138909e+01 
 3.32956931e+07 -3.08151255e+01 -8.56018247e+01 
 3.36793099e+07 -3.09143157e+01 -8.55891839e+01 
 3.40673466e+07 -3.10135023e+01 -8.55759671e+01 
 3.44598540e+07 -3.11126854e+01 -8.55621724e+01 
 3.48568837e+07 -3.12118646e+01 -8.55477983e+01 
 3.52584878e+07 -3.13110400e+01 -8.55328428e+01 
 3.56647189e+07 -3.14102112e+01 -8.55173040e+01 
 3.60756305e+07 -3.15093781e+01 -8.55011801e+01 
 3.64912764e+07 -3.16085405e+01 -8.54844690e+01 
 3.69117112e+07 -3.17076983e+01 -8.54671685e+01 
 3.73369900e+07 -3.18068512e+01 -8.54492764e+01 
 3.77671687e+07 -3.19059991e+01 -8.54307906e+01 
 3.82023036e+07 -3.20051419e+01 -8.54117087e+01 
 3.86424520e+07 -3.21042792e+01 -8.53920283e+01 
 3.90876716e+07 -3.22034110e+01 -8.53717469e+01 
 3.95380208e+07 -3.23025370e+01 -8.53508619e+01 
 3.99935587e+07 -3.24016571e+01 -8.53293708e+01 
 4.04543450e+07 -3.25007710e+01 -8.53072708e+01 
 4.09204403e+07 -3.25998785e+01 -8.52845591e+01 
 4.13919058e+07 -3.26989795e+01 -8.52612329e+01 
 4.18688032e+07 -3.27980737e+01 -8.52372893e+01 
 4.23511952e+07 -3.28971609e+01 -8.52127253e+01 
 4.28391452e+07 -3.29962409e+01 -8.51875377e+01 
 4.33327170e+07 -3.30953134e+01 -8.51617235e+01 
 4.38319755e+07 -3.31943784e+01 -8.51352793e+01 
 4.43369862e+07 -3.32934354e+01 -8.51082020e+01 
 4.48478155e+07 -3.33924843e+01 -8.50804880e+01 
 4.53645302e+07 -3.34915249e+01 -8.50521339e+01 
 4.58871983e+07 -3.35905570e+01 -8.50231363e+01 
 4.64158883e+07 -3.36895801e+01 -8.49934913e+01 
 4.69506697e+07 -3.37885942e+01 -8.49631955e+01 
 4.74916125e+07 -3.38875990e+01 -8.49322450e+01 
 4.80387878e+07 -3.39865942e+01 -8.49006358e+01 
 4.85922674e+07 -3.40855796e+01 -8.48683642e+01 
 4.91521239e+07 -3.41845548e+01 -8.48354261e+01 
 4.97184308e+07 -3.42835196e+01 -8.48018173e+01 
 5.02912624e+07 -3.43824738e+01 -8.47675338e+01 
 5.08706939e+07 -3.44814170e+01 -8.47325713e+01 
 5.14568013e+07 -3.45803490e+01 -8.46969254e+01 
 5.20496616e+07 -3.46792695e+01 -8.46605917e+01 
 5.26493525e+07 -3.47781781e+01 -8.46235658e+01 
 5.32559528e+07 -3.48770745e+01 -8.45858430e+01 
 5.38695420e+07 -3.49759585e+01 -8.45474187e+01 
 5.44902008e+07 -3.50748298e+01 -8.45082881e+01 
 5.51180104e+07 -3.51736879e+01 -8.44684466e+01 
 5.57530533e+07 -3.52725326e+01 -8.44278890e+01 
 5.63954130e+07 -3.53713635e+01 -8.43866105e+01 
 5.70451735e+07 -3.54701803e+01 -8.43446060e+01 
 5.77024203e+07 -3.55689827e+01 -8.43018704e+01 
 5.83672396e+07 -3.56677702e+01 -8.42583983e+01 
 5.90397186e+07 -3.57665425e+01 -8.42141846e+01 
 5.97199455e+07 -3.58652992e+01 -8.41692237e+01 
 6.04080098e+07 -3.59640399e+01 -8.41235103e+01 
 6.11040015e+07 -3.60627644e+01 -8.40770387e+01 
 6.18080121e+07 -3.61614720e+01 -8.40298033e+01 
 6.25201340e+07 -3.62601625e+01 -8.39817983e+01 
 6.32404607e+07 -3.63588355e+01 -8.39330179e+01 
 6.39690866e+07 -3.64574904e+01 -8.38834563e+01 
 6.47061073e+07 -3.65561269e+01 -8.38331074e+01 
 6.54516197e+07 -3.66547445e+01 -8.37819651e+01 
 6.62057214e+07 -3.67533428e+01 -8.37300234e+01 
 6.69685116e+07 -3.68519213e+01 -8.36772758e+01 
 6.77400903e+07 -3.69504795e+01 -8.36237162e+01 
 6.85205587e+07 -3.70490170e+01 -8.35693380e+01 
 6.93100193e+07 -3.71475333e+01 -8.35141348e+01 
 7.01085757e+07 -3.72460278e+01 -8.34581000e+01 
 7.09163327e+07 -3.73445000e+01 -8.34012268e+01 
 7.17333962e+07 -3.74429495e+01 -8.33435086e+01 
 7.25598736e+07 -3.75413757e+01 -8.32849384e+01 
 7.33958732e+07 -3.76397780e+01 -8.32255094e+01 
 7.42415048e+07 -3.77381558e+01 -8.31652144e+01 
 7.50968794e+07 -3.78365087e+01 -8.31040464e+01 
 7.59621092e+07 -3.79348360e+01 -8.30419982e+01 
 7.68373077e+07 -3.80331371e+01 -8.29790624e+01 
 7.77225899e+07 -3.81314115e+01 -8.29152317e+01 
 7.86180718e+07 -3.82296584e+01 -8.28504986e+01 
 7.95238711e+07 -3.83278773e+01 -8.27848556e+01 
 8.04401065e+07 -3.84260675e+01 -8.27182951e+01 
 8.13668983e+07 -3.85242284e+01 -8.26508092e+01 
 8.23043682e+07 -3.86223592e+01 -8.25823902e+01 
 8.32526392e+07 -3.87204593e+01 -8.25130301e+01 
 8.42118357e+07 -3.88185280e+01 -8.24427211e+01 
 8.51820836e+07 -3.89165646e+01 -8.23714549e+01 
 8.61635102e+07 -3.90145682e+01 -8.22992235e+01 
 8.71562443e+07 -3.91125383e+01 -8.22260186e+01 
 8.81604162e+07 -3.92104739e+01 -8.21518318e+01 
 8.91761577e+07 -3.93083744e+01 -8.20766548e+01 
 9.02036021e+07 -3.94062388e+01 -8.20004789e+01 
 9.12428842e+07 -3.95040665e+01 -8.19232958e+01 
 9.22941404e+07 -3.96018565e+01 -8.18450965e+01 
 9.33575087e+07 -3.96996080e+01 -8.17658725e+01 
 9.44331286e+07 -3.97973202e+01 -8.16856148e+01 
 9.55211412e+07 -3.98949921e+01 -8.16043145e+01 
 9.66216894e+07 -3.99926228e+01 -8.15219627e+01 
 9.77349176e+07 -4.00902114e+01 -8.14385501e+01 
 9.88609719e+07 -4.01877570e+01 -8.13540677e+01 
 1.00000000e+08 -4.02852586e+01 -8.12685062e+01 
 1.01152151e+08 -4.03827152e+01 -8.11818562e+01 
 1.02317577e+08 -4.04801258e+01 -8.10941084e+01 
 1.03496431e+08 -4.05774893e+01 -8.10052532e+01 
 1.04688866e+08 -4.06748047e+01 -8.09152811e+01 
 1.05895041e+08 -4.07720710e+01 -8.08241824e+01 
 1.07115112e+08 -4.08692870e+01 -8.07319473e+01 
 1.08349240e+08 -4.09664517e+01 -8.06385662e+01 
 1.09597588e+08 -4.10635638e+01 -8.05440291e+01 
 1.10860318e+08 -4.11606222e+01 -8.04483261e+01 
 1.12137597e+08 -4.12576258e+01 -8.03514471e+01 
 1.13429592e+08 -4.13545732e+01 -8.02533822e+01 
 1.14736472e+08 -4.14514633e+01 -8.01541210e+01 
 1.16058410e+08 -4.15482948e+01 -8.00536535e+01 
 1.17395579e+08 -4.16450665e+01 -7.99519692e+01 
 1.18748154e+08 -4.17417769e+01 -7.98490580e+01 
 1.20116312e+08 -4.18384247e+01 -7.97449093e+01 
 1.21500234e+08 -4.19350086e+01 -7.96395126e+01 
 1.22900101e+08 -4.20315272e+01 -7.95328576e+01 
 1.24316096e+08 -4.21279790e+01 -7.94249334e+01 
 1.25748406e+08 -4.22243627e+01 -7.93157296e+01 
 1.27197218e+08 -4.23206766e+01 -7.92052355e+01 
 1.28662722e+08 -4.24169193e+01 -7.90934402e+01 
 1.30145112e+08 -4.25130892e+01 -7.89803330e+01 
 1.31644581e+08 -4.26091848e+01 -7.88659030e+01 
 1.33161325e+08 -4.27052044e+01 -7.87501394e+01 
 1.34695546e+08 -4.28011464e+01 -7.86330312e+01 
 1.36247442e+08 -4.28970092e+01 -7.85145675e+01 
 1.37817219e+08 -4.29927909e+01 -7.83947373e+01 
 1.39405082e+08 -4.30884900e+01 -7.82735295e+01 
 1.41011240e+08 -4.31841046e+01 -7.81509332e+01 
 1.42635903e+08 -4.32796328e+01 -7.80269371e+01 
 1.44279285e+08 -4.33750730e+01 -7.79015302e+01 
 1.45941600e+08 -4.34704231e+01 -7.77747014e+01 
 1.47623069e+08 -4.35656812e+01 -7.76464396e+01 
 1.49323910e+08 -4.36608455e+01 -7.75167335e+01 
 1.51044348e+08 -4.37559139e+01 -7.73855721e+01 
 1.52784607e+08 -4.38508844e+01 -7.72529441e+01 
 1.54544917e+08 -4.39457550e+01 -7.71188384e+01 
 1.56325509e+08 -4.40405234e+01 -7.69832438e+01 
 1.58126615e+08 -4.41351877e+01 -7.68461491e+01 
 1.59948473e+08 -4.42297455e+01 -7.67075433e+01 
 1.61791322e+08 -4.43241948e+01 -7.65674152e+01 
 1.63655403e+08 -4.44185331e+01 -7.64257538e+01 
 1.65540961e+08 -4.45127583e+01 -7.62825478e+01 
 1.67448244e+08 -4.46068679e+01 -7.61377863e+01 
 1.69377501e+08 -4.47008597e+01 -7.59914582e+01 
 1.71328986e+08 -4.47947311e+01 -7.58435527e+01 
 1.73302956e+08 -4.48884796e+01 -7.56940588e+01 
 1.75299668e+08 -4.49821028e+01 -7.55429656e+01 
 1.77319386e+08 -4.50755982e+01 -7.53902623e+01 
 1.79362374e+08 -4.51689630e+01 -7.52359382e+01 
 1.81428900e+08 -4.52621947e+01 -7.50799827e+01 
 1.83519236e+08 -4.53552905e+01 -7.49223851e+01 
 1.85633655e+08 -4.54482477e+01 -7.47631349e+01 
 1.87772436e+08 -4.55410635e+01 -7.46022218e+01 
 1.89935859e+08 -4.56337352e+01 -7.44396355e+01 
 1.92124208e+08 -4.57262597e+01 -7.42753656e+01 
 1.94337770e+08 -4.58186342e+01 -7.41094022e+01 
 1.96576835e+08 -4.59108557e+01 -7.39417353e+01 
 1.98841698e+08 -4.60029211e+01 -7.37723550e+01 
 2.01132655e+08 -4.60948275e+01 -7.36012516e+01 
 2.03450008e+08 -4.61865717e+01 -7.34284157e+01 
 2.05794060e+08 -4.62781504e+01 -7.32538377e+01 
 2.08165120e+08 -4.63695606e+01 -7.30775084e+01 
 2.10563497e+08 -4.64607988e+01 -7.28994189e+01 
 2.12989507e+08 -4.65518619e+01 -7.27195600e+01 
 2.15443469e+08 -4.66427464e+01 -7.25379233e+01 
 2.17925704e+08 -4.67334489e+01 -7.23545001e+01 
 2.20436538e+08 -4.68239660e+01 -7.21692822e+01 
 2.22976301e+08 -4.69142942e+01 -7.19822614e+01 
 2.25545326e+08 -4.70044297e+01 -7.17934300e+01 
 2.28143949e+08 -4.70943692e+01 -7.16027802e+01 
 2.30772513e+08 -4.71841088e+01 -7.14103047e+01 
 2.33431362e+08 -4.72736449e+01 -7.12159965e+01 
 2.36120845e+08 -4.73629738e+01 -7.10198485e+01 
 2.38841315e+08 -4.74520915e+01 -7.08218543e+01 
 2.41593128e+08 -4.75409942e+01 -7.06220076e+01 
 2.44376647e+08 -4.76296781e+01 -7.04203023e+01 
 2.47192236e+08 -4.77181391e+01 -7.02167327e+01 
 2.50040265e+08 -4.78063733e+01 -7.00112936e+01 
 2.52921107e+08 -4.78943766e+01 -6.98039799e+01 
 2.55835142e+08 -4.79821448e+01 -6.95947868e+01 
 2.58782750e+08 -4.80696739e+01 -6.93837101e+01 
 2.61764319e+08 -4.81569596e+01 -6.91707457e+01 
 2.64780240e+08 -4.82439977e+01 -6.89558901e+01 
 2.67830910e+08 -4.83307839e+01 -6.87391401e+01 
 2.70916727e+08 -4.84173139e+01 -6.85204929e+01 
 2.74038098e+08 -4.85035832e+01 -6.82999460e+01 
 2.77195432e+08 -4.85895876e+01 -6.80774976e+01 
 2.80389144e+08 -4.86753224e+01 -6.78531460e+01 
 2.83619651e+08 -4.87607832e+01 -6.76268903e+01 
 2.86887379e+08 -4.88459655e+01 -6.73987297e+01 
 2.90192756e+08 -4.89308647e+01 -6.71686642e+01 
 2.93536216e+08 -4.90154761e+01 -6.69366941e+01 
 2.96918198e+08 -4.90997951e+01 -6.67028202e+01 
 3.00339145e+08 -4.91838170e+01 -6.64670439e+01 
 3.03799507e+08 -4.92675371e+01 -6.62293670e+01 
 3.07299737e+08 -4.93509505e+01 -6.59897920e+01 
 3.10840296e+08 -4.94340527e+01 -6.57483218e+01 
 3.14421647e+08 -4.95168386e+01 -6.55049599e+01 
 3.18044260e+08 -4.95993034e+01 -6.52597103e+01 
 3.21708612e+08 -4.96814424e+01 -6.50125778e+01 
 3.25415182e+08 -4.97632505e+01 -6.47635675e+01 
 3.29164458e+08 -4.98447229e+01 -6.45126854e+01 
 3.32956931e+08 -4.99258546e+01 -6.42599378e+01 
 3.36793099e+08 -5.00066407e+01 -6.40053318e+01 
 3.40673466e+08 -5.00870762e+01 -6.37488752e+01 
 3.44598540e+08 -5.01671560e+01 -6.34905764e+01 
 3.48568837e+08 -5.02468753e+01 -6.32304442e+01 
 3.52584878e+08 -5.03262289e+01 -6.29684884e+01 
 3.56647189e+08 -5.04052119e+01 -6.27047193e+01 
 3.60756305e+08 -5.04838192e+01 -6.24391480e+01 
 3.64912764e+08 -5.05620459e+01 -6.21717861e+01 
 3.69117112e+08 -5.06398868e+01 -6.19026461e+01 
 3.73369900e+08 -5.07173370e+01 -6.16317411e+01 
 3.77671687e+08 -5.07943915e+01 -6.13590848e+01 
 3.82023036e+08 -5.08710452e+01 -6.10846919e+01 
 3.86424520e+08 -5.09472931e+01 -6.08085776e+01 
 3.90876716e+08 -5.10231303e+01 -6.05307578e+01 
 3.95380208e+08 -5.10985518e+01 -6.02512493e+01 
 3.99935587e+08 -5.11735526e+01 -5.99700696e+01 
 4.04543450e+08 -5.12481279e+01 -5.96872368e+01 
 4.09204403e+08 -5.13222727e+01 -5.94027700e+01 
 4.13919058e+08 -5.13959822e+01 -5.91166887e+01 
 4.18688032e+08 -5.14692516e+01 -5.88290134e+01 
 4.23511952e+08 -5.15420760e+01 -5.85397654e+01 
 4.28391452e+08 -5.16144507e+01 -5.82489665e+01 
 4.33327170e+08 -5.16863709e+01 -5.79566395e+01 
 4.38319755e+08 -5.17578322e+01 -5.76628077e+01 
 4.43369862e+08 -5.18288297e+01 -5.73674954e+01 
 4.48478155e+08 -5.18993590e+01 -5.70707275e+01 
 4.53645302e+08 -5.19694155e+01 -5.67725296e+01 
 4.58871983e+08 -5.20389949e+01 -5.64729282e+01 
 4.64158883e+08 -5.21080927e+01 -5.61719504e+01 
 4.69506697e+08 -5.21767046e+01 -5.58696240e+01 
 4.74916125e+08 -5.22448264e+01 -5.55659776e+01 
 4.80387878e+08 -5.23124539e+01 -5.52610405e+01 
 4.85922674e+08 -5.23795830e+01 -5.49548428e+01 
 4.91521239e+08 -5.24462098e+01 -5.46474149e+01 
 4.97184308e+08 -5.25123303e+01 -5.43387884e+01 
 5.02912624e+08 -5.25779407e+01 -5.40289952e+01 
 5.08706939e+08 -5.26430372e+01 -5.37180681e+01 
 5.14568013e+08 -5.27076162e+01 -5.34060404e+01 
 5.20496616e+08 -5.27716742e+01 -5.30929459e+01 
 5.26493525e+08 -5.28352076e+01 -5.27788194e+01 
 5.32559528e+08 -5.28982133e+01 -5.24636961e+01 
 5.38695420e+08 -5.29606878e+01 -5.21476116e+01 
 5.44902008e+08 -5.30226282e+01 -5.18306023e+01 
 5.51180104e+08 -5.30840314e+01 -5.15127051e+01 
 5.57530533e+08 -5.31448945e+01 -5.11939575e+01 
 5.63954130e+08 -5.32052148e+01 -5.08743974e+01 
 5.70451735e+08 -5.32649895e+01 -5.05540632e+01 
 5.77024203e+08 -5.33242162e+01 -5.02329938e+01 
 5.83672396e+08 -5.33828925e+01 -4.99112286e+01 
 5.90397186e+08 -5.34410161e+01 -4.95888073e+01 
 5.97199455e+08 -5.34985849e+01 -4.92657701e+01 
 6.04080098e+08 -5.35555968e+01 -4.89421577e+01 
 6.11040015e+08 -5.36120501e+01 -4.86180109e+01 
 6.18080121e+08 -5.36679429e+01 -4.82933710e+01 
 6.25201340e+08 -5.37232737e+01 -4.79682796e+01 
 6.32404607e+08 -5.37780411e+01 -4.76427785e+01 
 6.39690866e+08 -5.38322437e+01 -4.73169098e+01 
 6.47061073e+08 -5.38858804e+01 -4.69907158e+01 
 6.54516197e+08 -5.39389501e+01 -4.66642391e+01 
 6.62057214e+08 -5.39914521e+01 -4.63375225e+01 
 6.69685116e+08 -5.40433855e+01 -4.60106087e+01 
 6.77400903e+08 -5.40947499e+01 -4.56835408e+01 
 6.85205587e+08 -5.41455447e+01 -4.53563617e+01 
 6.93100193e+08 -5.41957698e+01 -4.50291148e+01 
 7.01085757e+08 -5.42454249e+01 -4.47018431e+01 
 7.09163327e+08 -5.42945102e+01 -4.43745898e+01 
 7.17333962e+08 -5.43430257e+01 -4.40473981e+01 
 7.25598736e+08 -5.43909719e+01 -4.37203111e+01 
 7.33958732e+08 -5.44383491e+01 -4.33933718e+01 
 7.42415048e+08 -5.44851581e+01 -4.30666232e+01 
 7.50968794e+08 -5.45313995e+01 -4.27401080e+01 
 7.59621092e+08 -5.45770743e+01 -4.24138690e+01 
 7.68373077e+08 -5.46221836e+01 -4.20879486e+01 
 7.77225899e+08 -5.46667285e+01 -4.17623889e+01 
 7.86180718e+08 -5.47107105e+01 -4.14372321e+01 
 7.95238711e+08 -5.47541309e+01 -4.11125198e+01 
 8.04401065e+08 -5.47969915e+01 -4.07882934e+01 
 8.13668983e+08 -5.48392940e+01 -4.04645942e+01 
 8.23043682e+08 -5.48810403e+01 -4.01414628e+01 
 8.32526392e+08 -5.49222325e+01 -3.98189396e+01 
 8.42118357e+08 -5.49628728e+01 -3.94970648e+01 
 8.51820836e+08 -5.50029634e+01 -3.91758778e+01 
 8.61635102e+08 -5.50425068e+01 -3.88554179e+01 
 8.71562443e+08 -5.50815056e+01 -3.85357237e+01 
 8.81604162e+08 -5.51199624e+01 -3.82168334e+01 
 8.91761577e+08 -5.51578801e+01 -3.78987848e+01 
 9.02036021e+08 -5.51952616e+01 -3.75816150e+01 
 9.12428842e+08 -5.52321100e+01 -3.72653608e+01 
 9.22941404e+08 -5.52684283e+01 -3.69500581e+01 
 9.33575087e+08 -5.53042199e+01 -3.66357425e+01 
 9.44331286e+08 -5.53394882e+01 -3.63224490e+01 
 9.55211412e+08 -5.53742365e+01 -3.60102117e+01 
 9.66216894e+08 -5.54084686e+01 -3.56990645e+01 
 9.77349176e+08 -5.54421881e+01 -3.53890403e+01 
 9.88609719e+08 -5.54753987e+01 -3.50801716e+01 
 1.00000000e+09 -5.55081043e+01 -3.47724900e+01 
