 frequency       Hph1magdB       Hph2magdB      
 1.00000000e+03  8.54843223e-04  8.54843223e-04 
 1.02329299e+03  8.97771412e-04  8.97771412e-04 
 1.04712855e+03  9.42582535e-04  9.42582535e-04 
 1.07151931e+03  9.89351802e-04  9.89351802e-04 
 1.09647820e+03  1.03815666e-03  1.03815666e-03 
 1.12201845e+03  1.08907677e-03  1.08907677e-03 
 1.14815362e+03  1.14219398e-03  1.14219398e-03 
 1.17489755e+03  1.19759228e-03  1.19759228e-03 
 1.20226443e+03  1.25535771e-03  1.25535771e-03 
 1.23026877e+03  1.31557832e-03  1.31557832e-03 
 1.25892541e+03  1.37834401e-03  1.37834401e-03 
 1.28824955e+03  1.44374646e-03  1.44374646e-03 
 1.31825674e+03  1.51187892e-03  1.51187892e-03 
 1.34896288e+03  1.58283602e-03  1.58283602e-03 
 1.38038426e+03  1.65671361e-03  1.65671361e-03 
 1.41253754e+03  1.73360843e-03  1.73360843e-03 
 1.44543977e+03  1.81361784e-03  1.81361784e-03 
 1.47910839e+03  1.89683944e-03  1.89683944e-03 
 1.51356125e+03  1.98337070e-03  1.98337070e-03 
 1.54881662e+03  2.07330848e-03  2.07330848e-03 
 1.58489319e+03  2.16674847e-03  2.16674847e-03 
 1.62181010e+03  2.26378465e-03  2.26378465e-03 
 1.65958691e+03  2.36450851e-03  2.36450851e-03 
 1.69824365e+03  2.46900836e-03  2.46900836e-03 
 1.73780083e+03  2.57736840e-03  2.57736840e-03 
 1.77827941e+03  2.68966774e-03  2.68966774e-03 
 1.81970086e+03  2.80597931e-03  2.80597931e-03 
 1.86208714e+03  2.92636855e-03  2.92636855e-03 
 1.90546072e+03  3.05089207e-03  3.05089207e-03 
 1.94984460e+03  3.17959603e-03  3.17959603e-03 
 1.99526231e+03  3.31251443e-03  3.31251443e-03 
 2.04173794e+03  3.44966709e-03  3.44966709e-03 
 2.08929613e+03  3.59105752e-03  3.59105752e-03 
 2.13796209e+03  3.73667043e-03  3.73667043e-03 
 2.18776162e+03  3.88646905e-03  3.88646905e-03 
 2.23872114e+03  4.04039208e-03  4.04039208e-03 
 2.29086765e+03  4.19835038e-03  4.19835038e-03 
 2.34422882e+03  4.36022317e-03  4.36022317e-03 
 2.39883292e+03  4.52585396e-03  4.52585396e-03 
 2.45470892e+03  4.69504593e-03  4.69504593e-03 
 2.51188643e+03  4.86755684e-03  4.86755684e-03 
 2.57039578e+03  5.04309343e-03  5.04309343e-03 
 2.63026799e+03  5.22130515e-03  5.22130515e-03 
 2.69153480e+03  5.40177726e-03  5.40177726e-03 
 2.75422870e+03  5.58402324e-03  5.58402324e-03 
 2.81838293e+03  5.76747634e-03  5.76747634e-03 
 2.88403150e+03  5.95148023e-03  5.95148023e-03 
 2.95120923e+03  6.13527877e-03  6.13527877e-03 
 3.01995172e+03  6.31800461e-03  6.31800461e-03 
 3.09029543e+03  6.49866666e-03  6.49866666e-03 
 3.16227766e+03  6.67613629e-03  6.67613629e-03 
 3.23593657e+03  6.84913204e-03  6.84913204e-03 
 3.31131121e+03  7.01620286e-03  7.01620286e-03 
 3.38844156e+03  7.17570956e-03  7.17570956e-03 
 3.46736850e+03  7.32580440e-03  7.32580440e-03 
 3.54813389e+03  7.46440866e-03  7.46440866e-03 
 3.63078055e+03  7.58918785e-03  7.58918785e-03 
 3.71535229e+03  7.69752454e-03  7.69752454e-03 
 3.80189396e+03  7.78648836e-03  7.78648836e-03 
 3.89045145e+03  7.85280309e-03  7.85280309e-03 
 3.98107171e+03  7.89281044e-03  7.89281044e-03 
 4.07380278e+03  7.90243018e-03  7.90243018e-03 
 4.16869383e+03  7.87711646e-03  7.87711646e-03 
 4.26579519e+03  7.81180971e-03  7.81180971e-03 
 4.36515832e+03  7.70088388e-03  7.70088388e-03 
 4.46683592e+03  7.53808852e-03  7.53808852e-03 
 4.57088190e+03  7.31648519e-03  7.31648519e-03 
 4.67735141e+03  7.02837778e-03  7.02837778e-03 
 4.78630092e+03  6.66523605e-03  6.66523605e-03 
 4.89778819e+03  6.21761189e-03  6.21761189e-03 
 5.01187234e+03  5.67504754e-03  5.67504754e-03 
 5.12861384e+03  5.02597516e-03  5.02597516e-03 
 5.24807460e+03  4.25760693e-03  4.25760693e-03 
 5.37031796e+03  3.35581480e-03  3.35581480e-03 
 5.49540874e+03  2.30499921e-03  2.30499921e-03 
 5.62341325e+03  1.08794559e-03  1.08794559e-03 
 5.75439937e+03 -3.14332187e-04 -3.14332187e-04 
 5.88843655e+03 -1.92276243e-03 -1.92276243e-03 
 6.02559586e+03 -3.76040160e-03 -3.76040160e-03 
 6.16595002e+03 -5.85263666e-03 -5.85263666e-03 
 6.30957344e+03 -8.22740498e-03 -8.22740498e-03 
 6.45654229e+03 -1.09154332e-02 -1.09154332e-02 
 6.60693448e+03 -1.39504959e-02 -1.39504959e-02 
 6.76082975e+03 -1.73696965e-02 -1.73696965e-02 
 6.91830971e+03 -2.12137695e-02 -2.12137695e-02 
 7.07945784e+03 -2.55274078e-02 -2.55274078e-02 
 7.24435960e+03 -3.03596147e-02 -3.03596147e-02 
 7.41310241e+03 -3.57640813e-02 -3.57640813e-02 
 7.58577575e+03 -4.17995923e-02 -4.17995923e-02 
 7.76247117e+03 -4.85304581e-02 -4.85304581e-02 
 7.94328235e+03 -5.60269758e-02 -5.60269758e-02 
 8.12830516e+03 -6.43659181e-02 -6.43659181e-02 
 8.31763771e+03 -7.36310492e-02 -7.36310492e-02 
 8.51138038e+03 -8.39136685e-02 -8.39136685e-02 
 8.70963590e+03 -9.53131782e-02 -9.53131782e-02 
 8.91250938e+03 -1.07937673e-01 -1.07937673e-01 
 9.12010839e+03 -1.21904549e-01 -1.21904549e-01 
 9.33254301e+03 -1.37341126e-01 -1.37341126e-01 
 9.54992586e+03 -1.54385276e-01 -1.54385276e-01 
 9.77237221e+03 -1.73186054e-01 -1.73186054e-01 
 1.00000000e+04 -1.93904315e-01 -1.93904315e-01 
 1.02329299e+04 -2.16713310e-01 -2.16713310e-01 
 1.04712855e+04 -2.41799246e-01 -2.41799246e-01 
 1.07151931e+04 -2.69361793e-01 -2.69361793e-01 
 1.09647820e+04 -2.99614518e-01 -2.99614518e-01 
 1.12201845e+04 -3.32785225e-01 -3.32785225e-01 
 1.14815362e+04 -3.69116174e-01 -3.69116174e-01 
 1.17489755e+04 -4.08864160e-01 -4.08864160e-01 
 1.20226443e+04 -4.52300410e-01 -4.52300410e-01 
 1.23026877e+04 -4.99710279e-01 -4.99710279e-01 
 1.25892541e+04 -5.51392707e-01 -5.51392707e-01 
 1.28824955e+04 -6.07659407e-01 -6.07659407e-01 
 1.31825674e+04 -6.68833752e-01 -6.68833752e-01 
 1.34896288e+04 -7.35249334e-01 -7.35249334e-01 
 1.38038426e+04 -8.07248180e-01 -8.07248180e-01 
 1.41253754e+04 -8.85178595e-01 -8.85178595e-01 
 1.44543977e+04 -9.69392635e-01 -9.69392635e-01 
 1.47910839e+04 -1.06024321e+00 -1.06024321e+00 
 1.51356125e+04 -1.15808085e+00 -1.15808085e+00 
 1.54881662e+04 -1.26325011e+00 -1.26325011e+00 
 1.58489319e+04 -1.37608577e+00 -1.37608577e+00 
 1.62181010e+04 -1.49690878e+00 -1.49690878e+00 
 1.65958691e+04 -1.62602210e+00 -1.62602210e+00 
 1.69824365e+04 -1.76370649e+00 -1.76370649e+00 
 1.73780083e+04 -1.91021644e+00 -1.91021644e+00 
 1.77827941e+04 -2.06577623e+00 -2.06577623e+00 
 1.81970086e+04 -2.23057634e+00 -2.23057634e+00 
 1.86208714e+04 -2.40477027e+00 -2.40477027e+00 
 1.90546072e+04 -2.58847196e+00 -2.58847196e+00 
 1.94984460e+04 -2.78175376e+00 -2.78175376e+00 
 1.99526231e+04 -2.98464515e+00 -2.98464515e+00 
 2.04173794e+04 -3.19713225e+00 -3.19713225e+00 
 2.08929613e+04 -3.41915799e+00 -3.41915799e+00 
 2.13796209e+04 -3.65062318e+00 -3.65062318e+00 
 2.18776162e+04 -3.89138823e+00 -3.89138823e+00 
 2.23872114e+04 -4.14127551e+00 -4.14127551e+00 
 2.29086765e+04 -4.40007239e+00 -4.40007239e+00 
 2.34422882e+04 -4.66753461e+00 -4.66753461e+00 
 2.39883292e+04 -4.94339014e+00 -4.94339014e+00 
 2.45470892e+04 -5.22734323e+00 -5.22734323e+00 
 2.51188643e+04 -5.51907853e+00 -5.51907853e+00 
 2.57039578e+04 -5.81826536e+00 -5.81826536e+00 
 2.63026799e+04 -6.12456170e+00 -6.12456170e+00 
 2.69153480e+04 -6.43761820e+00 -6.43761820e+00 
 2.75422870e+04 -6.75708180e+00 -6.75708180e+00 
 2.81838293e+04 -7.08259911e+00 -7.08259911e+00 
 2.88403150e+04 -7.41381944e+00 -7.41381944e+00 
 2.95120923e+04 -7.75039746e+00 -7.75039746e+00 
 3.01995172e+04 -8.09199550e+00 -8.09199550e+00 
 3.09029543e+04 -8.43828547e+00 -8.43828547e+00 
 3.16227766e+04 -8.78895039e+00 -8.78895039e+00 
 3.23593657e+04 -9.14368568e+00 -9.14368568e+00 
 3.31131121e+04 -9.50220004e+00 -9.50220004e+00 
 3.38844156e+04 -9.86421610e+00 -9.86421610e+00 
 3.46736850e+04 -1.02294708e+01 -1.02294708e+01 
 3.54813389e+04 -1.05977155e+01 -1.05977155e+01 
 3.63078055e+04 -1.09687162e+01 -1.09687162e+01 
 3.71535229e+04 -1.13422530e+01 -1.13422530e+01 
 3.80189396e+04 -1.17181202e+01 -1.17181202e+01 
 3.89045145e+04 -1.20961254e+01 -1.20961254e+01 
 3.98107171e+04 -1.24760897e+01 -1.24760897e+01 
 4.07380278e+04 -1.28578464e+01 -1.28578464e+01 
 4.16869383e+04 -1.32412409e+01 -1.32412409e+01 
 4.26579519e+04 -1.36261302e+01 -1.36261302e+01 
 4.36515832e+04 -1.40123816e+01 -1.40123816e+01 
 4.46683592e+04 -1.43998728e+01 -1.43998728e+01 
 4.57088190e+04 -1.47884910e+01 -1.47884910e+01 
 4.67735141e+04 -1.51781321e+01 -1.51781321e+01 
 4.78630092e+04 -1.55687002e+01 -1.55687002e+01 
 4.89778819e+04 -1.59601074e+01 -1.59601074e+01 
 5.01187234e+04 -1.63522725e+01 -1.63522725e+01 
 5.12861384e+04 -1.67451212e+01 -1.67451212e+01 
 5.24807460e+04 -1.71385851e+01 -1.71385851e+01 
 5.37031796e+04 -1.75326016e+01 -1.75326016e+01 
 5.49540874e+04 -1.79271131e+01 -1.79271131e+01 
 5.62341325e+04 -1.83220668e+01 -1.83220668e+01 
 5.75439937e+04 -1.87174143e+01 -1.87174143e+01 
 5.88843655e+04 -1.91131111e+01 -1.91131111e+01 
 6.02559586e+04 -1.95091163e+01 -1.95091163e+01 
 6.16595002e+04 -1.99053926e+01 -1.99053926e+01 
 6.30957344e+04 -2.03019053e+01 -2.03019053e+01 
 6.45654229e+04 -2.06986229e+01 -2.06986229e+01 
 6.60693448e+04 -2.10955162e+01 -2.10955162e+01 
 6.76082975e+04 -2.14925582e+01 -2.14925582e+01 
 6.91830971e+04 -2.18897240e+01 -2.18897240e+01 
 7.07945784e+04 -2.22869908e+01 -2.22869908e+01 
 7.24435960e+04 -2.26843372e+01 -2.26843372e+01 
 7.41310241e+04 -2.30817434e+01 -2.30817434e+01 
 7.58577575e+04 -2.34791910e+01 -2.34791910e+01 
 7.76247117e+04 -2.38766627e+01 -2.38766627e+01 
 7.94328235e+04 -2.42741424e+01 -2.42741424e+01 
 8.12830516e+04 -2.46716149e+01 -2.46716149e+01 
 8.31763771e+04 -2.50690659e+01 -2.50690659e+01 
 8.51138038e+04 -2.54664817e+01 -2.54664817e+01 
 8.70963590e+04 -2.58638493e+01 -2.58638493e+01 
 8.91250938e+04 -2.62611563e+01 -2.62611563e+01 
 9.12010839e+04 -2.66583908e+01 -2.66583908e+01 
 9.33254301e+04 -2.70555412e+01 -2.70555412e+01 
 9.54992586e+04 -2.74525963e+01 -2.74525963e+01 
 9.77237221e+04 -2.78495450e+01 -2.78495450e+01 
 1.00000000e+05 -2.82463766e+01 -2.82463766e+01 
 1.02329299e+05 -2.86430803e+01 -2.86430803e+01 
 1.04712855e+05 -2.90396455e+01 -2.90396455e+01 
 1.07151931e+05 -2.94360617e+01 -2.94360617e+01 
 1.09647820e+05 -2.98323182e+01 -2.98323182e+01 
 1.12201845e+05 -3.02284043e+01 -3.02284043e+01 
 1.14815362e+05 -3.06243092e+01 -3.06243092e+01 
 1.17489755e+05 -3.10200219e+01 -3.10200219e+01 
 1.20226443e+05 -3.14155310e+01 -3.14155310e+01 
 1.23026877e+05 -3.18108253e+01 -3.18108253e+01 
 1.25892541e+05 -3.22058929e+01 -3.22058929e+01 
 1.28824955e+05 -3.26007216e+01 -3.26007216e+01 
 1.31825674e+05 -3.29952991e+01 -3.29952991e+01 
 1.34896288e+05 -3.33896123e+01 -3.33896123e+01 
 1.38038426e+05 -3.37836480e+01 -3.37836480e+01 
 1.41253754e+05 -3.41773922e+01 -3.41773922e+01 
 1.44543977e+05 -3.45708307e+01 -3.45708307e+01 
 1.47910839e+05 -3.49639484e+01 -3.49639484e+01 
 1.51356125e+05 -3.53567297e+01 -3.53567297e+01 
 1.54881662e+05 -3.57491585e+01 -3.57491585e+01 
 1.58489319e+05 -3.61412177e+01 -3.61412177e+01 
 1.62181010e+05 -3.65328897e+01 -3.65328897e+01 
 1.65958691e+05 -3.69241561e+01 -3.69241561e+01 
 1.69824365e+05 -3.73149975e+01 -3.73149975e+01 
 1.73780083e+05 -3.77053938e+01 -3.77053938e+01 
 1.77827941e+05 -3.80953239e+01 -3.80953239e+01 
 1.81970086e+05 -3.84847656e+01 -3.84847656e+01 
 1.86208714e+05 -3.88736959e+01 -3.88736959e+01 
 1.90546072e+05 -3.92620905e+01 -3.92620905e+01 
 1.94984460e+05 -3.96499241e+01 -3.96499241e+01 
 1.99526231e+05 -4.00371701e+01 -4.00371701e+01 
 2.04173794e+05 -4.04238007e+01 -4.04238007e+01 
 2.08929613e+05 -4.08097867e+01 -4.08097867e+01 
 2.13796209e+05 -4.11950976e+01 -4.11950976e+01 
 2.18776162e+05 -4.15797012e+01 -4.15797012e+01 
 2.23872114e+05 -4.19635641e+01 -4.19635641e+01 
 2.29086765e+05 -4.23466508e+01 -4.23466508e+01 
 2.34422882e+05 -4.27289246e+01 -4.27289246e+01 
 2.39883292e+05 -4.31103465e+01 -4.31103465e+01 
 2.45470892e+05 -4.34908761e+01 -4.34908761e+01 
 2.51188643e+05 -4.38704705e+01 -4.38704705e+01 
 2.57039578e+05 -4.42490852e+01 -4.42490852e+01 
 2.63026799e+05 -4.46266731e+01 -4.46266731e+01 
 2.69153480e+05 -4.50031849e+01 -4.50031849e+01 
 2.75422870e+05 -4.53785691e+01 -4.53785691e+01 
 2.81838293e+05 -4.57527712e+01 -4.57527712e+01 
 2.88403150e+05 -4.61257343e+01 -4.61257343e+01 
 2.95120923e+05 -4.64973987e+01 -4.64973987e+01 
 3.01995172e+05 -4.68677015e+01 -4.68677015e+01 
 3.09029543e+05 -4.72365768e+01 -4.72365768e+01 
 3.16227766e+05 -4.76039554e+01 -4.76039554e+01 
 3.23593657e+05 -4.79697645e+01 -4.79697645e+01 
 3.31131121e+05 -4.83339277e+01 -4.83339277e+01 
 3.38844156e+05 -4.86963647e+01 -4.86963647e+01 
 3.46736850e+05 -4.90569911e+01 -4.90569911e+01 
 3.54813389e+05 -4.94157183e+01 -4.94157183e+01 
 3.63078055e+05 -4.97724531e+01 -4.97724531e+01 
 3.71535229e+05 -5.01270975e+01 -5.01270975e+01 
 3.80189396e+05 -5.04795483e+01 -5.04795483e+01 
 3.89045145e+05 -5.08296972e+01 -5.08296972e+01 
 3.98107171e+05 -5.11774301e+01 -5.11774301e+01 
 4.07380278e+05 -5.15226271e+01 -5.15226271e+01 
 4.16869383e+05 -5.18651617e+01 -5.18651617e+01 
 4.26579519e+05 -5.22049011e+01 -5.22049011e+01 
 4.36515832e+05 -5.25417050e+01 -5.25417050e+01 
 4.46683592e+05 -5.28754261e+01 -5.28754261e+01 
 4.57088190e+05 -5.32059088e+01 -5.32059088e+01 
 4.67735141e+05 -5.35329893e+01 -5.35329893e+01 
 4.78630092e+05 -5.38564947e+01 -5.38564947e+01 
 4.89778819e+05 -5.41762429e+01 -5.41762429e+01 
 5.01187234e+05 -5.44920415e+01 -5.44920415e+01 
 5.12861384e+05 -5.48036876e+01 -5.48036876e+01 
 5.24807460e+05 -5.51109668e+01 -5.51109668e+01 
 5.37031796e+05 -5.54136527e+01 -5.54136527e+01 
 5.49540874e+05 -5.57115058e+01 -5.57115058e+01 
 5.62341325e+05 -5.60042731e+01 -5.60042731e+01 
 5.75439937e+05 -5.62916868e+01 -5.62916868e+01 
 5.88843655e+05 -5.65734633e+01 -5.65734633e+01 
 6.02559586e+05 -5.68493024e+01 -5.68493024e+01 
 6.16595002e+05 -5.71188858e+01 -5.71188858e+01 
 6.30957344e+05 -5.73818759e+01 -5.73818759e+01 
 6.45654229e+05 -5.76379145e+01 -5.76379145e+01 
 6.60693448e+05 -5.78866210e+01 -5.78866210e+01 
 6.76082975e+05 -5.81275912e+01 -5.81275912e+01 
 6.91830971e+05 -5.83603946e+01 -5.83603946e+01 
 7.07945784e+05 -5.85845733e+01 -5.85845733e+01 
 7.24435960e+05 -5.87996391e+01 -5.87996391e+01 
 7.41310241e+05 -5.90050711e+01 -5.90050711e+01 
 7.58577575e+05 -5.92003131e+01 -5.92003131e+01 
 7.76247117e+05 -5.93847705e+01 -5.93847705e+01 
 7.94328235e+05 -5.95578067e+01 -5.95578067e+01 
 8.12830516e+05 -5.97187395e+01 -5.97187395e+01 
 8.31763771e+05 -5.98668365e+01 -5.98668365e+01 
 8.51138038e+05 -6.00013105e+01 -6.00013105e+01 
 8.70963590e+05 -6.01213141e+01 -6.01213141e+01 
 8.91250938e+05 -6.02259333e+01 -6.02259333e+01 
 9.12010839e+05 -6.03141804e+01 -6.03141804e+01 
 9.33254301e+05 -6.03849867e+01 -6.03849867e+01 
 9.54992586e+05 -6.04371921e+01 -6.04371921e+01 
 9.77237221e+05 -6.04695359e+01 -6.04695359e+01 
 1.00000000e+06 -6.04806433e+01 -6.04806433e+01 
