 time            v(inp)          v(out)         
 0.00000000e+00  9.00000000e-01  8.99974895e-01 
 1.10000000e-11  9.00000000e-01  8.99974895e-01 
 2.20000000e-11  9.00000000e-01  8.99974895e-01 
 4.40000000e-11  9.00000000e-01  8.99974895e-01 
 8.80000000e-11  9.00000000e-01  8.99974895e-01 
 1.76000000e-10  9.00000000e-01  8.99974895e-01 
 3.52000000e-10  9.00000000e-01  8.99974895e-01 
 7.04000000e-10  9.00000000e-01  8.99974895e-01 
 1.40800000e-09  9.00000000e-01  8.99974895e-01 
 2.50800000e-09  9.00000000e-01  8.99974895e-01 
 3.60800000e-09  9.00000000e-01  8.99974895e-01 
 4.70800000e-09  9.00000000e-01  8.99974895e-01 
 5.80800000e-09  9.00000000e-01  8.99974895e-01 
 6.90800000e-09  9.00000000e-01  8.99974895e-01 
 8.00800000e-09  9.00000000e-01  8.99974895e-01 
 9.10800000e-09  9.00000000e-01  8.99974895e-01 
 1.02080000e-08  9.00000000e-01  8.99974895e-01 
 1.13080000e-08  9.00000000e-01  8.99974895e-01 
 1.24080000e-08  9.00000000e-01  8.99974895e-01 
 1.35080000e-08  9.00000000e-01  8.99974895e-01 
 1.46080000e-08  9.00000000e-01  8.99974895e-01 
 1.57080000e-08  9.00000000e-01  8.99974895e-01 
 1.68080000e-08  9.00000000e-01  8.99974895e-01 
 1.79080000e-08  9.00000000e-01  8.99974895e-01 
 1.90080000e-08  9.00000000e-01  8.99974895e-01 
 2.01080000e-08  9.00000000e-01  8.99974895e-01 
 2.12080000e-08  9.00000000e-01  8.99974895e-01 
 2.23080000e-08  9.00000000e-01  8.99974895e-01 
 2.34080000e-08  9.00000000e-01  8.99974895e-01 
 2.45080000e-08  9.00000000e-01  8.99974895e-01 
 2.56080000e-08  9.00000000e-01  8.99974895e-01 
 2.67080000e-08  9.00000000e-01  8.99974895e-01 
 2.78080000e-08  9.00000000e-01  8.99974895e-01 
 2.89080000e-08  9.00000000e-01  8.99974895e-01 
 3.00080000e-08  9.00000000e-01  8.99974895e-01 
 3.11080000e-08  9.00000000e-01  8.99974895e-01 
 3.22080000e-08  9.00000000e-01  8.99974895e-01 
 3.33080000e-08  9.00000000e-01  8.99974895e-01 
 3.44080000e-08  9.00000000e-01  8.99974895e-01 
 3.55080000e-08  9.00000000e-01  8.99974895e-01 
 3.66080000e-08  9.00000000e-01  8.99974895e-01 
 3.77080000e-08  9.00000000e-01  8.99974895e-01 
 3.88080000e-08  9.00000000e-01  8.99974895e-01 
 3.99080000e-08  9.00000000e-01  8.99974895e-01 
 4.10080000e-08  9.00000000e-01  8.99974895e-01 
 4.21080000e-08  9.00000000e-01  8.99974895e-01 
 4.32080000e-08  9.00000000e-01  8.99974895e-01 
 4.43080000e-08  9.00000000e-01  8.99974895e-01 
 4.54080000e-08  9.00000000e-01  8.99974895e-01 
 4.65080000e-08  9.00000000e-01  8.99974895e-01 
 4.76080000e-08  9.00000000e-01  8.99974895e-01 
 4.87080000e-08  9.00000000e-01  8.99974895e-01 
 4.98080000e-08  9.00000000e-01  8.99974895e-01 
 5.09080000e-08  9.00000000e-01  8.99974895e-01 
 5.20080000e-08  9.00000000e-01  8.99974895e-01 
 5.31080000e-08  9.00000000e-01  8.99974895e-01 
 5.42080000e-08  9.00000000e-01  8.99974895e-01 
 5.53080000e-08  9.00000000e-01  8.99974895e-01 
 5.64080000e-08  9.00000000e-01  8.99974895e-01 
 5.75080000e-08  9.00000000e-01  8.99974895e-01 
 5.86080000e-08  9.00000000e-01  8.99974895e-01 
 5.97080000e-08  9.00000000e-01  8.99974895e-01 
 6.08080000e-08  9.00000000e-01  8.99974895e-01 
 6.19080000e-08  9.00000000e-01  8.99974895e-01 
 6.30080000e-08  9.00000000e-01  8.99974895e-01 
 6.41080000e-08  9.00000000e-01  8.99974895e-01 
 6.52080000e-08  9.00000000e-01  8.99974895e-01 
 6.63080000e-08  9.00000000e-01  8.99974895e-01 
 6.74080000e-08  9.00000000e-01  8.99974895e-01 
 6.85080000e-08  9.00000000e-01  8.99974895e-01 
 6.96080000e-08  9.00000000e-01  8.99974895e-01 
 7.07080000e-08  9.00000000e-01  8.99974895e-01 
 7.18080000e-08  9.00000000e-01  8.99974895e-01 
 7.29080000e-08  9.00000000e-01  8.99974895e-01 
 7.40080000e-08  9.00000000e-01  8.99974895e-01 
 7.51080000e-08  9.00000000e-01  8.99974895e-01 
 7.62080000e-08  9.00000000e-01  8.99974895e-01 
 7.73080000e-08  9.00000000e-01  8.99974895e-01 
 7.84080000e-08  9.00000000e-01  8.99974895e-01 
 7.95080000e-08  9.00000000e-01  8.99974895e-01 
 8.06080000e-08  9.00000000e-01  8.99974895e-01 
 8.17080000e-08  9.00000000e-01  8.99974895e-01 
 8.28080000e-08  9.00000000e-01  8.99974895e-01 
 8.39080000e-08  9.00000000e-01  8.99974895e-01 
 8.50080000e-08  9.00000000e-01  8.99974895e-01 
 8.61080000e-08  9.00000000e-01  8.99974895e-01 
 8.72080000e-08  9.00000000e-01  8.99974895e-01 
 8.83080000e-08  9.00000000e-01  8.99974895e-01 
 8.94080000e-08  9.00000000e-01  8.99974895e-01 
 9.05080000e-08  9.00000000e-01  8.99974895e-01 
 9.16080000e-08  9.00000000e-01  8.99974895e-01 
 9.27080000e-08  9.00000000e-01  8.99974895e-01 
 9.38080000e-08  9.00000000e-01  8.99974895e-01 
 9.49080000e-08  9.00000000e-01  8.99974895e-01 
 9.60080000e-08  9.00000000e-01  8.99974895e-01 
 9.71080000e-08  9.00000000e-01  8.99974895e-01 
 9.82080000e-08  9.00000000e-01  8.99974895e-01 
 9.93080000e-08  9.00000000e-01  8.99974895e-01 
 1.00000000e-07  9.00000000e-01  8.99974895e-01 
 1.00001000e-07  9.01000000e-01  8.99977402e-01 
 1.00003000e-07  9.03000000e-01  8.99982424e-01 
 1.00007000e-07  9.07000000e-01  8.99992512e-01 
 1.00010000e-07  9.10000000e-01  9.00000120e-01 
 1.00010800e-07  9.10000000e-01  9.00000161e-01 
 1.00012400e-07  9.10000000e-01  9.00000242e-01 
 1.00015600e-07  9.10000000e-01  9.00000402e-01 
 1.00022000e-07  9.10000000e-01  9.00000706e-01 
 1.00034800e-07  9.10000000e-01  9.00001262e-01 
 1.00060400e-07  9.10000000e-01  9.00002190e-01 
 1.00111600e-07  9.10000000e-01  9.00003493e-01 
 1.00214000e-07  9.10000000e-01  9.00004766e-01 
 1.00418800e-07  9.10000000e-01  9.00005121e-01 
 1.00828400e-07  9.10000000e-01  9.00004100e-01 
 1.01647600e-07  9.10000000e-01  9.00002617e-01 
 1.02747600e-07  9.10000000e-01  9.00002791e-01 
 1.03847600e-07  9.10000000e-01  9.00005546e-01 
 1.04947600e-07  9.10000000e-01  9.00011038e-01 
 1.06047600e-07  9.10000000e-01  9.00019235e-01 
 1.07147600e-07  9.10000000e-01  9.00030129e-01 
 1.08247600e-07  9.10000000e-01  9.00043649e-01 
 1.09347600e-07  9.10000000e-01  9.00059741e-01 
 1.10447600e-07  9.10000000e-01  9.00078328e-01 
 1.11547600e-07  9.10000000e-01  9.00099335e-01 
 1.12647600e-07  9.10000000e-01  9.00122675e-01 
 1.13747600e-07  9.10000000e-01  9.00148265e-01 
 1.14847600e-07  9.10000000e-01  9.00176018e-01 
 1.15947600e-07  9.10000000e-01  9.00205845e-01 
 1.17047600e-07  9.10000000e-01  9.00237660e-01 
 1.18147600e-07  9.10000000e-01  9.00271374e-01 
 1.19247600e-07  9.10000000e-01  9.00306900e-01 
 1.20347600e-07  9.10000000e-01  9.00344154e-01 
 1.21447600e-07  9.10000000e-01  9.00383051e-01 
 1.22547600e-07  9.10000000e-01  9.00423510e-01 
 1.23647600e-07  9.10000000e-01  9.00465450e-01 
 1.24747600e-07  9.10000000e-01  9.00508793e-01 
 1.25847600e-07  9.10000000e-01  9.00553462e-01 
 1.26947600e-07  9.10000000e-01  9.00599384e-01 
 1.28047600e-07  9.10000000e-01  9.00646488e-01 
 1.29147600e-07  9.10000000e-01  9.00694703e-01 
 1.30247600e-07  9.10000000e-01  9.00743964e-01 
 1.31347600e-07  9.10000000e-01  9.00794204e-01 
 1.32447600e-07  9.10000000e-01  9.00845363e-01 
 1.33547600e-07  9.10000000e-01  9.00897380e-01 
 1.34647600e-07  9.10000000e-01  9.00950196e-01 
 1.35747600e-07  9.10000000e-01  9.01003756e-01 
 1.36847600e-07  9.10000000e-01  9.01058006e-01 
 1.37947600e-07  9.10000000e-01  9.01112895e-01 
 1.39047600e-07  9.10000000e-01  9.01168374e-01 
 1.40147600e-07  9.10000000e-01  9.01224394e-01 
 1.41247600e-07  9.10000000e-01  9.01280909e-01 
 1.42347600e-07  9.10000000e-01  9.01337877e-01 
 1.43447600e-07  9.10000000e-01  9.01395255e-01 
 1.44547600e-07  9.10000000e-01  9.01453004e-01 
 1.45647600e-07  9.10000000e-01  9.01511083e-01 
 1.46747600e-07  9.10000000e-01  9.01569457e-01 
 1.47847600e-07  9.10000000e-01  9.01628090e-01 
 1.48947600e-07  9.10000000e-01  9.01686949e-01 
 1.50047600e-07  9.10000000e-01  9.01746001e-01 
 1.51147600e-07  9.10000000e-01  9.01805214e-01 
 1.52247600e-07  9.10000000e-01  9.01864561e-01 
 1.53347600e-07  9.10000000e-01  9.01924012e-01 
 1.54447600e-07  9.10000000e-01  9.01983541e-01 
 1.55547600e-07  9.10000000e-01  9.02043122e-01 
 1.56647600e-07  9.10000000e-01  9.02102730e-01 
 1.57747600e-07  9.10000000e-01  9.02162343e-01 
 1.58847600e-07  9.10000000e-01  9.02221937e-01 
 1.59947600e-07  9.10000000e-01  9.02281492e-01 
 1.61047600e-07  9.10000000e-01  9.02340988e-01 
 1.62147600e-07  9.10000000e-01  9.02400405e-01 
 1.63247600e-07  9.10000000e-01  9.02459725e-01 
 1.64347600e-07  9.10000000e-01  9.02518931e-01 
 1.65447600e-07  9.10000000e-01  9.02578006e-01 
 1.66547600e-07  9.10000000e-01  9.02636935e-01 
 1.67647600e-07  9.10000000e-01  9.02695703e-01 
 1.68747600e-07  9.10000000e-01  9.02754295e-01 
 1.69847600e-07  9.10000000e-01  9.02812699e-01 
 1.70947600e-07  9.10000000e-01  9.02870901e-01 
 1.72047600e-07  9.10000000e-01  9.02928891e-01 
 1.73147600e-07  9.10000000e-01  9.02986656e-01 
 1.74247600e-07  9.10000000e-01  9.03044185e-01 
 1.75347600e-07  9.10000000e-01  9.03101470e-01 
 1.76447600e-07  9.10000000e-01  9.03158500e-01 
 1.77547600e-07  9.10000000e-01  9.03215266e-01 
 1.78647600e-07  9.10000000e-01  9.03271760e-01 
 1.79747600e-07  9.10000000e-01  9.03327975e-01 
 1.80847600e-07  9.10000000e-01  9.03383902e-01 
 1.81947600e-07  9.10000000e-01  9.03439535e-01 
 1.83047600e-07  9.10000000e-01  9.03494868e-01 
 1.84147600e-07  9.10000000e-01  9.03549893e-01 
 1.85247600e-07  9.10000000e-01  9.03604607e-01 
 1.86347600e-07  9.10000000e-01  9.03659002e-01 
 1.87447600e-07  9.10000000e-01  9.03713076e-01 
 1.88547600e-07  9.10000000e-01  9.03766822e-01 
 1.89647600e-07  9.10000000e-01  9.03820237e-01 
 1.90747600e-07  9.10000000e-01  9.03873318e-01 
 1.91847600e-07  9.10000000e-01  9.03926059e-01 
 1.92947600e-07  9.10000000e-01  9.03978459e-01 
 1.94047600e-07  9.10000000e-01  9.04030515e-01 
 1.95147600e-07  9.10000000e-01  9.04082223e-01 
 1.96247600e-07  9.10000000e-01  9.04133582e-01 
 1.97347600e-07  9.10000000e-01  9.04184588e-01 
 1.98447600e-07  9.10000000e-01  9.04235241e-01 
 1.99547600e-07  9.10000000e-01  9.04285539e-01 
 2.00647600e-07  9.10000000e-01  9.04335480e-01 
 2.01747600e-07  9.10000000e-01  9.04385063e-01 
 2.02847600e-07  9.10000000e-01  9.04434287e-01 
 2.03947600e-07  9.10000000e-01  9.04483150e-01 
 2.05047600e-07  9.10000000e-01  9.04531654e-01 
 2.06147600e-07  9.10000000e-01  9.04579796e-01 
 2.07247600e-07  9.10000000e-01  9.04627576e-01 
 2.08347600e-07  9.10000000e-01  9.04674995e-01 
 2.09447600e-07  9.10000000e-01  9.04722052e-01 
 2.10547600e-07  9.10000000e-01  9.04768748e-01 
 2.11647600e-07  9.10000000e-01  9.04815083e-01 
 2.12747600e-07  9.10000000e-01  9.04861056e-01 
 2.13847600e-07  9.10000000e-01  9.04906669e-01 
 2.14947600e-07  9.10000000e-01  9.04951922e-01 
 2.16047600e-07  9.10000000e-01  9.04996816e-01 
 2.17147600e-07  9.10000000e-01  9.05041352e-01 
 2.18247600e-07  9.10000000e-01  9.05085530e-01 
 2.19347600e-07  9.10000000e-01  9.05129352e-01 
 2.20447600e-07  9.10000000e-01  9.05172819e-01 
 2.21547600e-07  9.10000000e-01  9.05215931e-01 
 2.22647600e-07  9.10000000e-01  9.05258691e-01 
 2.23747600e-07  9.10000000e-01  9.05301099e-01 
 2.24847600e-07  9.10000000e-01  9.05343156e-01 
 2.25947600e-07  9.10000000e-01  9.05384866e-01 
 2.27047600e-07  9.10000000e-01  9.05426228e-01 
 2.28147600e-07  9.10000000e-01  9.05467244e-01 
 2.29247600e-07  9.10000000e-01  9.05507917e-01 
 2.30347600e-07  9.10000000e-01  9.05548247e-01 
 2.31447600e-07  9.10000000e-01  9.05588237e-01 
 2.32547600e-07  9.10000000e-01  9.05627888e-01 
 2.33647600e-07  9.10000000e-01  9.05667202e-01 
 2.34747600e-07  9.10000000e-01  9.05706181e-01 
 2.35847600e-07  9.10000000e-01  9.05744828e-01 
 2.36947600e-07  9.10000000e-01  9.05783142e-01 
 2.38047600e-07  9.10000000e-01  9.05821128e-01 
 2.39147600e-07  9.10000000e-01  9.05858787e-01 
 2.40247600e-07  9.10000000e-01  9.05896120e-01 
 2.41347600e-07  9.10000000e-01  9.05933130e-01 
 2.42447600e-07  9.10000000e-01  9.05969819e-01 
 2.43547600e-07  9.10000000e-01  9.06006189e-01 
 2.44647600e-07  9.10000000e-01  9.06042242e-01 
 2.45747600e-07  9.10000000e-01  9.06077980e-01 
 2.46847600e-07  9.10000000e-01  9.06113406e-01 
 2.47947600e-07  9.10000000e-01  9.06148521e-01 
 2.49047600e-07  9.10000000e-01  9.06183328e-01 
 2.50147600e-07  9.10000000e-01  9.06217828e-01 
 2.51247600e-07  9.10000000e-01  9.06252025e-01 
 2.52347600e-07  9.10000000e-01  9.06285920e-01 
 2.53447600e-07  9.10000000e-01  9.06319516e-01 
 2.54547600e-07  9.10000000e-01  9.06352814e-01 
 2.55647600e-07  9.10000000e-01  9.06385817e-01 
 2.56747600e-07  9.10000000e-01  9.06418527e-01 
 2.57847600e-07  9.10000000e-01  9.06450946e-01 
 2.58947600e-07  9.10000000e-01  9.06483077e-01 
 2.60047600e-07  9.10000000e-01  9.06514921e-01 
 2.61147600e-07  9.10000000e-01  9.06546482e-01 
 2.62247600e-07  9.10000000e-01  9.06577760e-01 
 2.63347600e-07  9.10000000e-01  9.06608759e-01 
 2.64447600e-07  9.10000000e-01  9.06639481e-01 
 2.65547600e-07  9.10000000e-01  9.06669927e-01 
 2.66647600e-07  9.10000000e-01  9.06700101e-01 
 2.67747600e-07  9.10000000e-01  9.06730003e-01 
 2.68847600e-07  9.10000000e-01  9.06759637e-01 
 2.69947600e-07  9.10000000e-01  9.06789004e-01 
 2.71047600e-07  9.10000000e-01  9.06818107e-01 
 2.72147600e-07  9.10000000e-01  9.06846948e-01 
 2.73247600e-07  9.10000000e-01  9.06875529e-01 
 2.74347600e-07  9.10000000e-01  9.06903852e-01 
 2.75447600e-07  9.10000000e-01  9.06931920e-01 
 2.76547600e-07  9.10000000e-01  9.06959734e-01 
 2.77647600e-07  9.10000000e-01  9.06987296e-01 
 2.78747600e-07  9.10000000e-01  9.07014609e-01 
 2.79847600e-07  9.10000000e-01  9.07041675e-01 
 2.80947600e-07  9.10000000e-01  9.07068496e-01 
 2.82047600e-07  9.10000000e-01  9.07095074e-01 
 2.83147600e-07  9.10000000e-01  9.07121411e-01 
 2.84247600e-07  9.10000000e-01  9.07147510e-01 
 2.85347600e-07  9.10000000e-01  9.07173371e-01 
 2.86447600e-07  9.10000000e-01  9.07198998e-01 
 2.87547600e-07  9.10000000e-01  9.07224391e-01 
 2.88647600e-07  9.10000000e-01  9.07249554e-01 
 2.89747600e-07  9.10000000e-01  9.07274489e-01 
 2.90847600e-07  9.10000000e-01  9.07299196e-01 
 2.91947600e-07  9.10000000e-01  9.07323679e-01 
 2.93047600e-07  9.10000000e-01  9.07347939e-01 
 2.94147600e-07  9.10000000e-01  9.07371978e-01 
 2.95247600e-07  9.10000000e-01  9.07395798e-01 
 2.96347600e-07  9.10000000e-01  9.07419401e-01 
 2.97447600e-07  9.10000000e-01  9.07442789e-01 
 2.98547600e-07  9.10000000e-01  9.07465964e-01 
 2.99647600e-07  9.10000000e-01  9.07488927e-01 
 3.00747600e-07  9.10000000e-01  9.07511681e-01 
 3.01847600e-07  9.10000000e-01  9.07534227e-01 
 3.02947600e-07  9.10000000e-01  9.07556568e-01 
 3.04047600e-07  9.10000000e-01  9.07578705e-01 
 3.05147600e-07  9.10000000e-01  9.07600639e-01 
 3.06247600e-07  9.10000000e-01  9.07622373e-01 
 3.07347600e-07  9.10000000e-01  9.07643909e-01 
 3.08447600e-07  9.10000000e-01  9.07665248e-01 
 3.09547600e-07  9.10000000e-01  9.07686392e-01 
 3.10647600e-07  9.10000000e-01  9.07707342e-01 
 3.11747600e-07  9.10000000e-01  9.07728101e-01 
 3.12847600e-07  9.10000000e-01  9.07748671e-01 
 3.13947600e-07  9.10000000e-01  9.07769052e-01 
 3.15047600e-07  9.10000000e-01  9.07789247e-01 
 3.16147600e-07  9.10000000e-01  9.07809257e-01 
 3.17247600e-07  9.10000000e-01  9.07829084e-01 
 3.18347600e-07  9.10000000e-01  9.07848729e-01 
 3.19447600e-07  9.10000000e-01  9.07868195e-01 
 3.20547600e-07  9.10000000e-01  9.07887483e-01 
 3.21647600e-07  9.10000000e-01  9.07906594e-01 
 3.22747600e-07  9.10000000e-01  9.07925530e-01 
 3.23847600e-07  9.10000000e-01  9.07944293e-01 
 3.24947600e-07  9.10000000e-01  9.07962884e-01 
 3.26047600e-07  9.10000000e-01  9.07981305e-01 
 3.27147600e-07  9.10000000e-01  9.07999557e-01 
 3.28247600e-07  9.10000000e-01  9.08017642e-01 
 3.29347600e-07  9.10000000e-01  9.08035561e-01 
 3.30447600e-07  9.10000000e-01  9.08053316e-01 
 3.31547600e-07  9.10000000e-01  9.08070908e-01 
 3.32647600e-07  9.10000000e-01  9.08088340e-01 
 3.33747600e-07  9.10000000e-01  9.08105611e-01 
 3.34847600e-07  9.10000000e-01  9.08122725e-01 
 3.35947600e-07  9.10000000e-01  9.08139681e-01 
 3.37047600e-07  9.10000000e-01  9.08156482e-01 
 3.38147600e-07  9.10000000e-01  9.08173130e-01 
 3.39247600e-07  9.10000000e-01  9.08189624e-01 
 3.40347600e-07  9.10000000e-01  9.08205968e-01 
 3.41447600e-07  9.10000000e-01  9.08222162e-01 
 3.42547600e-07  9.10000000e-01  9.08238207e-01 
 3.43647600e-07  9.10000000e-01  9.08254105e-01 
 3.44747600e-07  9.10000000e-01  9.08269858e-01 
 3.45847600e-07  9.10000000e-01  9.08285466e-01 
 3.46947600e-07  9.10000000e-01  9.08300931e-01 
 3.48047600e-07  9.10000000e-01  9.08316254e-01 
 3.49147600e-07  9.10000000e-01  9.08331437e-01 
 3.50247600e-07  9.10000000e-01  9.08346481e-01 
 3.51347600e-07  9.10000000e-01  9.08361386e-01 
 3.52447600e-07  9.10000000e-01  9.08376156e-01 
 3.53547600e-07  9.10000000e-01  9.08390789e-01 
 3.54647600e-07  9.10000000e-01  9.08405289e-01 
 3.55747600e-07  9.10000000e-01  9.08419656e-01 
 3.56847600e-07  9.10000000e-01  9.08433891e-01 
 3.57947600e-07  9.10000000e-01  9.08447995e-01 
 3.59047600e-07  9.10000000e-01  9.08461970e-01 
 3.60147600e-07  9.10000000e-01  9.08475817e-01 
 3.61247600e-07  9.10000000e-01  9.08489537e-01 
 3.62347600e-07  9.10000000e-01  9.08503132e-01 
 3.63447600e-07  9.10000000e-01  9.08516601e-01 
 3.64547600e-07  9.10000000e-01  9.08529948e-01 
 3.65647600e-07  9.10000000e-01  9.08543172e-01 
 3.66747600e-07  9.10000000e-01  9.08556274e-01 
 3.67847600e-07  9.10000000e-01  9.08569257e-01 
 3.68947600e-07  9.10000000e-01  9.08582120e-01 
 3.70047600e-07  9.10000000e-01  9.08594866e-01 
 3.71147600e-07  9.10000000e-01  9.08607495e-01 
 3.72247600e-07  9.10000000e-01  9.08620008e-01 
 3.73347600e-07  9.10000000e-01  9.08632406e-01 
 3.74447600e-07  9.10000000e-01  9.08644690e-01 
 3.75547600e-07  9.10000000e-01  9.08656863e-01 
 3.76647600e-07  9.10000000e-01  9.08668923e-01 
 3.77747600e-07  9.10000000e-01  9.08680873e-01 
 3.78847600e-07  9.10000000e-01  9.08692713e-01 
 3.79947600e-07  9.10000000e-01  9.08704445e-01 
 3.81047600e-07  9.10000000e-01  9.08716069e-01 
 3.82147600e-07  9.10000000e-01  9.08727587e-01 
 3.83247600e-07  9.10000000e-01  9.08738999e-01 
 3.84347600e-07  9.10000000e-01  9.08750307e-01 
 3.85447600e-07  9.10000000e-01  9.08761511e-01 
 3.86547600e-07  9.10000000e-01  9.08772612e-01 
 3.87647600e-07  9.10000000e-01  9.08783612e-01 
 3.88747600e-07  9.10000000e-01  9.08794510e-01 
 3.89847600e-07  9.10000000e-01  9.08805309e-01 
 3.90947600e-07  9.10000000e-01  9.08816009e-01 
 3.92047600e-07  9.10000000e-01  9.08826611e-01 
 3.93147600e-07  9.10000000e-01  9.08837115e-01 
 3.94247600e-07  9.10000000e-01  9.08847524e-01 
 3.95347600e-07  9.10000000e-01  9.08857837e-01 
 3.96447600e-07  9.10000000e-01  9.08868055e-01 
 3.97547600e-07  9.10000000e-01  9.08878180e-01 
 3.98647600e-07  9.10000000e-01  9.08888212e-01 
 3.99747600e-07  9.10000000e-01  9.08898152e-01 
 4.00847600e-07  9.10000000e-01  9.08908002e-01 
 4.01947600e-07  9.10000000e-01  9.08917760e-01 
 4.03047600e-07  9.10000000e-01  9.08927430e-01 
 4.04147600e-07  9.10000000e-01  9.08937011e-01 
 4.05247600e-07  9.10000000e-01  9.08946504e-01 
 4.06347600e-07  9.10000000e-01  9.08955910e-01 
 4.07447600e-07  9.10000000e-01  9.08965230e-01 
 4.08547600e-07  9.10000000e-01  9.08974464e-01 
 4.09647600e-07  9.10000000e-01  9.08983614e-01 
 4.10747600e-07  9.10000000e-01  9.08992680e-01 
 4.11847600e-07  9.10000000e-01  9.09001663e-01 
 4.12947600e-07  9.10000000e-01  9.09010564e-01 
 4.14047600e-07  9.10000000e-01  9.09019383e-01 
 4.15147600e-07  9.10000000e-01  9.09028122e-01 
 4.16247600e-07  9.10000000e-01  9.09036780e-01 
 4.17347600e-07  9.10000000e-01  9.09045359e-01 
 4.18447600e-07  9.10000000e-01  9.09053860e-01 
 4.19547600e-07  9.10000000e-01  9.09062282e-01 
 4.20647600e-07  9.10000000e-01  9.09070628e-01 
 4.21747600e-07  9.10000000e-01  9.09078897e-01 
 4.22847600e-07  9.10000000e-01  9.09087090e-01 
 4.23947600e-07  9.10000000e-01  9.09095209e-01 
 4.25047600e-07  9.10000000e-01  9.09103253e-01 
 4.26147600e-07  9.10000000e-01  9.09111223e-01 
 4.27247600e-07  9.10000000e-01  9.09119120e-01 
 4.28347600e-07  9.10000000e-01  9.09126945e-01 
 4.29447600e-07  9.10000000e-01  9.09134699e-01 
 4.30547600e-07  9.10000000e-01  9.09142381e-01 
 4.31647600e-07  9.10000000e-01  9.09149993e-01 
 4.32747600e-07  9.10000000e-01  9.09157535e-01 
 4.33847600e-07  9.10000000e-01  9.09165008e-01 
 4.34947600e-07  9.10000000e-01  9.09172413e-01 
 4.36047600e-07  9.10000000e-01  9.09179750e-01 
 4.37147600e-07  9.10000000e-01  9.09187020e-01 
 4.38247600e-07  9.10000000e-01  9.09194223e-01 
 4.39347600e-07  9.10000000e-01  9.09201361e-01 
 4.40447600e-07  9.10000000e-01  9.09208433e-01 
 4.41547600e-07  9.10000000e-01  9.09215440e-01 
 4.42647600e-07  9.10000000e-01  9.09222383e-01 
 4.43747600e-07  9.10000000e-01  9.09229263e-01 
 4.44847600e-07  9.10000000e-01  9.09236079e-01 
 4.45947600e-07  9.10000000e-01  9.09242833e-01 
 4.47047600e-07  9.10000000e-01  9.09249526e-01 
 4.48147600e-07  9.10000000e-01  9.09256157e-01 
 4.49247600e-07  9.10000000e-01  9.09262727e-01 
 4.50347600e-07  9.10000000e-01  9.09269237e-01 
 4.51447600e-07  9.10000000e-01  9.09275688e-01 
 4.52547600e-07  9.10000000e-01  9.09282079e-01 
 4.53647600e-07  9.10000000e-01  9.09288412e-01 
 4.54747600e-07  9.10000000e-01  9.09294688e-01 
 4.55847600e-07  9.10000000e-01  9.09300905e-01 
 4.56947600e-07  9.10000000e-01  9.09307066e-01 
 4.58047600e-07  9.10000000e-01  9.09313170e-01 
 4.59147600e-07  9.10000000e-01  9.09319219e-01 
 4.60247600e-07  9.10000000e-01  9.09325212e-01 
 4.61347600e-07  9.10000000e-01  9.09331150e-01 
 4.62447600e-07  9.10000000e-01  9.09337034e-01 
 4.63547600e-07  9.10000000e-01  9.09342865e-01 
 4.64647600e-07  9.10000000e-01  9.09348641e-01 
 4.65747600e-07  9.10000000e-01  9.09354365e-01 
 4.66847600e-07  9.10000000e-01  9.09360037e-01 
 4.67947600e-07  9.10000000e-01  9.09365657e-01 
 4.69047600e-07  9.10000000e-01  9.09371225e-01 
 4.70147600e-07  9.10000000e-01  9.09376742e-01 
 4.71247600e-07  9.10000000e-01  9.09382209e-01 
 4.72347600e-07  9.10000000e-01  9.09387626e-01 
 4.73447600e-07  9.10000000e-01  9.09392993e-01 
 4.74547600e-07  9.10000000e-01  9.09398311e-01 
 4.75647600e-07  9.10000000e-01  9.09403580e-01 
 4.76747600e-07  9.10000000e-01  9.09408802e-01 
 4.77847600e-07  9.10000000e-01  9.09413975e-01 
 4.78947600e-07  9.10000000e-01  9.09419101e-01 
 4.80047600e-07  9.10000000e-01  9.09424180e-01 
 4.81147600e-07  9.10000000e-01  9.09429213e-01 
 4.82247600e-07  9.10000000e-01  9.09434200e-01 
 4.83347600e-07  9.10000000e-01  9.09439141e-01 
 4.84447600e-07  9.10000000e-01  9.09444037e-01 
 4.85547600e-07  9.10000000e-01  9.09448888e-01 
 4.86647600e-07  9.10000000e-01  9.09453695e-01 
 4.87747600e-07  9.10000000e-01  9.09458458e-01 
 4.88847600e-07  9.10000000e-01  9.09463177e-01 
 4.89947600e-07  9.10000000e-01  9.09467853e-01 
 4.91047600e-07  9.10000000e-01  9.09472486e-01 
 4.92147600e-07  9.10000000e-01  9.09477077e-01 
 4.93247600e-07  9.10000000e-01  9.09481626e-01 
 4.94347600e-07  9.10000000e-01  9.09486133e-01 
 4.95447600e-07  9.10000000e-01  9.09490599e-01 
 4.96547600e-07  9.10000000e-01  9.09495025e-01 
 4.97647600e-07  9.10000000e-01  9.09499409e-01 
 4.98747600e-07  9.10000000e-01  9.09503754e-01 
 4.99847600e-07  9.10000000e-01  9.09508059e-01 
 5.00947600e-07  9.10000000e-01  9.09512325e-01 
 5.02047600e-07  9.10000000e-01  9.09516551e-01 
 5.03147600e-07  9.10000000e-01  9.09520739e-01 
 5.04247600e-07  9.10000000e-01  9.09524889e-01 
 5.05347600e-07  9.10000000e-01  9.09529000e-01 
 5.06447600e-07  9.10000000e-01  9.09533074e-01 
 5.07547600e-07  9.10000000e-01  9.09537111e-01 
 5.08647600e-07  9.10000000e-01  9.09541111e-01 
 5.09747600e-07  9.10000000e-01  9.09545074e-01 
 5.10847600e-07  9.10000000e-01  9.09549001e-01 
 5.11947600e-07  9.10000000e-01  9.09552892e-01 
 5.13047600e-07  9.10000000e-01  9.09556748e-01 
 5.14147600e-07  9.10000000e-01  9.09560568e-01 
 5.15247600e-07  9.10000000e-01  9.09564354e-01 
 5.16347600e-07  9.10000000e-01  9.09568104e-01 
 5.17447600e-07  9.10000000e-01  9.09571821e-01 
 5.18547600e-07  9.10000000e-01  9.09575503e-01 
 5.19647600e-07  9.10000000e-01  9.09579152e-01 
 5.20747600e-07  9.10000000e-01  9.09582768e-01 
 5.21847600e-07  9.10000000e-01  9.09586350e-01 
 5.22947600e-07  9.10000000e-01  9.09589900e-01 
 5.24047600e-07  9.10000000e-01  9.09593417e-01 
 5.25147600e-07  9.10000000e-01  9.09596902e-01 
 5.26247600e-07  9.10000000e-01  9.09600355e-01 
 5.27347600e-07  9.10000000e-01  9.09603776e-01 
 5.28447600e-07  9.10000000e-01  9.09607167e-01 
 5.29547600e-07  9.10000000e-01  9.09610526e-01 
 5.30647600e-07  9.10000000e-01  9.09613855e-01 
 5.31747600e-07  9.10000000e-01  9.09617153e-01 
 5.32847600e-07  9.10000000e-01  9.09620421e-01 
 5.33947600e-07  9.10000000e-01  9.09623659e-01 
 5.35047600e-07  9.10000000e-01  9.09626868e-01 
 5.36147600e-07  9.10000000e-01  9.09630047e-01 
 5.37247600e-07  9.10000000e-01  9.09633197e-01 
 5.38347600e-07  9.10000000e-01  9.09636318e-01 
 5.39447600e-07  9.10000000e-01  9.09639411e-01 
 5.40547600e-07  9.10000000e-01  9.09642476e-01 
 5.41647600e-07  9.10000000e-01  9.09645512e-01 
 5.42747600e-07  9.10000000e-01  9.09648521e-01 
 5.43847600e-07  9.10000000e-01  9.09651502e-01 
 5.44947600e-07  9.10000000e-01  9.09654456e-01 
 5.46047600e-07  9.10000000e-01  9.09657383e-01 
 5.47147600e-07  9.10000000e-01  9.09660283e-01 
 5.48247600e-07  9.10000000e-01  9.09663157e-01 
 5.49347600e-07  9.10000000e-01  9.09666005e-01 
 5.50447600e-07  9.10000000e-01  9.09668826e-01 
 5.51547600e-07  9.10000000e-01  9.09671622e-01 
 5.52647600e-07  9.10000000e-01  9.09674392e-01 
 5.53747600e-07  9.10000000e-01  9.09677137e-01 
 5.54847600e-07  9.10000000e-01  9.09679856e-01 
 5.55947600e-07  9.10000000e-01  9.09682551e-01 
 5.57047600e-07  9.10000000e-01  9.09685221e-01 
 5.58147600e-07  9.10000000e-01  9.09687867e-01 
 5.59247600e-07  9.10000000e-01  9.09690489e-01 
 5.60347600e-07  9.10000000e-01  9.09693087e-01 
 5.61447600e-07  9.10000000e-01  9.09695660e-01 
 5.62547600e-07  9.10000000e-01  9.09698211e-01 
 5.63647600e-07  9.10000000e-01  9.09700738e-01 
 5.64747600e-07  9.10000000e-01  9.09703242e-01 
 5.65847600e-07  9.10000000e-01  9.09705723e-01 
 5.66947600e-07  9.10000000e-01  9.09708182e-01 
 5.68047600e-07  9.10000000e-01  9.09710617e-01 
 5.69147600e-07  9.10000000e-01  9.09713031e-01 
 5.70247600e-07  9.10000000e-01  9.09715423e-01 
 5.71347600e-07  9.10000000e-01  9.09717793e-01 
 5.72447600e-07  9.10000000e-01  9.09720141e-01 
 5.73547600e-07  9.10000000e-01  9.09722467e-01 
 5.74647600e-07  9.10000000e-01  9.09724773e-01 
 5.75747600e-07  9.10000000e-01  9.09727057e-01 
 5.76847600e-07  9.10000000e-01  9.09729321e-01 
 5.77947600e-07  9.10000000e-01  9.09731564e-01 
 5.79047600e-07  9.10000000e-01  9.09733786e-01 
 5.80147600e-07  9.10000000e-01  9.09735988e-01 
 5.81247600e-07  9.10000000e-01  9.09738170e-01 
 5.82347600e-07  9.10000000e-01  9.09740332e-01 
 5.83447600e-07  9.10000000e-01  9.09742474e-01 
 5.84547600e-07  9.10000000e-01  9.09744596e-01 
 5.85647600e-07  9.10000000e-01  9.09746700e-01 
 5.86747600e-07  9.10000000e-01  9.09748784e-01 
 5.87847600e-07  9.10000000e-01  9.09750848e-01 
 5.88947600e-07  9.10000000e-01  9.09752895e-01 
 5.90047600e-07  9.10000000e-01  9.09754922e-01 
 5.91147600e-07  9.10000000e-01  9.09756931e-01 
 5.92247600e-07  9.10000000e-01  9.09758921e-01 
 5.93347600e-07  9.10000000e-01  9.09760894e-01 
 5.94447600e-07  9.10000000e-01  9.09762848e-01 
 5.95547600e-07  9.10000000e-01  9.09764784e-01 
 5.96647600e-07  9.10000000e-01  9.09766703e-01 
 5.97747600e-07  9.10000000e-01  9.09768604e-01 
 5.98847600e-07  9.10000000e-01  9.09770488e-01 
 5.99947600e-07  9.10000000e-01  9.09772355e-01 
 6.01047600e-07  9.10000000e-01  9.09774204e-01 
 6.02147600e-07  9.10000000e-01  9.09776037e-01 
 6.03247600e-07  9.10000000e-01  9.09777853e-01 
 6.04347600e-07  9.10000000e-01  9.09779652e-01 
 6.05447600e-07  9.10000000e-01  9.09781435e-01 
 6.06547600e-07  9.10000000e-01  9.09783202e-01 
 6.07647600e-07  9.10000000e-01  9.09784952e-01 
 6.08747600e-07  9.10000000e-01  9.09786687e-01 
 6.09847600e-07  9.10000000e-01  9.09788405e-01 
 6.10947600e-07  9.10000000e-01  9.09790108e-01 
 6.12047600e-07  9.10000000e-01  9.09791796e-01 
 6.13147600e-07  9.10000000e-01  9.09793468e-01 
 6.14247600e-07  9.10000000e-01  9.09795124e-01 
 6.15347600e-07  9.10000000e-01  9.09796766e-01 
 6.16447600e-07  9.10000000e-01  9.09798392e-01 
 6.17547600e-07  9.10000000e-01  9.09800004e-01 
 6.18647600e-07  9.10000000e-01  9.09801601e-01 
 6.19747600e-07  9.10000000e-01  9.09803183e-01 
 6.20847600e-07  9.10000000e-01  9.09804751e-01 
 6.21947600e-07  9.10000000e-01  9.09806305e-01 
 6.23047600e-07  9.10000000e-01  9.09807844e-01 
 6.24147600e-07  9.10000000e-01  9.09809370e-01 
 6.25247600e-07  9.10000000e-01  9.09810881e-01 
 6.26347600e-07  9.10000000e-01  9.09812379e-01 
 6.27447600e-07  9.10000000e-01  9.09813862e-01 
 6.28547600e-07  9.10000000e-01  9.09815333e-01 
 6.29647600e-07  9.10000000e-01  9.09816790e-01 
 6.30747600e-07  9.10000000e-01  9.09818233e-01 
 6.31847600e-07  9.10000000e-01  9.09819664e-01 
 6.32947600e-07  9.10000000e-01  9.09821081e-01 
 6.34047600e-07  9.10000000e-01  9.09822486e-01 
 6.35147600e-07  9.10000000e-01  9.09823877e-01 
 6.36247600e-07  9.10000000e-01  9.09825256e-01 
 6.37347600e-07  9.10000000e-01  9.09826622e-01 
 6.38447600e-07  9.10000000e-01  9.09827976e-01 
 6.39547600e-07  9.10000000e-01  9.09829318e-01 
 6.40647600e-07  9.10000000e-01  9.09830647e-01 
 6.41747600e-07  9.10000000e-01  9.09831964e-01 
 6.42847600e-07  9.10000000e-01  9.09833269e-01 
 6.43947600e-07  9.10000000e-01  9.09834562e-01 
 6.45047600e-07  9.10000000e-01  9.09835843e-01 
 6.46147600e-07  9.10000000e-01  9.09837113e-01 
 6.47247600e-07  9.10000000e-01  9.09838371e-01 
 6.48347600e-07  9.10000000e-01  9.09839617e-01 
 6.49447600e-07  9.10000000e-01  9.09840852e-01 
 6.50547600e-07  9.10000000e-01  9.09842076e-01 
 6.51647600e-07  9.10000000e-01  9.09843289e-01 
 6.52747600e-07  9.10000000e-01  9.09844490e-01 
 6.53847600e-07  9.10000000e-01  9.09845681e-01 
 6.54947600e-07  9.10000000e-01  9.09846860e-01 
 6.56047600e-07  9.10000000e-01  9.09848029e-01 
 6.57147600e-07  9.10000000e-01  9.09849188e-01 
 6.58247600e-07  9.10000000e-01  9.09850335e-01 
 6.59347600e-07  9.10000000e-01  9.09851473e-01 
 6.60447600e-07  9.10000000e-01  9.09852599e-01 
 6.61547600e-07  9.10000000e-01  9.09853716e-01 
 6.62647600e-07  9.10000000e-01  9.09854822e-01 
 6.63747600e-07  9.10000000e-01  9.09855918e-01 
 6.64847600e-07  9.10000000e-01  9.09857005e-01 
 6.65947600e-07  9.10000000e-01  9.09858081e-01 
 6.67047600e-07  9.10000000e-01  9.09859147e-01 
 6.68147600e-07  9.10000000e-01  9.09860204e-01 
 6.69247600e-07  9.10000000e-01  9.09861251e-01 
 6.70347600e-07  9.10000000e-01  9.09862289e-01 
 6.71447600e-07  9.10000000e-01  9.09863317e-01 
 6.72547600e-07  9.10000000e-01  9.09864335e-01 
 6.73647600e-07  9.10000000e-01  9.09865344e-01 
 6.74747600e-07  9.10000000e-01  9.09866345e-01 
 6.75847600e-07  9.10000000e-01  9.09867336e-01 
 6.76947600e-07  9.10000000e-01  9.09868317e-01 
 6.78047600e-07  9.10000000e-01  9.09869290e-01 
 6.79147600e-07  9.10000000e-01  9.09870254e-01 
 6.80247600e-07  9.10000000e-01  9.09871210e-01 
 6.81347600e-07  9.10000000e-01  9.09872156e-01 
 6.82447600e-07  9.10000000e-01  9.09873094e-01 
 6.83547600e-07  9.10000000e-01  9.09874023e-01 
 6.84647600e-07  9.10000000e-01  9.09874944e-01 
 6.85747600e-07  9.10000000e-01  9.09875857e-01 
 6.86847600e-07  9.10000000e-01  9.09876761e-01 
 6.87947600e-07  9.10000000e-01  9.09877657e-01 
 6.89047600e-07  9.10000000e-01  9.09878544e-01 
 6.90147600e-07  9.10000000e-01  9.09879424e-01 
 6.91247600e-07  9.10000000e-01  9.09880295e-01 
 6.92347600e-07  9.10000000e-01  9.09881159e-01 
 6.93447600e-07  9.10000000e-01  9.09882015e-01 
 6.94547600e-07  9.10000000e-01  9.09882862e-01 
 6.95647600e-07  9.10000000e-01  9.09883702e-01 
 6.96747600e-07  9.10000000e-01  9.09884535e-01 
 6.97847600e-07  9.10000000e-01  9.09885360e-01 
 6.98947600e-07  9.10000000e-01  9.09886177e-01 
 7.00047600e-07  9.10000000e-01  9.09886987e-01 
 7.01147600e-07  9.10000000e-01  9.09887789e-01 
 7.02247600e-07  9.10000000e-01  9.09888584e-01 
 7.03347600e-07  9.10000000e-01  9.09889372e-01 
 7.04447600e-07  9.10000000e-01  9.09890153e-01 
 7.05547600e-07  9.10000000e-01  9.09890926e-01 
 7.06647600e-07  9.10000000e-01  9.09891693e-01 
 7.07747600e-07  9.10000000e-01  9.09892452e-01 
 7.08847600e-07  9.10000000e-01  9.09893205e-01 
 7.09947600e-07  9.10000000e-01  9.09893951e-01 
 7.11047600e-07  9.10000000e-01  9.09894689e-01 
 7.12147600e-07  9.10000000e-01  9.09895421e-01 
 7.13247600e-07  9.10000000e-01  9.09896147e-01 
 7.14347600e-07  9.10000000e-01  9.09896866e-01 
 7.15447600e-07  9.10000000e-01  9.09897578e-01 
 7.16547600e-07  9.10000000e-01  9.09898284e-01 
 7.17647600e-07  9.10000000e-01  9.09898983e-01 
 7.18747600e-07  9.10000000e-01  9.09899676e-01 
 7.19847600e-07  9.10000000e-01  9.09900362e-01 
 7.20947600e-07  9.10000000e-01  9.09901043e-01 
 7.22047600e-07  9.10000000e-01  9.09901717e-01 
 7.23147600e-07  9.10000000e-01  9.09902385e-01 
 7.24247600e-07  9.10000000e-01  9.09903046e-01 
 7.25347600e-07  9.10000000e-01  9.09903702e-01 
 7.26447600e-07  9.10000000e-01  9.09904352e-01 
 7.27547600e-07  9.10000000e-01  9.09904996e-01 
 7.28647600e-07  9.10000000e-01  9.09905634e-01 
 7.29747600e-07  9.10000000e-01  9.09906266e-01 
 7.30847600e-07  9.10000000e-01  9.09906892e-01 
 7.31947600e-07  9.10000000e-01  9.09907513e-01 
 7.33047600e-07  9.10000000e-01  9.09908128e-01 
 7.34147600e-07  9.10000000e-01  9.09908737e-01 
 7.35247600e-07  9.10000000e-01  9.09909341e-01 
 7.36347600e-07  9.10000000e-01  9.09909939e-01 
 7.37447600e-07  9.10000000e-01  9.09910532e-01 
 7.38547600e-07  9.10000000e-01  9.09911120e-01 
 7.39647600e-07  9.10000000e-01  9.09911702e-01 
 7.40747600e-07  9.10000000e-01  9.09912278e-01 
 7.41847600e-07  9.10000000e-01  9.09912850e-01 
 7.42947600e-07  9.10000000e-01  9.09913416e-01 
 7.44047600e-07  9.10000000e-01  9.09913977e-01 
 7.45147600e-07  9.10000000e-01  9.09914533e-01 
 7.46247600e-07  9.10000000e-01  9.09915084e-01 
 7.47347600e-07  9.10000000e-01  9.09915630e-01 
 7.48447600e-07  9.10000000e-01  9.09916171e-01 
 7.49547600e-07  9.10000000e-01  9.09916707e-01 
 7.50647600e-07  9.10000000e-01  9.09917238e-01 
 7.51747600e-07  9.10000000e-01  9.09917764e-01 
 7.52847600e-07  9.10000000e-01  9.09918285e-01 
 7.53947600e-07  9.10000000e-01  9.09918802e-01 
 7.55047600e-07  9.10000000e-01  9.09919314e-01 
 7.56147600e-07  9.10000000e-01  9.09919821e-01 
 7.57247600e-07  9.10000000e-01  9.09920324e-01 
 7.58347600e-07  9.10000000e-01  9.09920822e-01 
 7.59447600e-07  9.10000000e-01  9.09921315e-01 
 7.60547600e-07  9.10000000e-01  9.09921804e-01 
 7.61647600e-07  9.10000000e-01  9.09922289e-01 
 7.62747600e-07  9.10000000e-01  9.09922769e-01 
 7.63847600e-07  9.10000000e-01  9.09923244e-01 
 7.64947600e-07  9.10000000e-01  9.09923716e-01 
 7.66047600e-07  9.10000000e-01  9.09924183e-01 
 7.67147600e-07  9.10000000e-01  9.09924645e-01 
 7.68247600e-07  9.10000000e-01  9.09925104e-01 
 7.69347600e-07  9.10000000e-01  9.09925558e-01 
 7.70447600e-07  9.10000000e-01  9.09926008e-01 
 7.71547600e-07  9.10000000e-01  9.09926455e-01 
 7.72647600e-07  9.10000000e-01  9.09926897e-01 
 7.73747600e-07  9.10000000e-01  9.09927335e-01 
 7.74847600e-07  9.10000000e-01  9.09927769e-01 
 7.75947600e-07  9.10000000e-01  9.09928199e-01 
 7.77047600e-07  9.10000000e-01  9.09928625e-01 
 7.78147600e-07  9.10000000e-01  9.09929047e-01 
 7.79247600e-07  9.10000000e-01  9.09929465e-01 
 7.80347600e-07  9.10000000e-01  9.09929880e-01 
 7.81447600e-07  9.10000000e-01  9.09930290e-01 
 7.82547600e-07  9.10000000e-01  9.09930697e-01 
 7.83647600e-07  9.10000000e-01  9.09931101e-01 
 7.84747600e-07  9.10000000e-01  9.09931500e-01 
 7.85847600e-07  9.10000000e-01  9.09931896e-01 
 7.86947600e-07  9.10000000e-01  9.09932289e-01 
 7.88047600e-07  9.10000000e-01  9.09932677e-01 
 7.89147600e-07  9.10000000e-01  9.09933063e-01 
 7.90247600e-07  9.10000000e-01  9.09933444e-01 
 7.91347600e-07  9.10000000e-01  9.09933822e-01 
 7.92447600e-07  9.10000000e-01  9.09934197e-01 
 7.93547600e-07  9.10000000e-01  9.09934568e-01 
 7.94647600e-07  9.10000000e-01  9.09934936e-01 
 7.95747600e-07  9.10000000e-01  9.09935301e-01 
 7.96847600e-07  9.10000000e-01  9.09935662e-01 
 7.97947600e-07  9.10000000e-01  9.09936020e-01 
 7.99047600e-07  9.10000000e-01  9.09936375e-01 
 8.00147600e-07  9.10000000e-01  9.09936726e-01 
 8.01247600e-07  9.10000000e-01  9.09937074e-01 
 8.02347600e-07  9.10000000e-01  9.09937419e-01 
 8.03447600e-07  9.10000000e-01  9.09937761e-01 
 8.04547600e-07  9.10000000e-01  9.09938100e-01 
 8.05647600e-07  9.10000000e-01  9.09938436e-01 
 8.06747600e-07  9.10000000e-01  9.09938768e-01 
 8.07847600e-07  9.10000000e-01  9.09939098e-01 
 8.08947600e-07  9.10000000e-01  9.09939425e-01 
 8.10047600e-07  9.10000000e-01  9.09939748e-01 
 8.11147600e-07  9.10000000e-01  9.09940069e-01 
 8.12247600e-07  9.10000000e-01  9.09940387e-01 
 8.13347600e-07  9.10000000e-01  9.09940701e-01 
 8.14447600e-07  9.10000000e-01  9.09941013e-01 
 8.15547600e-07  9.10000000e-01  9.09941322e-01 
 8.16647600e-07  9.10000000e-01  9.09941629e-01 
 8.17747600e-07  9.10000000e-01  9.09941932e-01 
 8.18847600e-07  9.10000000e-01  9.09942233e-01 
 8.19947600e-07  9.10000000e-01  9.09942531e-01 
 8.21047600e-07  9.10000000e-01  9.09942826e-01 
 8.22147600e-07  9.10000000e-01  9.09943118e-01 
 8.23247600e-07  9.10000000e-01  9.09943408e-01 
 8.24347600e-07  9.10000000e-01  9.09943695e-01 
 8.25447600e-07  9.10000000e-01  9.09943980e-01 
 8.26547600e-07  9.10000000e-01  9.09944262e-01 
 8.27647600e-07  9.10000000e-01  9.09944541e-01 
 8.28747600e-07  9.10000000e-01  9.09944818e-01 
 8.29847600e-07  9.10000000e-01  9.09945093e-01 
 8.30947600e-07  9.10000000e-01  9.09945365e-01 
 8.32047600e-07  9.10000000e-01  9.09945634e-01 
 8.33147600e-07  9.10000000e-01  9.09945901e-01 
 8.34247600e-07  9.10000000e-01  9.09946165e-01 
 8.35347600e-07  9.10000000e-01  9.09946427e-01 
 8.36447600e-07  9.10000000e-01  9.09946687e-01 
 8.37547600e-07  9.10000000e-01  9.09946944e-01 
 8.38647600e-07  9.10000000e-01  9.09947199e-01 
 8.39747600e-07  9.10000000e-01  9.09947452e-01 
 8.40847600e-07  9.10000000e-01  9.09947702e-01 
 8.41947600e-07  9.10000000e-01  9.09947950e-01 
 8.43047600e-07  9.10000000e-01  9.09948196e-01 
 8.44147600e-07  9.10000000e-01  9.09948439e-01 
 8.45247600e-07  9.10000000e-01  9.09948681e-01 
 8.46347600e-07  9.10000000e-01  9.09948920e-01 
 8.47447600e-07  9.10000000e-01  9.09949156e-01 
 8.48547600e-07  9.10000000e-01  9.09949391e-01 
 8.49647600e-07  9.10000000e-01  9.09949624e-01 
 8.50747600e-07  9.10000000e-01  9.09949854e-01 
 8.51847600e-07  9.10000000e-01  9.09950083e-01 
 8.52947600e-07  9.10000000e-01  9.09950309e-01 
 8.54047600e-07  9.10000000e-01  9.09950533e-01 
 8.55147600e-07  9.10000000e-01  9.09950755e-01 
 8.56247600e-07  9.10000000e-01  9.09950975e-01 
 8.57347600e-07  9.10000000e-01  9.09951193e-01 
 8.58447600e-07  9.10000000e-01  9.09951410e-01 
 8.59547600e-07  9.10000000e-01  9.09951624e-01 
 8.60647600e-07  9.10000000e-01  9.09951836e-01 
 8.61747600e-07  9.10000000e-01  9.09952046e-01 
 8.62847600e-07  9.10000000e-01  9.09952255e-01 
 8.63947600e-07  9.10000000e-01  9.09952461e-01 
 8.65047600e-07  9.10000000e-01  9.09952666e-01 
 8.66147600e-07  9.10000000e-01  9.09952868e-01 
 8.67247600e-07  9.10000000e-01  9.09953069e-01 
 8.68347600e-07  9.10000000e-01  9.09953268e-01 
 8.69447600e-07  9.10000000e-01  9.09953465e-01 
 8.70547600e-07  9.10000000e-01  9.09953661e-01 
 8.71647600e-07  9.10000000e-01  9.09953854e-01 
 8.72747600e-07  9.10000000e-01  9.09954046e-01 
 8.73847600e-07  9.10000000e-01  9.09954236e-01 
 8.74947600e-07  9.10000000e-01  9.09954425e-01 
 8.76047600e-07  9.10000000e-01  9.09954611e-01 
 8.77147600e-07  9.10000000e-01  9.09954796e-01 
 8.78247600e-07  9.10000000e-01  9.09954979e-01 
 8.79347600e-07  9.10000000e-01  9.09955161e-01 
 8.80447600e-07  9.10000000e-01  9.09955341e-01 
 8.81547600e-07  9.10000000e-01  9.09955519e-01 
 8.82647600e-07  9.10000000e-01  9.09955696e-01 
 8.83747600e-07  9.10000000e-01  9.09955871e-01 
 8.84847600e-07  9.10000000e-01  9.09956044e-01 
 8.85947600e-07  9.10000000e-01  9.09956216e-01 
 8.87047600e-07  9.10000000e-01  9.09956386e-01 
 8.88147600e-07  9.10000000e-01  9.09956555e-01 
 8.89247600e-07  9.10000000e-01  9.09956722e-01 
 8.90347600e-07  9.10000000e-01  9.09956888e-01 
 8.91447600e-07  9.10000000e-01  9.09957052e-01 
 8.92547600e-07  9.10000000e-01  9.09957215e-01 
 8.93647600e-07  9.10000000e-01  9.09957376e-01 
 8.94747600e-07  9.10000000e-01  9.09957535e-01 
 8.95847600e-07  9.10000000e-01  9.09957694e-01 
 8.96947600e-07  9.10000000e-01  9.09957850e-01 
 8.98047600e-07  9.10000000e-01  9.09958006e-01 
 8.99147600e-07  9.10000000e-01  9.09958160e-01 
 9.00247600e-07  9.10000000e-01  9.09958312e-01 
 9.01347600e-07  9.10000000e-01  9.09958463e-01 
 9.02447600e-07  9.10000000e-01  9.09958613e-01 
 9.03547600e-07  9.10000000e-01  9.09958761e-01 
 9.04647600e-07  9.10000000e-01  9.09958908e-01 
 9.05747600e-07  9.10000000e-01  9.09959054e-01 
 9.06847600e-07  9.10000000e-01  9.09959199e-01 
 9.07947600e-07  9.10000000e-01  9.09959342e-01 
 9.09047600e-07  9.10000000e-01  9.09959483e-01 
 9.10147600e-07  9.10000000e-01  9.09959624e-01 
 9.11247600e-07  9.10000000e-01  9.09959763e-01 
 9.12347600e-07  9.10000000e-01  9.09959901e-01 
 9.13447600e-07  9.10000000e-01  9.09960037e-01 
 9.14547600e-07  9.10000000e-01  9.09960173e-01 
 9.15647600e-07  9.10000000e-01  9.09960307e-01 
 9.16747600e-07  9.10000000e-01  9.09960440e-01 
 9.17847600e-07  9.10000000e-01  9.09960572e-01 
 9.18947600e-07  9.10000000e-01  9.09960702e-01 
 9.20047600e-07  9.10000000e-01  9.09960831e-01 
 9.21147600e-07  9.10000000e-01  9.09960959e-01 
 9.22247600e-07  9.10000000e-01  9.09961086e-01 
 9.23347600e-07  9.10000000e-01  9.09961212e-01 
 9.24447600e-07  9.10000000e-01  9.09961337e-01 
 9.25547600e-07  9.10000000e-01  9.09961460e-01 
 9.26647600e-07  9.10000000e-01  9.09961583e-01 
 9.27747600e-07  9.10000000e-01  9.09961704e-01 
 9.28847600e-07  9.10000000e-01  9.09961824e-01 
 9.29947600e-07  9.10000000e-01  9.09961943e-01 
 9.31047600e-07  9.10000000e-01  9.09962061e-01 
 9.32147600e-07  9.10000000e-01  9.09962178e-01 
 9.33247600e-07  9.10000000e-01  9.09962294e-01 
 9.34347600e-07  9.10000000e-01  9.09962409e-01 
 9.35447600e-07  9.10000000e-01  9.09962523e-01 
 9.36547600e-07  9.10000000e-01  9.09962635e-01 
 9.37647600e-07  9.10000000e-01  9.09962747e-01 
 9.38747600e-07  9.10000000e-01  9.09962858e-01 
 9.39847600e-07  9.10000000e-01  9.09962967e-01 
 9.40947600e-07  9.10000000e-01  9.09963076e-01 
 9.42047600e-07  9.10000000e-01  9.09963183e-01 
 9.43147600e-07  9.10000000e-01  9.09963290e-01 
 9.44247600e-07  9.10000000e-01  9.09963396e-01 
 9.45347600e-07  9.10000000e-01  9.09963500e-01 
 9.46447600e-07  9.10000000e-01  9.09963604e-01 
 9.47547600e-07  9.10000000e-01  9.09963707e-01 
 9.48647600e-07  9.10000000e-01  9.09963809e-01 
 9.49747600e-07  9.10000000e-01  9.09963910e-01 
 9.50847600e-07  9.10000000e-01  9.09964010e-01 
 9.51947600e-07  9.10000000e-01  9.09964109e-01 
 9.53047600e-07  9.10000000e-01  9.09964207e-01 
 9.54147600e-07  9.10000000e-01  9.09964305e-01 
 9.55247600e-07  9.10000000e-01  9.09964401e-01 
 9.56347600e-07  9.10000000e-01  9.09964496e-01 
 9.57447600e-07  9.10000000e-01  9.09964591e-01 
 9.58547600e-07  9.10000000e-01  9.09964685e-01 
 9.59647600e-07  9.10000000e-01  9.09964778e-01 
 9.60747600e-07  9.10000000e-01  9.09964870e-01 
 9.61847600e-07  9.10000000e-01  9.09964961e-01 
 9.62947600e-07  9.10000000e-01  9.09965052e-01 
 9.64047600e-07  9.10000000e-01  9.09965141e-01 
 9.65147600e-07  9.10000000e-01  9.09965230e-01 
 9.66247600e-07  9.10000000e-01  9.09965318e-01 
 9.67347600e-07  9.10000000e-01  9.09965405e-01 
 9.68447600e-07  9.10000000e-01  9.09965492e-01 
 9.69547600e-07  9.10000000e-01  9.09965577e-01 
 9.70647600e-07  9.10000000e-01  9.09965662e-01 
 9.71747600e-07  9.10000000e-01  9.09965746e-01 
 9.72847600e-07  9.10000000e-01  9.09965829e-01 
 9.73947600e-07  9.10000000e-01  9.09965912e-01 
 9.75047600e-07  9.10000000e-01  9.09965993e-01 
 9.76147600e-07  9.10000000e-01  9.09966074e-01 
 9.77247600e-07  9.10000000e-01  9.09966155e-01 
 9.78347600e-07  9.10000000e-01  9.09966234e-01 
 9.79447600e-07  9.10000000e-01  9.09966313e-01 
 9.80547600e-07  9.10000000e-01  9.09966391e-01 
 9.81647600e-07  9.10000000e-01  9.09966469e-01 
 9.82747600e-07  9.10000000e-01  9.09966545e-01 
 9.83847600e-07  9.10000000e-01  9.09966621e-01 
 9.84947600e-07  9.10000000e-01  9.09966696e-01 
 9.86047600e-07  9.10000000e-01  9.09966771e-01 
 9.87147600e-07  9.10000000e-01  9.09966845e-01 
 9.88247600e-07  9.10000000e-01  9.09966918e-01 
 9.89347600e-07  9.10000000e-01  9.09966991e-01 
 9.90447600e-07  9.10000000e-01  9.09967063e-01 
 9.91547600e-07  9.10000000e-01  9.09967134e-01 
 9.92647600e-07  9.10000000e-01  9.09967204e-01 
 9.93747600e-07  9.10000000e-01  9.09967274e-01 
 9.94847600e-07  9.10000000e-01  9.09967344e-01 
 9.95947600e-07  9.10000000e-01  9.09967412e-01 
 9.97047600e-07  9.10000000e-01  9.09967480e-01 
 9.98147600e-07  9.10000000e-01  9.09967548e-01 
 9.99247600e-07  9.10000000e-01  9.09967615e-01 
 1.00034760e-06  9.10000000e-01  9.09967681e-01 
 1.00144760e-06  9.10000000e-01  9.09967746e-01 
 1.00254760e-06  9.10000000e-01  9.09967811e-01 
 1.00364760e-06  9.10000000e-01  9.09967876e-01 
 1.00474760e-06  9.10000000e-01  9.09967940e-01 
 1.00584760e-06  9.10000000e-01  9.09968003e-01 
 1.00694760e-06  9.10000000e-01  9.09968065e-01 
 1.00804760e-06  9.10000000e-01  9.09968128e-01 
 1.00914760e-06  9.10000000e-01  9.09968189e-01 
 1.01024760e-06  9.10000000e-01  9.09968250e-01 
 1.01134760e-06  9.10000000e-01  9.09968310e-01 
 1.01244760e-06  9.10000000e-01  9.09968370e-01 
 1.01354760e-06  9.10000000e-01  9.09968430e-01 
 1.01464760e-06  9.10000000e-01  9.09968488e-01 
 1.01574760e-06  9.10000000e-01  9.09968547e-01 
 1.01684760e-06  9.10000000e-01  9.09968604e-01 
 1.01794760e-06  9.10000000e-01  9.09968661e-01 
 1.01904760e-06  9.10000000e-01  9.09968718e-01 
 1.02014760e-06  9.10000000e-01  9.09968774e-01 
 1.02124760e-06  9.10000000e-01  9.09968830e-01 
 1.02234760e-06  9.10000000e-01  9.09968885e-01 
 1.02344760e-06  9.10000000e-01  9.09968940e-01 
 1.02454760e-06  9.10000000e-01  9.09968994e-01 
 1.02564760e-06  9.10000000e-01  9.09969047e-01 
 1.02674760e-06  9.10000000e-01  9.09969100e-01 
 1.02784760e-06  9.10000000e-01  9.09969153e-01 
 1.02894760e-06  9.10000000e-01  9.09969205e-01 
 1.03004760e-06  9.10000000e-01  9.09969257e-01 
 1.03114760e-06  9.10000000e-01  9.09969308e-01 
 1.03224760e-06  9.10000000e-01  9.09969359e-01 
 1.03334760e-06  9.10000000e-01  9.09969409e-01 
 1.03444760e-06  9.10000000e-01  9.09969459e-01 
 1.03554760e-06  9.10000000e-01  9.09969508e-01 
 1.03664760e-06  9.10000000e-01  9.09969557e-01 
 1.03774760e-06  9.10000000e-01  9.09969606e-01 
 1.03884760e-06  9.10000000e-01  9.09969654e-01 
 1.03994760e-06  9.10000000e-01  9.09969701e-01 
 1.04104760e-06  9.10000000e-01  9.09969748e-01 
 1.04214760e-06  9.10000000e-01  9.09969795e-01 
 1.04324760e-06  9.10000000e-01  9.09969841e-01 
 1.04434760e-06  9.10000000e-01  9.09969887e-01 
 1.04544760e-06  9.10000000e-01  9.09969933e-01 
 1.04654760e-06  9.10000000e-01  9.09969978e-01 
 1.04764760e-06  9.10000000e-01  9.09970022e-01 
 1.04874760e-06  9.10000000e-01  9.09970067e-01 
 1.04984760e-06  9.10000000e-01  9.09970110e-01 
 1.05094760e-06  9.10000000e-01  9.09970154e-01 
 1.05204760e-06  9.10000000e-01  9.09970197e-01 
 1.05314760e-06  9.10000000e-01  9.09970239e-01 
 1.05424760e-06  9.10000000e-01  9.09970282e-01 
 1.05534760e-06  9.10000000e-01  9.09970323e-01 
 1.05644760e-06  9.10000000e-01  9.09970365e-01 
 1.05754760e-06  9.10000000e-01  9.09970406e-01 
 1.05864760e-06  9.10000000e-01  9.09970447e-01 
 1.05974760e-06  9.10000000e-01  9.09970487e-01 
 1.06084760e-06  9.10000000e-01  9.09970527e-01 
 1.06194760e-06  9.10000000e-01  9.09970567e-01 
 1.06304760e-06  9.10000000e-01  9.09970606e-01 
 1.06414760e-06  9.10000000e-01  9.09970645e-01 
 1.06524760e-06  9.10000000e-01  9.09970683e-01 
 1.06634760e-06  9.10000000e-01  9.09970722e-01 
 1.06744760e-06  9.10000000e-01  9.09970759e-01 
 1.06854760e-06  9.10000000e-01  9.09970797e-01 
 1.06964760e-06  9.10000000e-01  9.09970834e-01 
 1.07074760e-06  9.10000000e-01  9.09970871e-01 
 1.07184760e-06  9.10000000e-01  9.09970907e-01 
 1.07294760e-06  9.10000000e-01  9.09970943e-01 
 1.07404760e-06  9.10000000e-01  9.09970979e-01 
 1.07514760e-06  9.10000000e-01  9.09971015e-01 
 1.07624760e-06  9.10000000e-01  9.09971050e-01 
 1.07734760e-06  9.10000000e-01  9.09971085e-01 
 1.07844760e-06  9.10000000e-01  9.09971119e-01 
 1.07954760e-06  9.10000000e-01  9.09971153e-01 
 1.08064760e-06  9.10000000e-01  9.09971187e-01 
 1.08174760e-06  9.10000000e-01  9.09971221e-01 
 1.08284760e-06  9.10000000e-01  9.09971254e-01 
 1.08394760e-06  9.10000000e-01  9.09971287e-01 
 1.08504760e-06  9.10000000e-01  9.09971320e-01 
 1.08614760e-06  9.10000000e-01  9.09971352e-01 
 1.08724760e-06  9.10000000e-01  9.09971384e-01 
 1.08834760e-06  9.10000000e-01  9.09971416e-01 
 1.08944760e-06  9.10000000e-01  9.09971448e-01 
 1.09054760e-06  9.10000000e-01  9.09971479e-01 
 1.09164760e-06  9.10000000e-01  9.09971510e-01 
 1.09274760e-06  9.10000000e-01  9.09971540e-01 
 1.09384760e-06  9.10000000e-01  9.09971571e-01 
 1.09494760e-06  9.10000000e-01  9.09971601e-01 
 1.09604760e-06  9.10000000e-01  9.09971631e-01 
 1.09714760e-06  9.10000000e-01  9.09971660e-01 
 1.09824760e-06  9.10000000e-01  9.09971689e-01 
 1.09934760e-06  9.10000000e-01  9.09971718e-01 
 1.10000000e-06  9.10000000e-01  9.09971735e-01 
