 frequency       vr(out)         vi(out)        
 1.00000000e-01  9.99997087e-01 -9.37826224e-08 
 1.05776756e-01  9.99997087e-01 -9.92002157e-08 
 1.11887221e-01  9.99997087e-01 -1.04930770e-07 
 1.18350673e-01  9.99997087e-01 -1.10992365e-07 
 1.25187503e-01  9.99997087e-01 -1.17404123e-07 
 1.32419279e-01  9.99997087e-01 -1.24186273e-07 
 1.40068818e-01  9.99997087e-01 -1.31360211e-07 
 1.48160252e-01  9.99997087e-01 -1.38948569e-07 
 1.56719108e-01  9.99997087e-01 -1.46975289e-07 
 1.65772389e-01  9.99997087e-01 -1.55465693e-07 
 1.75348655e-01  9.99997087e-01 -1.64446567e-07 
 1.85478119e-01  9.99997087e-01 -1.73946244e-07 
 1.96192737e-01  9.99997087e-01 -1.83994694e-07 
 2.07526313e-01  9.99997087e-01 -1.94623619e-07 
 2.19514602e-01  9.99997087e-01 -2.05866550e-07 
 2.32195425e-01  9.99997087e-01 -2.17758959e-07 
 2.45608788e-01  9.99997087e-01 -2.30338362e-07 
 2.59797009e-01  9.99997087e-01 -2.43644448e-07 
 2.74804848e-01  9.99997087e-01 -2.57719193e-07 
 2.90679654e-01  9.99997087e-01 -2.72607002e-07 
 3.07471508e-01  9.99997087e-01 -2.88354843e-07 
 3.25233387e-01  9.99997087e-01 -3.05012399e-07 
 3.44021326e-01  9.99997087e-01 -3.22632221e-07 
 3.63894599e-01  9.99997087e-01 -3.41269898e-07 
 3.84915902e-01  9.99997087e-01 -3.60984227e-07 
 4.07151555e-01  9.99997087e-01 -3.81837405e-07 
 4.30671707e-01  9.99997087e-01 -4.03895220e-07 
 4.55550561e-01  9.99997087e-01 -4.27227262e-07 
 4.81866605e-01  9.99997087e-01 -4.51907139e-07 
 5.09702863e-01  9.99997087e-01 -4.78012711e-07 
 5.39147154e-01  9.99997087e-01 -5.05626340e-07 
 5.70292370e-01  9.99997087e-01 -5.34835140e-07 
 6.03236769e-01  9.99997087e-01 -5.65731261e-07 
 6.38084285e-01  9.99997087e-01 -5.98412175e-07 
 6.74944857e-01  9.99997087e-01 -6.32980987e-07 
 7.13934775e-01  9.99997087e-01 -6.69546754e-07 
 7.55177045e-01  9.99997087e-01 -7.08224837e-07 
 7.98801781e-01  9.99997087e-01 -7.49137258e-07 
 8.44946611e-01  9.99997087e-01 -7.92413089e-07 
 8.93757115e-01  9.99997087e-01 -8.38188860e-07 
 9.45387283e-01  9.99997087e-01 -8.86608986e-07 
 1.00000000e+00  9.99997087e-01 -9.37826224e-07 
 1.05776756e+00  9.99997087e-01 -9.92002157e-07 
 1.11887221e+00  9.99997087e-01 -1.04930770e-06 
 1.18350673e+00  9.99997087e-01 -1.10992365e-06 
 1.25187503e+00  9.99997087e-01 -1.17404123e-06 
 1.32419279e+00  9.99997087e-01 -1.24186273e-06 
 1.40068818e+00  9.99997087e-01 -1.31360211e-06 
 1.48160252e+00  9.99997087e-01 -1.38948569e-06 
 1.56719108e+00  9.99997087e-01 -1.46975289e-06 
 1.65772389e+00  9.99997087e-01 -1.55465693e-06 
 1.75348655e+00  9.99997087e-01 -1.64446567e-06 
 1.85478119e+00  9.99997087e-01 -1.73946244e-06 
 1.96192737e+00  9.99997087e-01 -1.83994694e-06 
 2.07526313e+00  9.99997087e-01 -1.94623619e-06 
 2.19514602e+00  9.99997087e-01 -2.05866550e-06 
 2.32195425e+00  9.99997087e-01 -2.17758959e-06 
 2.45608788e+00  9.99997087e-01 -2.30338362e-06 
 2.59797009e+00  9.99997087e-01 -2.43644448e-06 
 2.74804848e+00  9.99997087e-01 -2.57719193e-06 
 2.90679654e+00  9.99997087e-01 -2.72607002e-06 
 3.07471508e+00  9.99997087e-01 -2.88354843e-06 
 3.25233387e+00  9.99997087e-01 -3.05012399e-06 
 3.44021326e+00  9.99997087e-01 -3.22632221e-06 
 3.63894599e+00  9.99997087e-01 -3.41269898e-06 
 3.84915902e+00  9.99997087e-01 -3.60984227e-06 
 4.07151555e+00  9.99997087e-01 -3.81837405e-06 
 4.30671707e+00  9.99997087e-01 -4.03895220e-06 
 4.55550561e+00  9.99997087e-01 -4.27227262e-06 
 4.81866605e+00  9.99997087e-01 -4.51907139e-06 
 5.09702863e+00  9.99997087e-01 -4.78012711e-06 
 5.39147154e+00  9.99997087e-01 -5.05626340e-06 
 5.70292370e+00  9.99997087e-01 -5.34835140e-06 
 6.03236769e+00  9.99997087e-01 -5.65731261e-06 
 6.38084285e+00  9.99997087e-01 -5.98412175e-06 
 6.74944857e+00  9.99997087e-01 -6.32980987e-06 
 7.13934775e+00  9.99997087e-01 -6.69546754e-06 
 7.55177045e+00  9.99997087e-01 -7.08224837e-06 
 7.98801781e+00  9.99997087e-01 -7.49137258e-06 
 8.44946611e+00  9.99997087e-01 -7.92413089e-06 
 8.93757115e+00  9.99997087e-01 -8.38188860e-06 
 9.45387283e+00  9.99997087e-01 -8.86608986e-06 
 1.00000000e+01  9.99997087e-01 -9.37826224e-06 
 1.05776756e+01  9.99997087e-01 -9.92002157e-06 
 1.11887221e+01  9.99997087e-01 -1.04930770e-05 
 1.18350673e+01  9.99997087e-01 -1.10992365e-05 
 1.25187503e+01  9.99997087e-01 -1.17404123e-05 
 1.32419279e+01  9.99997087e-01 -1.24186273e-05 
 1.40068818e+01  9.99997087e-01 -1.31360211e-05 
 1.48160252e+01  9.99997087e-01 -1.38948569e-05 
 1.56719108e+01  9.99997087e-01 -1.46975289e-05 
 1.65772389e+01  9.99997087e-01 -1.55465693e-05 
 1.75348655e+01  9.99997087e-01 -1.64446567e-05 
 1.85478119e+01  9.99997086e-01 -1.73946244e-05 
 1.96192737e+01  9.99997086e-01 -1.83994694e-05 
 2.07526313e+01  9.99997086e-01 -1.94623619e-05 
 2.19514602e+01  9.99997086e-01 -2.05866550e-05 
 2.32195425e+01  9.99997086e-01 -2.17758959e-05 
 2.45608788e+01  9.99997086e-01 -2.30338362e-05 
 2.59797009e+01  9.99997086e-01 -2.43644448e-05 
 2.74804848e+01  9.99997086e-01 -2.57719193e-05 
 2.90679654e+01  9.99997086e-01 -2.72607002e-05 
 3.07471508e+01  9.99997086e-01 -2.88354843e-05 
 3.25233387e+01  9.99997086e-01 -3.05012399e-05 
 3.44021326e+01  9.99997086e-01 -3.22632221e-05 
 3.63894599e+01  9.99997086e-01 -3.41269897e-05 
 3.84915902e+01  9.99997086e-01 -3.60984227e-05 
 4.07151555e+01  9.99997086e-01 -3.81837405e-05 
 4.30671707e+01  9.99997085e-01 -4.03895220e-05 
 4.55550561e+01  9.99997085e-01 -4.27227261e-05 
 4.81866605e+01  9.99997085e-01 -4.51907138e-05 
 5.09702863e+01  9.99997085e-01 -4.78012711e-05 
 5.39147154e+01  9.99997085e-01 -5.05626339e-05 
 5.70292370e+01  9.99997084e-01 -5.34835139e-05 
 6.03236769e+01  9.99997084e-01 -5.65731260e-05 
 6.38084285e+01  9.99997084e-01 -5.98412174e-05 
 6.74944857e+01  9.99997083e-01 -6.32980985e-05 
 7.13934775e+01  9.99997083e-01 -6.69546752e-05 
 7.55177045e+01  9.99997083e-01 -7.08224834e-05 
 7.98801781e+01  9.99997082e-01 -7.49137255e-05 
 8.44946611e+01  9.99997081e-01 -7.92413086e-05 
 8.93757115e+01  9.99997081e-01 -8.38188856e-05 
 9.45387283e+01  9.99997080e-01 -8.86608981e-05 
 1.00000000e+02  9.99997079e-01 -9.37826218e-05 
 1.05776756e+02  9.99997079e-01 -9.92002150e-05 
 1.11887221e+02  9.99997078e-01 -1.04930769e-04 
 1.18350673e+02  9.99997076e-01 -1.10992364e-04 
 1.25187503e+02  9.99997075e-01 -1.17404122e-04 
 1.32419279e+02  9.99997074e-01 -1.24186271e-04 
 1.40068818e+02  9.99997072e-01 -1.31360209e-04 
 1.48160252e+02  9.99997071e-01 -1.38948568e-04 
 1.56719108e+02  9.99997069e-01 -1.46975287e-04 
 1.65772389e+02  9.99997067e-01 -1.55465691e-04 
 1.75348655e+02  9.99997064e-01 -1.64446564e-04 
 1.85478119e+02  9.99997061e-01 -1.73946240e-04 
 1.96192737e+02  9.99997058e-01 -1.83994690e-04 
 2.07526313e+02  9.99997055e-01 -1.94623614e-04 
 2.19514602e+02  9.99997051e-01 -2.05866544e-04 
 2.32195425e+02  9.99997047e-01 -2.17758952e-04 
 2.45608788e+02  9.99997042e-01 -2.30338354e-04 
 2.59797009e+02  9.99997037e-01 -2.43644438e-04 
 2.74804848e+02  9.99997031e-01 -2.57719181e-04 
 2.90679654e+02  9.99997025e-01 -2.72606988e-04 
 3.07471508e+02  9.99997017e-01 -2.88354827e-04 
 3.25233387e+02  9.99997009e-01 -3.05012380e-04 
 3.44021326e+02  9.99997000e-01 -3.22632199e-04 
 3.63894599e+02  9.99996989e-01 -3.41269871e-04 
 3.84915902e+02  9.99996978e-01 -3.60984195e-04 
 4.07151555e+02  9.99996965e-01 -3.81837367e-04 
 4.30671707e+02  9.99996950e-01 -4.03895176e-04 
 4.55550561e+02  9.99996934e-01 -4.27227209e-04 
 4.81866605e+02  9.99996916e-01 -4.51907076e-04 
 5.09702863e+02  9.99996895e-01 -4.78012637e-04 
 5.39147154e+02  9.99996873e-01 -5.05626252e-04 
 5.70292370e+02  9.99996847e-01 -5.34835036e-04 
 6.03236769e+02  9.99996819e-01 -5.65731138e-04 
 6.38084285e+02  9.99996787e-01 -5.98412030e-04 
 6.74944857e+02  9.99996751e-01 -6.32980815e-04 
 7.13934775e+02  9.99996711e-01 -6.69546551e-04 
 7.55177045e+02  9.99996667e-01 -7.08224596e-04 
 7.98801781e+02  9.99996617e-01 -7.49136973e-04 
 8.44946611e+02  9.99996561e-01 -7.92412752e-04 
 8.93757115e+02  9.99996499e-01 -8.38188461e-04 
 9.45387283e+02  9.99996429e-01 -8.86608513e-04 
 1.00000000e+03  9.99996350e-01 -9.37825664e-04 
 1.05776756e+03  9.99996263e-01 -9.92001495e-04 
 1.11887221e+03  9.99996165e-01 -1.04930692e-03 
 1.18350673e+03  9.99996055e-01 -1.10992272e-03 
 1.25187503e+03  9.99995933e-01 -1.17404013e-03 
 1.32419279e+03  9.99995796e-01 -1.24186143e-03 
 1.40068818e+03  9.99995642e-01 -1.31360057e-03 
 1.48160252e+03  9.99995470e-01 -1.38948388e-03 
 1.56719108e+03  9.99995278e-01 -1.46975074e-03 
 1.65772389e+03  9.99995063e-01 -1.55465438e-03 
 1.75348655e+03  9.99994823e-01 -1.64446265e-03 
 1.85478119e+03  9.99994554e-01 -1.73945887e-03 
 1.96192737e+03  9.99994253e-01 -1.83994272e-03 
 2.07526313e+03  9.99993916e-01 -1.94623119e-03 
 2.19514602e+03  9.99993539e-01 -2.05865959e-03 
 2.32195425e+03  9.99993117e-01 -2.17758258e-03 
 2.45608788e+03  9.99992645e-01 -2.30337534e-03 
 2.59797009e+03  9.99992117e-01 -2.43643467e-03 
 2.74804848e+03  9.99991526e-01 -2.57718032e-03 
 2.90679654e+03  9.99990865e-01 -2.72605628e-03 
 3.07471508e+03  9.99990126e-01 -2.88353218e-03 
 3.25233387e+03  9.99989298e-01 -3.05010475e-03 
 3.44021326e+03  9.99988373e-01 -3.22629944e-03 
 3.63894599e+03  9.99987337e-01 -3.41267202e-03 
 3.84915902e+03  9.99986178e-01 -3.60981037e-03 
 4.07151555e+03  9.99984881e-01 -3.81833630e-03 
 4.30671707e+03  9.99983430e-01 -4.03890753e-03 
 4.55550561e+03  9.99981807e-01 -4.27221974e-03 
 4.81866605e+03  9.99979990e-01 -4.51900880e-03 
 5.09702863e+03  9.99977958e-01 -4.78005305e-03 
 5.39147154e+03  9.99975684e-01 -5.05617574e-03 
 5.70292370e+03  9.99973140e-01 -5.34824765e-03 
 6.03236769e+03  9.99970293e-01 -5.65718983e-03 
 6.38084285e+03  9.99967109e-01 -5.98397645e-03 
 6.74944857e+03  9.99963545e-01 -6.32963790e-03 
 7.13934775e+03  9.99959558e-01 -6.69526401e-03 
 7.55177045e+03  9.99955097e-01 -7.08200749e-03 
 7.98801781e+03  9.99950106e-01 -7.49108750e-03 
 8.44946611e+03  9.99944521e-01 -7.92379350e-03 
 8.93757115e+03  9.99938273e-01 -8.38148930e-03 
 9.45387283e+03  9.99931282e-01 -8.86561728e-03 
 1.00000000e+04  9.99923460e-01 -9.37770294e-03 
 1.05776756e+04  9.99914709e-01 -9.91935964e-03 
 1.11887221e+04  9.99904917e-01 -1.04922936e-02 
 1.18350673e+04  9.99893961e-01 -1.10983093e-02 
 1.25187503e+04  9.99881704e-01 -1.17393150e-02 
 1.32419279e+04  9.99867989e-01 -1.24173287e-02 
 1.40068818e+04  9.99852645e-01 -1.31344842e-02 
 1.48160252e+04  9.99835477e-01 -1.38930380e-02 
 1.56719108e+04  9.99816269e-01 -1.46953763e-02 
 1.65772389e+04  9.99794778e-01 -1.55440217e-02 
 1.75348655e+04  9.99770733e-01 -1.64416416e-02 
 1.85478119e+04  9.99743831e-01 -1.73910561e-02 
 1.96192737e+04  9.99713733e-01 -1.83952464e-02 
 2.07526313e+04  9.99680058e-01 -1.94573641e-02 
 2.19514602e+04  9.99642383e-01 -2.05807403e-02 
 2.32195425e+04  9.99600231e-01 -2.17688959e-02 
 2.45608788e+04  9.99553073e-01 -2.30255521e-02 
 2.59797009e+04  9.99500312e-01 -2.43546408e-02 
 2.74804848e+04  9.99441285e-01 -2.57603168e-02 
 2.90679654e+04  9.99375248e-01 -2.72469692e-02 
 3.07471508e+04  9.99301368e-01 -2.88192346e-02 
 3.25233387e+04  9.99218717e-01 -3.04820094e-02 
 3.44021326e+04  9.99126253e-01 -3.22404643e-02 
 3.63894599e+04  9.99022814e-01 -3.41000579e-02 
 3.84915902e+04  9.98907098e-01 -3.60665515e-02 
 4.07151555e+04  9.98777652e-01 -3.81460245e-02 
 4.30671707e+04  9.98632849e-01 -4.03448899e-02 
 4.55550561e+04  9.98470871e-01 -4.26699104e-02 
 4.81866605e+04  9.98289688e-01 -4.51282147e-02 
 5.09702863e+04  9.98087028e-01 -4.77273146e-02 
 5.39147154e+04  9.97860352e-01 -5.04751213e-02 
 5.70292370e+04  9.97606827e-01 -5.33799624e-02 
 6.03236769e+04  9.97323283e-01 -5.64505990e-02 
 6.38084285e+04  9.97006182e-01 -5.96962416e-02 
 6.74944857e+04  9.96651573e-01 -6.31265658e-02 
 7.13934775e+04  9.96255043e-01 -6.67517274e-02 
 7.55177045e+04  9.95811668e-01 -7.05823759e-02 
 7.98801781e+04  9.95315951e-01 -7.46296657e-02 
 8.44946611e+04  9.94761763e-01 -7.89052665e-02 
 8.93757115e+04  9.94142265e-01 -8.34213686e-02 
 9.45387283e+04  9.93449838e-01 -8.81906869e-02 
 1.00000000e+05  9.92675989e-01 -9.32264582e-02 
 1.05776756e+05  9.91811262e-01 -9.85424339e-02 
 1.11887221e+05  9.90845129e-01 -1.04152866e-01 
 1.18350673e+05  9.89765884e-01 -1.10072483e-01 
 1.25187503e+05  9.88560510e-01 -1.16316459e-01 
 1.32419279e+05  9.87214552e-01 -1.22900365e-01 
 1.40068818e+05  9.85711968e-01 -1.29840116e-01 
 1.48160252e+05  9.84034974e-01 -1.37151884e-01 
 1.56719108e+05  9.82163876e-01 -1.44852013e-01 
 1.65772389e+05  9.80076892e-01 -1.52956891e-01 
 1.75348655e+05  9.77749966e-01 -1.61482806e-01 
 1.85478119e+05  9.75156569e-01 -1.70445766e-01 
 1.96192737e+05  9.72267502e-01 -1.79861287e-01 
 2.07526313e+05  9.69050686e-01 -1.89744134e-01 
 2.19514602e+05  9.65470961e-01 -2.00108018e-01 
 2.32195425e+05  9.61489886e-01 -2.10965245e-01 
 2.45608788e+05  9.57065556e-01 -2.22326302e-01 
 2.59797009e+05  9.52152437e-01 -2.34199375e-01 
 2.74804848e+05  9.46701231e-01 -2.46589810e-01 
 2.90679654e+05  9.40658795e-01 -2.59499492e-01 
 3.07471508e+05  9.33968111e-01 -2.72926144e-01 
 3.25233387e+05  9.26568336e-01 -2.86862561e-01 
 3.44021326e+05  9.18394956e-01 -3.01295752e-01 
 3.63894599e+05  9.09380062e-01 -3.16206026e-01 
 3.84915902e+05  8.99452764e-01 -3.31566006e-01 
 4.07151555e+05  8.88539801e-01 -3.47339606e-01 
 4.30671707e+05  8.76566334e-01 -3.63480985e-01 
 4.55550561e+05  8.63456989e-01 -3.79933515e-01 
 4.81866605e+05  8.49137143e-01 -3.96628801e-01 
 5.09702863e+05  8.33534491e-01 -4.13485816e-01 
 5.39147154e+05  8.16580897e-01 -4.30410194e-01 
 5.70292370e+05  7.98214524e-01 -4.47293783e-01 
 6.03236769e+05  7.78382225e-01 -4.64014505e-01 
 6.38084285e+05  7.57042155e-01 -4.80436640e-01 
 6.74944857e+05  7.34166535e-01 -4.96411593e-01 
 7.13934775e+05  7.09744478e-01 -5.11779230e-01 
 7.55177045e+05  6.83784757e-01 -5.26369841e-01 
 7.98801781e+05  6.56318364e-01 -5.40006761e-01 
 8.44946611e+05  6.27400704e-01 -5.52509646e-01 
 8.93757115e+05  5.97113243e-01 -5.63698352e-01 
 9.45387283e+05  5.65564442e-01 -5.73397330e-01 
 1.00000000e+06  5.32889816e-01 -5.81440367e-01 
 1.05776756e+06  4.99251020e-01 -5.87675494e-01 
 1.11887221e+06  4.64833870e-01 -5.91969811e-01 
 1.18350673e+06  4.29845332e-01 -5.94213963e-01 
 1.25187503e+06  3.94509533e-01 -5.94326021e-01 
 1.32419279e+06  3.59062962e-01 -5.92254511e-01 
 1.40068818e+06  3.23749070e-01 -5.87980407e-01 
 1.48160252e+06  2.88812551e-01 -5.81517959e-01 
 1.56719108e+06  2.54493586e-01 -5.72914307e-01 
 1.65772389e+06  2.21022367e-01 -5.62247926e-01 
 1.75348655e+06  1.88614153e-01 -5.49626023e-01 
 1.85478119e+06  1.57465093e-01 -5.35181067e-01 
 1.96192737e+06  1.27748964e-01 -5.19066706e-01 
 2.07526313e+06  9.96149039e-02 -5.01453303e-01 
 2.19514602e+06  7.31861389e-02 -4.82523377e-01 
 2.32195425e+06  4.85596441e-02 -4.62467162e-01 
 2.45608788e+06  2.58066175e-02 -4.41478486e-01 
 2.59797009e+06  4.97361017e-03 -4.19751113e-01 
 2.74804848e+06 -1.39158579e-02 -3.97475627e-01 
 2.90679654e+06 -3.08593712e-02 -3.74836900e-01 
 3.07471508e+06 -4.58735423e-02 -3.52012129e-01 
 3.25233387e+06 -5.89919206e-02 -3.29169379e-01 
 3.44021326e+06 -7.02629911e-02 -3.06466572e-01 
 3.63894599e+06 -7.97483335e-02 -2.84050810e-01 
 3.84915902e+06 -8.75209763e-02 -2.62057942e-01 
 4.07151555e+06 -9.36639496e-02 -2.40612287e-01 
 4.30671707e+06 -9.82690146e-02 -2.19826418e-01 
 4.55550561e+06 -1.01435523e-01 -1.99800961e-01 
 4.81866605e+06 -1.03269356e-01 -1.80624365e-01 
 5.09702863e+06 -1.03881873e-01 -1.62372635e-01 
 5.39147154e+06 -1.03388821e-01 -1.45109028e-01 
 5.70292370e+06 -1.01909161e-01 -1.28883768e-01 
 6.03236769e+06 -9.95637656e-02 -1.13733803e-01 
 6.38084285e+06 -9.64740053e-02 -9.96826824e-02 
 6.74944857e+06 -9.27602182e-02 -8.67406027e-02 
 7.13934775e+06 -8.85401112e-02 -7.49046729e-02 
 7.55177045e+06 -8.39271449e-02 -6.41594427e-02 
 7.98801781e+06 -7.90289694e-02 -5.44777065e-02 
 8.44946611e+06 -7.39459822e-02 -4.58215808e-02 
 8.93757115e+06 -6.87700786e-02 -3.81438279e-02 
 9.45387283e+06 -6.35836502e-02 -3.13893802e-02 
 1.00000000e+07 -5.84588762e-02 -2.54970023e-02 
 1.05776756e+07 -5.34573310e-02 -2.04010228e-02 
 1.11887221e+07 -4.86299091e-02 -1.60330605e-02 
 1.18350673e+07 -4.40170548e-02 -1.23236790e-02 
 1.25187503e+07 -3.96492609e-02 -9.20390610e-03 
 1.32419279e+07 -3.55477946e-02 -6.60657381e-03 
 1.40068818e+07 -3.17255966e-02 -4.46744235e-03 
 1.48160252e+07 -2.81882983e-02 -2.72609228e-03 
 1.56719108e+07 -2.49353022e-02 -1.32657947e-03 
 1.65772389e+07 -2.19608742e-02 -2.17861809e-04 
 1.75348655e+07 -1.92552058e-02  6.45983865e-04 
 1.85478119e+07 -1.68054089e-02  1.30572858e-03 
 1.96192737e+07 -1.45964179e-02  1.79711138e-03 
 2.07526313e+07 -1.26117825e-02  2.15108016e-03 
 2.19514602e+07 -1.08343411e-02  2.39412117e-03 
 2.32195425e+07 -9.24677536e-03  2.54864689e-03 
 2.45608788e+07 -7.83204836e-03  2.63341589e-03 
 2.59797009e+07 -6.57373749e-03  2.66396213e-03 
 2.74804848e+07 -5.45627236e-03  2.65301602e-03 
 2.90679654e+07 -4.46509208e-03  2.61090387e-03 
 3.07471508e+07 -3.58673545e-03  2.54591684e-03 
 3.25233387e+07 -2.80887767e-03  2.46464380e-03 
 3.44021326e+07 -2.12032579e-03  2.37226576e-03 
 3.63894599e+07 -1.51098386e-03  2.27281176e-03 
 3.84915902e+07 -9.71797136e-04  2.16937780e-03 
 4.07151555e+07 -4.94682714e-04  2.06431153e-03 
 4.30671707e+07 -7.24528033e-05  1.95936606e-03 
 4.55550561e+07  3.01264883e-04  1.85582657e-03 
 4.81866605e+07  6.32106212e-04  1.75461348e-03 
 5.09702863e+07  9.25046844e-04  1.65636557e-03 
 5.39147154e+07  1.18447404e-03  1.56150638e-03 
 5.70292370e+07  1.41425316e-03  1.47029683e-03 
 6.03236769e+07  1.61778839e-03  1.38287642e-03 
 6.38084285e+07  1.79807765e-03  1.29929537e-03 
 6.74944857e+07  1.95776178e-03  1.21953931e-03 
 7.13934775e+07  2.09916837e-03  1.14354816e-03 
 7.55177045e+07  2.22435047e-03  1.07123037e-03 
 7.98801781e+07  2.33512081e-03  1.00247350e-03 
 8.44946611e+07  2.43308175e-03  9.37151992e-04 
 8.93757115e+07  2.51965157e-03  8.75132689e-04 
 9.45387283e+07  2.59608734e-03  8.16278707e-04 
 1.00000000e+08  2.66350484e-03  7.60451997e-04 
