 frequency       AmagdB          Aphdeg         
 1.00000000e+04  5.16598545e+01 -2.18896788e+00 
 1.02305973e+04  5.16595591e+01 -2.23939412e+00 
 1.04665121e+04  5.16592499e+01 -2.29097957e+00 
 1.07078670e+04  5.16589263e+01 -2.34375074e+00 
 1.09547876e+04  5.16585877e+01 -2.39773467e+00 
 1.12074020e+04  5.16582333e+01 -2.45295906e+00 
 1.14658417e+04  5.16578623e+01 -2.50945219e+00 
 1.17302409e+04  5.16574741e+01 -2.56724299e+00 
 1.20007371e+04  5.16570679e+01 -2.62636102e+00 
 1.22774708e+04  5.16566427e+01 -2.68683651e+00 
 1.25605860e+04  5.16561977e+01 -2.74870035e+00 
 1.28502297e+04  5.16557320e+01 -2.81198412e+00 
 1.31465525e+04  5.16552447e+01 -2.87672010e+00 
 1.34497085e+04  5.16547347e+01 -2.94294127e+00 
 1.37598551e+04  5.16542009e+01 -3.01068135e+00 
 1.40771537e+04  5.16536423e+01 -3.07997478e+00 
 1.44017690e+04  5.16530578e+01 -3.15085677e+00 
 1.47338699e+04  5.16524460e+01 -3.22336330e+00 
 1.50736290e+04  5.16518058e+01 -3.29753112e+00 
 1.54212228e+04  5.16511359e+01 -3.37339779e+00 
 1.57768320e+04  5.16504347e+01 -3.45100168e+00 
 1.61406415e+04  5.16497011e+01 -3.53038199e+00 
 1.65128404e+04  5.16489333e+01 -3.61157875e+00 
 1.68936220e+04  5.16481298e+01 -3.69463286e+00 
 1.72831844e+04  5.16472890e+01 -3.77958611e+00 
 1.76817299e+04  5.16464092e+01 -3.86648114e+00 
 1.80894658e+04  5.16454885e+01 -3.95536153e+00 
 1.85066040e+04  5.16445251e+01 -4.04627176e+00 
 1.89333613e+04  5.16435169e+01 -4.13925725e+00 
 1.93699595e+04  5.16424620e+01 -4.23436438e+00 
 1.98166255e+04  5.16413581e+01 -4.33164048e+00 
 2.02735916e+04  5.16402030e+01 -4.43113388e+00 
 2.07410951e+04  5.16389944e+01 -4.53289388e+00 
 2.12193792e+04  5.16377298e+01 -4.63697080e+00 
 2.17086923e+04  5.16364065e+01 -4.74341600e+00 
 2.22092889e+04  5.16350220e+01 -4.85228187e+00 
 2.27214291e+04  5.16335733e+01 -4.96362185e+00 
 2.32453791e+04  5.16320576e+01 -5.07749043e+00 
 2.37814113e+04  5.16304717e+01 -5.19394322e+00 
 2.43298042e+04  5.16288125e+01 -5.31303690e+00 
 2.48908429e+04  5.16270765e+01 -5.43482924e+00 
 2.54648190e+04  5.16252603e+01 -5.55937915e+00 
 2.60520309e+04  5.16233602e+01 -5.68674665e+00 
 2.66527837e+04  5.16213723e+01 -5.81699293e+00 
 2.72673897e+04  5.16192927e+01 -5.95018028e+00 
 2.78961683e+04  5.16171171e+01 -6.08637218e+00 
 2.85394464e+04  5.16148412e+01 -6.22563327e+00 
 2.91975583e+04  5.16124604e+01 -6.36802934e+00 
 2.98708461e+04  5.16099699e+01 -6.51362738e+00 
 3.05596598e+04  5.16073648e+01 -6.66249553e+00 
 3.12643573e+04  5.16046398e+01 -6.81470315e+00 
 3.19853049e+04  5.16017895e+01 -6.97032075e+00 
 3.27228774e+04  5.15988082e+01 -7.12942003e+00 
 3.34774581e+04  5.15956901e+01 -7.29207387e+00 
 3.42494392e+04  5.15924288e+01 -7.45835634e+00 
 3.50392221e+04  5.15890181e+01 -7.62834266e+00 
 3.58472171e+04  5.15854511e+01 -7.80210921e+00 
 3.66738442e+04  5.15817209e+01 -7.97973353e+00 
 3.75195331e+04  5.15778200e+01 -8.16129430e+00 
 3.83847234e+04  5.15737409e+01 -8.34687129e+00 
 3.92698648e+04  5.15694757e+01 -8.53654539e+00 
 4.01754173e+04  5.15650159e+01 -8.73039856e+00 
 4.11018515e+04  5.15603530e+01 -8.92851383e+00 
 4.20496491e+04  5.15554779e+01 -9.13097520e+00 
 4.30193027e+04  5.15503812e+01 -9.33786770e+00 
 4.40113162e+04  5.15450532e+01 -9.54927729e+00 
 4.50262052e+04  5.15394836e+01 -9.76529082e+00 
 4.60644974e+04  5.15336618e+01 -9.98599603e+00 
 4.71267322e+04  5.15275767e+01 -1.02114814e+01 
 4.82134619e+04  5.15212169e+01 -1.04418363e+01 
 4.93252513e+04  5.15145704e+01 -1.06771506e+01 
 5.04626783e+04  5.15076247e+01 -1.09175148e+01 
 5.16263340e+04  5.15003668e+01 -1.11630201e+01 
 5.28168234e+04  5.14927833e+01 -1.14137581e+01 
 5.40347650e+04  5.14848602e+01 -1.16698206e+01 
 5.52807921e+04  5.14765830e+01 -1.19312999e+01 
 5.65555523e+04  5.14679364e+01 -1.21982883e+01 
 5.78597080e+04  5.14589049e+01 -1.24708781e+01 
 5.91939372e+04  5.14494721e+01 -1.27491619e+01 
 6.05589334e+04  5.14396211e+01 -1.30332316e+01 
 6.19554061e+04  5.14293345e+01 -1.33231791e+01 
 6.33840810e+04  5.14185940e+01 -1.36190957e+01 
 6.48457008e+04  5.14073809e+01 -1.39210721e+01 
 6.63410251e+04  5.13956755e+01 -1.42291982e+01 
 6.78708313e+04  5.13834578e+01 -1.45435629e+01 
 6.94359143e+04  5.13707069e+01 -1.48642538e+01 
 7.10370877e+04  5.13574010e+01 -1.51913574e+01 
 7.26751838e+04  5.13435180e+01 -1.55249584e+01 
 7.43510539e+04  5.13290346e+01 -1.58651397e+01 
 7.60655691e+04  5.13139272e+01 -1.62119822e+01 
 7.78196206e+04  5.12981711e+01 -1.65655647e+01 
 7.96141200e+04  5.12817409e+01 -1.69259631e+01 
 8.14500001e+04  5.12646105e+01 -1.72932509e+01 
 8.33282151e+04  5.12467531e+01 -1.76674982e+01 
 8.52497412e+04  5.12281409e+01 -1.80487718e+01 
 8.72155772e+04  5.12087455e+01 -1.84371350e+01 
 8.92267449e+04  5.11885376e+01 -1.88326468e+01 
 9.12842895e+04  5.11674872e+01 -1.92353623e+01 
 9.33892805e+04  5.11455636e+01 -1.96453315e+01 
 9.55428121e+04  5.11227351e+01 -2.00625999e+01 
 9.77460036e+04  5.10989694e+01 -2.04872072e+01 
 1.00000000e+05  5.10742336e+01 -2.09191879e+01 
 1.02305973e+05  5.10484939e+01 -2.13585699e+01 
 1.04665121e+05  5.10217157e+01 -2.18053752e+01 
 1.07078670e+05  5.09938640e+01 -2.22596187e+01 
 1.09547876e+05  5.09649031e+01 -2.27213083e+01 
 1.12074020e+05  5.09347966e+01 -2.31904443e+01 
 1.14658417e+05  5.09035075e+01 -2.36670189e+01 
 1.17302409e+05  5.08709984e+01 -2.41510165e+01 
 1.20007371e+05  5.08372313e+01 -2.46424123e+01 
 1.22774708e+05  5.08021680e+01 -2.51411729e+01 
 1.25605860e+05  5.07657696e+01 -2.56472554e+01 
 1.28502297e+05  5.07279971e+01 -2.61606071e+01 
 1.31465525e+05  5.06888112e+01 -2.66811654e+01 
 1.34497085e+05  5.06481725e+01 -2.72088575e+01 
 1.37598551e+05  5.06060413e+01 -2.77435999e+01 
 1.40771537e+05  5.05623781e+01 -2.82852980e+01 
 1.44017690e+05  5.05171433e+01 -2.88338465e+01 
 1.47338699e+05  5.04702975e+01 -2.93891285e+01 
 1.50736290e+05  5.04218016e+01 -2.99510158e+01 
 1.54212228e+05  5.03716167e+01 -3.05193686e+01 
 1.57768320e+05  5.03197044e+01 -3.10940352e+01 
 1.61406415e+05  5.02660269e+01 -3.16748524e+01 
 1.65128404e+05  5.02105470e+01 -3.22616449e+01 
 1.68936220e+05  5.01532281e+01 -3.28542259e+01 
 1.72831844e+05  5.00940345e+01 -3.34523967e+01 
 1.76817299e+05  5.00329317e+01 -3.40559474e+01 
 1.80894658e+05  4.99698860e+01 -3.46646563e+01 
 1.85066040e+05  4.99048650e+01 -3.52782908e+01 
 1.89333613e+05  4.98378375e+01 -3.58966074e+01 
 1.93699595e+05  4.97687737e+01 -3.65193521e+01 
 1.98166255e+05  4.96976454e+01 -3.71462607e+01 
 2.02735916e+05  4.96244260e+01 -3.77770594e+01 
 2.07410951e+05  4.95490903e+01 -3.84114650e+01 
 2.12193792e+05  4.94716153e+01 -3.90491859e+01 
 2.17086923e+05  4.93919796e+01 -3.96899223e+01 
 2.22092889e+05  4.93101638e+01 -4.03333671e+01 
 2.27214291e+05  4.92261507e+01 -4.09792063e+01 
 2.32453791e+05  4.91399250e+01 -4.16271201e+01 
 2.37814113e+05  4.90514737e+01 -4.22767834e+01 
 2.43298042e+05  4.89607858e+01 -4.29278664e+01 
 2.48908429e+05  4.88678529e+01 -4.35800361e+01 
 2.54648190e+05  4.87726685e+01 -4.42329565e+01 
 2.60520309e+05  4.86752289e+01 -4.48862896e+01 
 2.66527837e+05  4.85755322e+01 -4.55396964e+01 
 2.72673897e+05  4.84735793e+01 -4.61928379e+01 
 2.78961683e+05  4.83693732e+01 -4.68453756e+01 
 2.85394464e+05  4.82629193e+01 -4.74969727e+01 
 2.91975583e+05  4.81542253e+01 -4.81472949e+01 
 2.98708461e+05  4.80433011e+01 -4.87960109e+01 
 3.05596598e+05  4.79301589e+01 -4.94427941e+01 
 3.12643573e+05  4.78148131e+01 -5.00873222e+01 
 3.19853049e+05  4.76972803e+01 -5.07292791e+01 
 3.27228774e+05  4.75775789e+01 -5.13683549e+01 
 3.34774581e+05  4.74557297e+01 -5.20042470e+01 
 3.42494392e+05  4.73317549e+01 -5.26366605e+01 
 3.50392221e+05  4.72056790e+01 -5.32653089e+01 
 3.58472171e+05  4.70775279e+01 -5.38899150e+01 
 3.66738442e+05  4.69473294e+01 -5.45102107e+01 
 3.75195331e+05  4.68151125e+01 -5.51259381e+01 
 3.83847234e+05  4.66809079e+01 -5.57368497e+01 
 3.92698648e+05  4.65447476e+01 -5.63427086e+01 
 4.01754173e+05  4.64066647e+01 -5.69432891e+01 
 4.11018515e+05  4.62666935e+01 -5.75383767e+01 
 4.20496491e+05  4.61248693e+01 -5.81277685e+01 
 4.30193027e+05  4.59812282e+01 -5.87112731e+01 
 4.40113162e+05  4.58358073e+01 -5.92887110e+01 
 4.50262052e+05  4.56886441e+01 -5.98599143e+01 
 4.60644974e+05  4.55397769e+01 -6.04247272e+01 
 4.71267322e+05  4.53892442e+01 -6.09830053e+01 
 4.82134619e+05  4.52370852e+01 -6.15346160e+01 
 4.93252513e+05  4.50833392e+01 -6.20794383e+01 
 5.04626783e+05  4.49280457e+01 -6.26173626e+01 
 5.16263340e+05  4.47712442e+01 -6.31482904e+01 
 5.28168234e+05  4.46129744e+01 -6.36721342e+01 
 5.40347650e+05  4.44532757e+01 -6.41888171e+01 
 5.52807921e+05  4.42921876e+01 -6.46982729e+01 
 5.65555523e+05  4.41297493e+01 -6.52004453e+01 
 5.78597080e+05  4.39659994e+01 -6.56952880e+01 
 5.91939372e+05  4.38009767e+01 -6.61827641e+01 
 6.05589334e+05  4.36347192e+01 -6.66628458e+01 
 6.19554061e+05  4.34672645e+01 -6.71355142e+01 
 6.33840810e+05  4.32986498e+01 -6.76007589e+01 
 6.48457008e+05  4.31289117e+01 -6.80585774e+01 
 6.63410251e+05  4.29580862e+01 -6.85089750e+01 
 6.78708313e+05  4.27862086e+01 -6.89519642e+01 
 6.94359143e+05  4.26133136e+01 -6.93875647e+01 
 7.10370877e+05  4.24394354e+01 -6.98158025e+01 
 7.26751838e+05  4.22646072e+01 -7.02367099e+01 
 7.43510539e+05  4.20888616e+01 -7.06503251e+01 
 7.60655691e+05  4.19122304e+01 -7.10566916e+01 
 7.78196206e+05  4.17347448e+01 -7.14558584e+01 
 7.96141200e+05  4.15564350e+01 -7.18478788e+01 
 8.14500001e+05  4.13773307e+01 -7.22328109e+01 
 8.33282151e+05  4.11974606e+01 -7.26107168e+01 
 8.52497412e+05  4.10168526e+01 -7.29816624e+01 
 8.72155772e+05  4.08355341e+01 -7.33457172e+01 
 8.92267449e+05  4.06535314e+01 -7.37029536e+01 
 9.12842895e+05  4.04708701e+01 -7.40534474e+01 
 9.33892805e+05  4.02875753e+01 -7.43972767e+01 
 9.55428121e+05  4.01036709e+01 -7.47345221e+01 
 9.77460036e+05  3.99191804e+01 -7.50652664e+01 
 1.00000000e+06  3.97341263e+01 -7.53895942e+01 
 1.02305973e+06  3.95485306e+01 -7.57075918e+01 
 1.04665121e+06  3.93624145e+01 -7.60193471e+01 
 1.07078670e+06  3.91757984e+01 -7.63249492e+01 
 1.09547876e+06  3.89887020e+01 -7.66244881e+01 
 1.12074020e+06  3.88011445e+01 -7.69180550e+01 
 1.14658417e+06  3.86131443e+01 -7.72057416e+01 
 1.17302409e+06  3.84247192e+01 -7.74876402e+01 
 1.20007371e+06  3.82358863e+01 -7.77638436e+01 
 1.22774708e+06  3.80466621e+01 -7.80344447e+01 
 1.25605860e+06  3.78570626e+01 -7.82995367e+01 
 1.28502297e+06  3.76671031e+01 -7.85592128e+01 
 1.31465525e+06  3.74767983e+01 -7.88135660e+01 
 1.34497085e+06  3.72861625e+01 -7.90626891e+01 
 1.37598551e+06  3.70952094e+01 -7.93066747e+01 
 1.40771537e+06  3.69039521e+01 -7.95456149e+01 
 1.44017690e+06  3.67124032e+01 -7.97796014e+01 
 1.47338699e+06  3.65205750e+01 -8.00087252e+01 
 1.50736290e+06  3.63284791e+01 -8.02330767e+01 
 1.54212228e+06  3.61361268e+01 -8.04527458e+01 
 1.57768320e+06  3.59435288e+01 -8.06678215e+01 
 1.61406415e+06  3.57506955e+01 -8.08783918e+01 
 1.65128404e+06  3.55576368e+01 -8.10845441e+01 
 1.68936220e+06  3.53643624e+01 -8.12863649e+01 
 1.72831844e+06  3.51708814e+01 -8.14839396e+01 
 1.76817299e+06  3.49772025e+01 -8.16773527e+01 
 1.80894658e+06  3.47833343e+01 -8.18666876e+01 
 1.85066040e+06  3.45892848e+01 -8.20520268e+01 
 1.89333613e+06  3.43950617e+01 -8.22334517e+01 
 1.93699595e+06  3.42006726e+01 -8.24110426e+01 
 1.98166255e+06  3.40061246e+01 -8.25848785e+01 
 2.02735916e+06  3.38114245e+01 -8.27550377e+01 
 2.07410951e+06  3.36165788e+01 -8.29215971e+01 
 2.12193792e+06  3.34215939e+01 -8.30846324e+01 
 2.17086923e+06  3.32264758e+01 -8.32442183e+01 
 2.22092889e+06  3.30312303e+01 -8.34004285e+01 
 2.27214291e+06  3.28358628e+01 -8.35533351e+01 
 2.32453791e+06  3.26403787e+01 -8.37030096e+01 
 2.37814113e+06  3.24447830e+01 -8.38495218e+01 
 2.43298042e+06  3.22490807e+01 -8.39929409e+01 
 2.48908429e+06  3.20532763e+01 -8.41333345e+01 
 2.54648190e+06  3.18573743e+01 -8.42707694e+01 
 2.60520309e+06  3.16613790e+01 -8.44053109e+01 
 2.66527837e+06  3.14652944e+01 -8.45370236e+01 
 2.72673897e+06  3.12691245e+01 -8.46659708e+01 
 2.78961683e+06  3.10728730e+01 -8.47922146e+01 
 2.85394464e+06  3.08765435e+01 -8.49158161e+01 
 2.91975583e+06  3.06801393e+01 -8.50368354e+01 
 2.98708461e+06  3.04836639e+01 -8.51553313e+01 
 3.05596598e+06  3.02871203e+01 -8.52713619e+01 
 3.12643573e+06  3.00905115e+01 -8.53849838e+01 
 3.19853049e+06  2.98938404e+01 -8.54962531e+01 
 3.27228774e+06  2.96971097e+01 -8.56052245e+01 
 3.34774581e+06  2.95003221e+01 -8.57119517e+01 
 3.42494392e+06  2.93034801e+01 -8.58164877e+01 
 3.50392221e+06  2.91065860e+01 -8.59188844e+01 
 3.58472171e+06  2.89096423e+01 -8.60191926e+01 
 3.66738442e+06  2.87126510e+01 -8.61174623e+01 
 3.75195331e+06  2.85156144e+01 -8.62137425e+01 
 3.83847234e+06  2.83185343e+01 -8.63080816e+01 
 3.92698648e+06  2.81214128e+01 -8.64005266e+01 
 4.01754173e+06  2.79242516e+01 -8.64911241e+01 
 4.11018515e+06  2.77270526e+01 -8.65799196e+01 
 4.20496491e+06  2.75298175e+01 -8.66669578e+01 
 4.30193027e+06  2.73325477e+01 -8.67522826e+01 
 4.40113162e+06  2.71352450e+01 -8.68359371e+01 
 4.50262052e+06  2.69379107e+01 -8.69179637e+01 
 4.60644974e+06  2.67405463e+01 -8.69984038e+01 
 4.71267322e+06  2.65431530e+01 -8.70772982e+01 
 4.82134619e+06  2.63457323e+01 -8.71546870e+01 
 4.93252513e+06  2.61482854e+01 -8.72306096e+01 
 5.04626783e+06  2.59508133e+01 -8.73051046e+01 
 5.16263340e+06  2.57533173e+01 -8.73782098e+01 
 5.28168234e+06  2.55557985e+01 -8.74499626e+01 
 5.40347650e+06  2.53582578e+01 -8.75203996e+01 
 5.52807921e+06  2.51606962e+01 -8.75895568e+01 
 5.65555523e+06  2.49631148e+01 -8.76574694e+01 
 5.78597080e+06  2.47655144e+01 -8.77241724e+01 
 5.91939372e+06  2.45678958e+01 -8.77896997e+01 
 6.05589334e+06  2.43702599e+01 -8.78540851e+01 
 6.19554061e+06  2.41726076e+01 -8.79173614e+01 
 6.33840810e+06  2.39749395e+01 -8.79795612e+01 
 6.48457008e+06  2.37772564e+01 -8.80407164e+01 
 6.63410251e+06  2.35795589e+01 -8.81008585e+01 
 6.78708313e+06  2.33818479e+01 -8.81600183e+01 
 6.94359143e+06  2.31841238e+01 -8.82182262e+01 
 7.10370877e+06  2.29863873e+01 -8.82755122e+01 
 7.26751838e+06  2.27886390e+01 -8.83319059e+01 
 7.43510539e+06  2.25908794e+01 -8.83874362e+01 
 7.60655691e+06  2.23931091e+01 -8.84421318e+01 
 7.78196206e+06  2.21953287e+01 -8.84960208e+01 
 7.96141200e+06  2.19975385e+01 -8.85491311e+01 
 8.14500001e+06  2.17997391e+01 -8.86014901e+01 
 8.33282151e+06  2.16019310e+01 -8.86531248e+01 
 8.52497412e+06  2.14041145e+01 -8.87040619e+01 
 8.72155772e+06  2.12062901e+01 -8.87543276e+01 
 8.92267449e+06  2.10084582e+01 -8.88039479e+01 
 9.12842895e+06  2.08106192e+01 -8.88529486e+01 
 9.33892805e+06  2.06127735e+01 -8.89013548e+01 
 9.55428121e+06  2.04149214e+01 -8.89491917e+01 
 9.77460036e+06  2.02170633e+01 -8.89964841e+01 
 1.00000000e+07  2.00191995e+01 -8.90432562e+01 
 1.02305973e+07  1.98213303e+01 -8.90895325e+01 
 1.04665121e+07  1.96234560e+01 -8.91353368e+01 
 1.07078670e+07  1.94255770e+01 -8.91806928e+01 
 1.09547876e+07  1.92276936e+01 -8.92256240e+01 
 1.12074020e+07  1.90298060e+01 -8.92701538e+01 
 1.14658417e+07  1.88319144e+01 -8.93143051e+01 
 1.17302409e+07  1.86340193e+01 -8.93581008e+01 
 1.20007371e+07  1.84361207e+01 -8.94015637e+01 
 1.22774708e+07  1.82382190e+01 -8.94447163e+01 
 1.25605860e+07  1.80403145e+01 -8.94875808e+01 
 1.28502297e+07  1.78424073e+01 -8.95301797e+01 
 1.31465525e+07  1.76444977e+01 -8.95725348e+01 
 1.34497085e+07  1.74465859e+01 -8.96146683e+01 
 1.37598551e+07  1.72486722e+01 -8.96566018e+01 
 1.40771537e+07  1.70507568e+01 -8.96983573e+01 
 1.44017690e+07  1.68528398e+01 -8.97399563e+01 
 1.47338699e+07  1.66549215e+01 -8.97814204e+01 
 1.50736290e+07  1.64570021e+01 -8.98227712e+01 
 1.54212228e+07  1.62590819e+01 -8.98640300e+01 
 1.57768320e+07  1.60611610e+01 -8.99052182e+01 
 1.61406415e+07  1.58632396e+01 -8.99463574e+01 
 1.65128404e+07  1.56653179e+01 -8.99874686e+01 
 1.68936220e+07  1.54673962e+01 -9.00285734e+01 
 1.72831844e+07  1.52694746e+01 -9.00696930e+01 
 1.76817299e+07  1.50715534e+01 -9.01108488e+01 
 1.80894658e+07  1.48736327e+01 -9.01520620e+01 
 1.85066040e+07  1.46757127e+01 -9.01933542e+01 
 1.89333613e+07  1.44777938e+01 -9.02347466e+01 
 1.93699595e+07  1.42798760e+01 -9.02762608e+01 
 1.98166255e+07  1.40819596e+01 -9.03179183e+01 
 2.02735916e+07  1.38840448e+01 -9.03597407e+01 
 2.07410951e+07  1.36861318e+01 -9.04017497e+01 
 2.12193792e+07  1.34882208e+01 -9.04439670e+01 
 2.17086923e+07  1.32903121e+01 -9.04864147e+01 
 2.22092889e+07  1.30924059e+01 -9.05291146e+01 
 2.27214291e+07  1.28945025e+01 -9.05720889e+01 
 2.32453791e+07  1.26966020e+01 -9.06153599e+01 
 2.37814113e+07  1.24987048e+01 -9.06589500e+01 
 2.43298042e+07  1.23008110e+01 -9.07028818e+01 
 2.48908429e+07  1.21029209e+01 -9.07471780e+01 
 2.54648190e+07  1.19050349e+01 -9.07918617e+01 
 2.60520309e+07  1.17071532e+01 -9.08369559e+01 
 2.66527837e+07  1.15092760e+01 -9.08824841e+01 
 2.72673897e+07  1.13114037e+01 -9.09284697e+01 
 2.78961683e+07  1.11135366e+01 -9.09749366e+01 
 2.85394464e+07  1.09156749e+01 -9.10219089e+01 
 2.91975583e+07  1.07178191e+01 -9.10694108e+01 
 2.98708461e+07  1.05199694e+01 -9.11174670e+01 
 3.05596598e+07  1.03221263e+01 -9.11661022e+01 
 3.12643573e+07  1.01242900e+01 -9.12153417e+01 
 3.19853049e+07  9.92646103e+00 -9.12652108e+01 
 3.27228774e+07  9.72863968e+00 -9.13157354e+01 
 3.34774581e+07  9.53082640e+00 -9.13669415e+01 
 3.42494392e+07  9.33302162e+00 -9.14188557e+01 
 3.50392221e+07  9.13522578e+00 -9.14715047e+01 
 3.58472171e+07  8.93743934e+00 -9.15249156e+01 
 3.66738442e+07  8.73966279e+00 -9.15791161e+01 
 3.75195331e+07  8.54189664e+00 -9.16341341e+01 
 3.83847234e+07  8.34414141e+00 -9.16899979e+01 
 3.92698648e+07  8.14639764e+00 -9.17467363e+01 
 4.01754173e+07  7.94866591e+00 -9.18043786e+01 
 4.11018515e+07  7.75094682e+00 -9.18629544e+01 
 4.20496491e+07  7.55324099e+00 -9.19224938e+01 
 4.30193027e+07  7.35554907e+00 -9.19830276e+01 
 4.40113162e+07  7.15787173e+00 -9.20445867e+01 
 4.50262052e+07  6.96020968e+00 -9.21072028e+01 
 4.60644974e+07  6.76256368e+00 -9.21709080e+01 
 4.71267322e+07  6.56493448e+00 -9.22357351e+01 
 4.82134619e+07  6.36732290e+00 -9.23017172e+01 
 4.93252513e+07  6.16972977e+00 -9.23688882e+01 
 5.04626783e+07  5.97215599e+00 -9.24372824e+01 
 5.16263340e+07  5.77460247e+00 -9.25069347e+01 
 5.28168234e+07  5.57707018e+00 -9.25778809e+01 
 5.40347650e+07  5.37956011e+00 -9.26501571e+01 
 5.52807921e+07  5.18207333e+00 -9.27238002e+01 
 5.65555523e+07  4.98461094e+00 -9.27988478e+01 
 5.78597080e+07  4.78717407e+00 -9.28753379e+01 
 5.91939372e+07  4.58976394e+00 -9.29533096e+01 
 6.05589334e+07  4.39238180e+00 -9.30328025e+01 
 6.19554061e+07  4.19502897e+00 -9.31138568e+01 
 6.33840810e+07  3.99770681e+00 -9.31965137e+01 
 6.48457008e+07  3.80041676e+00 -9.32808149e+01 
 6.63410251e+07  3.60316033e+00 -9.33668032e+01 
 6.78708313e+07  3.40593908e+00 -9.34545220e+01 
 6.94359143e+07  3.20875465e+00 -9.35440153e+01 
 7.10370877e+07  3.01160876e+00 -9.36353284e+01 
 7.26751838e+07  2.81450319e+00 -9.37285070e+01 
 7.43510539e+07  2.61743984e+00 -9.38235980e+01 
 7.60655691e+07  2.42042065e+00 -9.39206489e+01 
 7.78196206e+07  2.22344768e+00 -9.40197082e+01 
 7.96141200e+07  2.02652306e+00 -9.41208254e+01 
 8.14500001e+07  1.82964904e+00 -9.42240509e+01 
 8.33282151e+07  1.63282796e+00 -9.43294358e+01 
 8.52497412e+07  1.43606227e+00 -9.44370325e+01 
 8.72155772e+07  1.23935452e+00 -9.45468942e+01 
 8.92267449e+07  1.04270740e+00 -9.46590750e+01 
 9.12842895e+07  8.46123683e-01 -9.47736303e+01 
 9.33892805e+07  6.49606305e-01 -9.48906161e+01 
 9.55428121e+07  4.53158317e-01 -9.50100899e+01 
 9.77460036e+07  2.56782909e-01 -9.51321098e+01 
 1.00000000e+08  6.04834162e-02 -9.52567353e+01 
 1.02305973e+08 -1.35736677e-01 -9.53840268e+01 
 1.04665121e+08 -3.31873730e-01 -9.55140457e+01 
 1.07078670e+08 -5.27923938e-01 -9.56468549e+01 
 1.09547876e+08 -7.23883328e-01 -9.57825178e+01 
 1.12074020e+08 -9.19747748e-01 -9.59210995e+01 
 1.14658417e+08 -1.11551286e+00 -9.60626658e+01 
 1.17302409e+08 -1.31117414e+00 -9.62072839e+01 
 1.20007371e+08 -1.50672685e+00 -9.63550220e+01 
 1.22774708e+08 -1.70216606e+00 -9.65059494e+01 
 1.25605860e+08 -1.89748660e+00 -9.66601367e+01 
 1.28502297e+08 -2.09268309e+00 -9.68176556e+01 
 1.31465525e+08 -2.28774991e+00 -9.69785789e+01 
 1.34497085e+08 -2.48268120e+00 -9.71429806e+01 
 1.37598551e+08 -2.67747082e+00 -9.73109357e+01 
 1.40771537e+08 -2.87211238e+00 -9.74825205e+01 
 1.44017690e+08 -3.06659922e+00 -9.76578125e+01 
 1.47338699e+08 -3.26092438e+00 -9.78368902e+01 
 1.50736290e+08 -3.45508060e+00 -9.80198330e+01 
 1.54212228e+08 -3.64906032e+00 -9.82067219e+01 
 1.57768320e+08 -3.84285563e+00 -9.83976384e+01 
 1.61406415e+08 -4.03645831e+00 -9.85926656e+01 
 1.65128404e+08 -4.22985978e+00 -9.87918873e+01 
 1.68936220e+08 -4.42305110e+00 -9.89953883e+01 
 1.72831844e+08 -4.61602295e+00 -9.92032545e+01 
 1.76817299e+08 -4.80876562e+00 -9.94155726e+01 
 1.80894658e+08 -5.00126901e+00 -9.96324303e+01 
 1.85066040e+08 -5.19352259e+00 -9.98539162e+01 
 1.89333613e+08 -5.38551539e+00 -1.00080119e+02 
 1.93699595e+08 -5.57723600e+00 -1.00311130e+02 
 1.98166255e+08 -5.76867255e+00 -1.00547039e+02 
 2.02735916e+08 -5.95981269e+00 -1.00787937e+02 
 2.07410951e+08 -6.15064356e+00 -1.01033917e+02 
 2.12193792e+08 -6.34115182e+00 -1.01285070e+02 
 2.17086923e+08 -6.53132357e+00 -1.01541489e+02 
 2.22092889e+08 -6.72114438e+00 -1.01803268e+02 
 2.27214291e+08 -6.91059928e+00 -1.02070499e+02 
 2.32453791e+08 -7.09967269e+00 -1.02343275e+02 
 2.37814113e+08 -7.28834846e+00 -1.02621690e+02 
 2.43298042e+08 -7.47660982e+00 -1.02905837e+02 
 2.48908429e+08 -7.66443940e+00 -1.03195807e+02 
 2.54648190e+08 -7.85181915e+00 -1.03491694e+02 
 2.60520309e+08 -8.03873040e+00 -1.03793588e+02 
 2.66527837e+08 -8.22515380e+00 -1.04101581e+02 
 2.72673897e+08 -8.41106929e+00 -1.04415762e+02 
 2.78961683e+08 -8.59645616e+00 -1.04736219e+02 
 2.85394464e+08 -8.78129294e+00 -1.05063041e+02 
 2.91975583e+08 -8.96555745e+00 -1.05396312e+02 
 2.98708461e+08 -9.14922679e+00 -1.05736117e+02 
 3.05596598e+08 -9.33227729e+00 -1.06082538e+02 
 3.12643573e+08 -9.51468454e+00 -1.06435654e+02 
 3.19853049e+08 -9.69642335e+00 -1.06795543e+02 
 3.27228774e+08 -9.87746776e+00 -1.07162278e+02 
 3.34774581e+08 -1.00577910e+01 -1.07535932e+02 
 3.42494392e+08 -1.02373657e+01 -1.07916572e+02 
 3.50392221e+08 -1.04161634e+01 -1.08304264e+02 
 3.58472171e+08 -1.05941551e+01 -1.08699066e+02 
 3.66738442e+08 -1.07713109e+01 -1.09101037e+02 
 3.75195331e+08 -1.09476002e+01 -1.09510226e+02 
 3.83847234e+08 -1.11229916e+01 -1.09926683e+02 
 3.92698648e+08 -1.12974530e+01 -1.10350447e+02 
 4.01754173e+08 -1.14709515e+01 -1.10781554e+02 
 4.11018515e+08 -1.16434535e+01 -1.11220035e+02 
 4.20496491e+08 -1.18149247e+01 -1.11665914e+02 
 4.30193027e+08 -1.19853301e+01 -1.12119206e+02 
 4.40113162e+08 -1.21546341e+01 -1.12579923e+02 
 4.50262052e+08 -1.23228005e+01 -1.13048065e+02 
 4.60644974e+08 -1.24897924e+01 -1.13523629e+02 
 4.71267322e+08 -1.26555726e+01 -1.14006599e+02 
 4.82134619e+08 -1.28201031e+01 -1.14496954e+02 
 4.93252513e+08 -1.29833457e+01 -1.14994662e+02 
 5.04626783e+08 -1.31452618e+01 -1.15499682e+02 
 5.16263340e+08 -1.33058123e+01 -1.16011966e+02 
 5.28168234e+08 -1.34649580e+01 -1.16531452e+02 
 5.40347650e+08 -1.36226595e+01 -1.17058070e+02 
 5.52807921e+08 -1.37788772e+01 -1.17591739e+02 
 5.65555523e+08 -1.39335715e+01 -1.18132368e+02 
 5.78597080e+08 -1.40867029e+01 -1.18679853e+02 
 5.91939372e+08 -1.42382319e+01 -1.19234081e+02 
 6.05589334e+08 -1.43881192e+01 -1.19794926e+02 
 6.19554061e+08 -1.45363260e+01 -1.20362250e+02 
 6.33840810e+08 -1.46828138e+01 -1.20935906e+02 
 6.48457008e+08 -1.48275445e+01 -1.21515732e+02 
 6.63410251e+08 -1.49704809e+01 -1.22101556e+02 
 6.78708313e+08 -1.51115862e+01 -1.22693194e+02 
 6.94359143e+08 -1.52508246e+01 -1.23290450e+02 
 7.10370877e+08 -1.53881612e+01 -1.23893117e+02 
 7.26751838e+08 -1.55235622e+01 -1.24500975e+02 
 7.43510539e+08 -1.56569948e+01 -1.25113795e+02 
 7.60655691e+08 -1.57884276e+01 -1.25731335e+02 
 7.78196206e+08 -1.59178305e+01 -1.26353344e+02 
 7.96141200e+08 -1.60451749e+01 -1.26979560e+02 
 8.14500001e+08 -1.61704339e+01 -1.27609711e+02 
 8.33282151e+08 -1.62935819e+01 -1.28243517e+02 
 8.52497412e+08 -1.64145955e+01 -1.28880687e+02 
 8.72155772e+08 -1.65334529e+01 -1.29520924e+02 
 8.92267449e+08 -1.66501343e+01 -1.30163921e+02 
 9.12842895e+08 -1.67646220e+01 -1.30809367e+02 
 9.33892805e+08 -1.68769002e+01 -1.31456943e+02 
 9.55428121e+08 -1.69869554e+01 -1.32106325e+02 
 9.77460036e+08 -1.70947762e+01 -1.32757185e+02 
 1.00000000e+09 -1.72003537e+01 -1.33409189e+02 
 1.02305973e+09 -1.73036810e+01 -1.34062002e+02 
 1.04665121e+09 -1.74047536e+01 -1.34715288e+02 
 1.07078670e+09 -1.75035694e+01 -1.35368706e+02 
 1.09547876e+09 -1.76001286e+01 -1.36021918e+02 
 1.12074020e+09 -1.76944337e+01 -1.36674586e+02 
 1.14658417e+09 -1.77864896e+01 -1.37326371e+02 
 1.17302409e+09 -1.78763035e+01 -1.37976940e+02 
 1.20007371e+09 -1.79638848e+01 -1.38625959e+02 
 1.22774708e+09 -1.80492454e+01 -1.39273102e+02 
 1.25605860e+09 -1.81323990e+01 -1.39918045e+02 
 1.28502297e+09 -1.82133618e+01 -1.40560469e+02 
 1.31465525e+09 -1.82921519e+01 -1.41200065e+02 
 1.34497085e+09 -1.83687894e+01 -1.41836527e+02 
 1.37598551e+09 -1.84432963e+01 -1.42469560e+02 
 1.40771537e+09 -1.85156966e+01 -1.43098873e+02 
 1.44017690e+09 -1.85860160e+01 -1.43724189e+02 
 1.47338699e+09 -1.86542816e+01 -1.44345236e+02 
 1.50736290e+09 -1.87205225e+01 -1.44961756e+02 
 1.54212228e+09 -1.87847688e+01 -1.45573496e+02 
 1.57768320e+09 -1.88470524e+01 -1.46180219e+02 
 1.61406415e+09 -1.89074060e+01 -1.46781696e+02 
 1.65128404e+09 -1.89658638e+01 -1.47377710e+02 
 1.68936220e+09 -1.90224607e+01 -1.47968055e+02 
 1.72831844e+09 -1.90772329e+01 -1.48552537e+02 
 1.76817299e+09 -1.91302170e+01 -1.49130974e+02 
 1.80894658e+09 -1.91814506e+01 -1.49703195e+02 
 1.85066040e+09 -1.92309718e+01 -1.50269042e+02 
 1.89333613e+09 -1.92788191e+01 -1.50828368e+02 
 1.93699595e+09 -1.93250315e+01 -1.51381037e+02 
 1.98166255e+09 -1.93696483e+01 -1.51926925e+02 
 2.02735916e+09 -1.94127089e+01 -1.52465920e+02 
 2.07410951e+09 -1.94542529e+01 -1.52997922e+02 
 2.12193792e+09 -1.94943199e+01 -1.53522839e+02 
 2.17086923e+09 -1.95329495e+01 -1.54040593e+02 
 2.22092889e+09 -1.95701811e+01 -1.54551115e+02 
 2.27214291e+09 -1.96060539e+01 -1.55054346e+02 
 2.32453791e+09 -1.96406067e+01 -1.55550237e+02 
 2.37814113e+09 -1.96738783e+01 -1.56038749e+02 
 2.43298042e+09 -1.97059068e+01 -1.56519852e+02 
 2.48908429e+09 -1.97367300e+01 -1.56993525e+02 
 2.54648190e+09 -1.97663851e+01 -1.57459756e+02 
 2.60520309e+09 -1.97949088e+01 -1.57918539e+02 
 2.66527837e+09 -1.98223373e+01 -1.58369878e+02 
 2.72673897e+09 -1.98487061e+01 -1.58813784e+02 
 2.78961683e+09 -1.98740500e+01 -1.59250275e+02 
 2.85394464e+09 -1.98984032e+01 -1.59679375e+02 
 2.91975583e+09 -1.99217992e+01 -1.60101113e+02 
 2.98708461e+09 -1.99442708e+01 -1.60515528e+02 
 3.05596598e+09 -1.99658500e+01 -1.60922661e+02 
 3.12643573e+09 -1.99865679e+01 -1.61322559e+02 
 3.19853049e+09 -2.00064552e+01 -1.61715274e+02 
 3.27228774e+09 -2.00255415e+01 -1.62100863e+02 
 3.34774581e+09 -2.00438558e+01 -1.62479387e+02 
 3.42494392e+09 -2.00614262e+01 -1.62850910e+02 
 3.50392221e+09 -2.00782802e+01 -1.63215501e+02 
 3.58472171e+09 -2.00944443e+01 -1.63573230e+02 
 3.66738442e+09 -2.01099443e+01 -1.63924173e+02 
 3.75195331e+09 -2.01248053e+01 -1.64268407e+02 
 3.83847234e+09 -2.01390515e+01 -1.64606010e+02 
 3.92698648e+09 -2.01527066e+01 -1.64937066e+02 
 4.01754173e+09 -2.01657933e+01 -1.65261657e+02 
 4.11018515e+09 -2.01783336e+01 -1.65579868e+02 
 4.20496491e+09 -2.01903489e+01 -1.65891788e+02 
 4.30193027e+09 -2.02018598e+01 -1.66197503e+02 
 4.40113162e+09 -2.02128862e+01 -1.66497104e+02 
 4.50262052e+09 -2.02234474e+01 -1.66790680e+02 
 4.60644974e+09 -2.02335619e+01 -1.67078323e+02 
 4.71267322e+09 -2.02432476e+01 -1.67360124e+02 
 4.82134619e+09 -2.02525218e+01 -1.67636175e+02 
 4.93252513e+09 -2.02614012e+01 -1.67906567e+02 
 5.04626783e+09 -2.02699018e+01 -1.68171395e+02 
 5.16263340e+09 -2.02780391e+01 -1.68430749e+02 
 5.28168234e+09 -2.02858279e+01 -1.68684723e+02 
 5.40347650e+09 -2.02932827e+01 -1.68933408e+02 
 5.52807921e+09 -2.03004172e+01 -1.69176896e+02 
 5.65555523e+09 -2.03072446e+01 -1.69415278e+02 
 5.78597080e+09 -2.03137778e+01 -1.69648647e+02 
 5.91939372e+09 -2.03200290e+01 -1.69877090e+02 
 6.05589334e+09 -2.03260099e+01 -1.70100700e+02 
 6.19554061e+09 -2.03317320e+01 -1.70319563e+02 
 6.33840810e+09 -2.03372061e+01 -1.70533770e+02 
 6.48457008e+09 -2.03424427e+01 -1.70743406e+02 
 6.63410251e+09 -2.03474517e+01 -1.70948559e+02 
 6.78708313e+09 -2.03522429e+01 -1.71149315e+02 
 6.94359143e+09 -2.03568255e+01 -1.71345757e+02 
 7.10370877e+09 -2.03612084e+01 -1.71537969e+02 
 7.26751838e+09 -2.03654000e+01 -1.71726035e+02 
 7.43510539e+09 -2.03694086e+01 -1.71910035e+02 
 7.60655691e+09 -2.03732420e+01 -1.72090050e+02 
 7.78196206e+09 -2.03769077e+01 -1.72266159e+02 
 7.96141200e+09 -2.03804128e+01 -1.72438441e+02 
 8.14500001e+09 -2.03837644e+01 -1.72606973e+02 
 8.33282151e+09 -2.03869691e+01 -1.72771831e+02 
 8.52497412e+09 -2.03900331e+01 -1.72933089e+02 
 8.72155772e+09 -2.03929625e+01 -1.73090820e+02 
 8.92267449e+09 -2.03957633e+01 -1.73245099e+02 
 9.12842895e+09 -2.03984409e+01 -1.73395995e+02 
 9.33892805e+09 -2.04010006e+01 -1.73543579e+02 
 9.55428121e+09 -2.04034477e+01 -1.73687919e+02 
 9.77460036e+09 -2.04057871e+01 -1.73829084e+02 
 1.00000000e+10 -2.04080233e+01 -1.73967139e+02 
