 frequency       inoise_spectrum onoise_spectrum
 1.00000000e+00  1.66693179e-05  2.32269076e-02 
 1.05776756e+00  1.62077558e-05  2.25837680e-02 
 1.11887221e+00  1.57589744e-05  2.19584368e-02 
 1.18350673e+00  1.53226198e-05  2.13504209e-02 
 1.25187503e+00  1.48983480e-05  2.07592409e-02 
 1.32419279e+00  1.44858243e-05  2.01844305e-02 
 1.40068818e+00  1.40847235e-05  1.96255364e-02 
 1.48160252e+00  1.36947292e-05  1.90821179e-02 
 1.56719108e+00  1.33155341e-05  1.85537466e-02 
 1.65772389e+00  1.29468389e-05  1.80400056e-02 
 1.75348655e+00  1.25883531e-05  1.75404899e-02 
 1.85478119e+00  1.22397939e-05  1.70548056e-02 
 1.96192737e+00  1.19008864e-05  1.65825696e-02 
 2.07526313e+00  1.15713635e-05  1.61234096e-02 
 2.19514602e+00  1.12509652e-05  1.56769634e-02 
 2.32195425e+00  1.09394389e-05  1.52428789e-02 
 2.45608788e+00  1.06365390e-05  1.48208139e-02 
 2.59797009e+00  1.03420265e-05  1.44104354e-02 
 2.74804848e+00  1.00556694e-05  1.40114198e-02 
 2.90679654e+00  9.77724166e-06  1.36234525e-02 
 3.07471508e+00  9.50652384e-06  1.32462274e-02 
 3.25233387e+00  9.24330244e-06  1.28794470e-02 
 3.44021326e+00  8.98736990e-06  1.25228220e-02 
 3.63894599e+00  8.73852440e-06  1.21760712e-02 
 3.84915902e+00  8.49656970e-06  1.18389210e-02 
 4.07151555e+00  8.26131502e-06  1.15111055e-02 
 4.30671707e+00  8.03257485e-06  1.11923662e-02 
 4.55550561e+00  7.81016881e-06  1.08824515e-02 
 4.81866605e+00  7.59392152e-06  1.05811171e-02 
 5.09702863e+00  7.38366245e-06  1.02881252e-02 
 5.39147154e+00  7.17922582e-06  1.00032445e-02 
 5.70292370e+00  6.98045040e-06  9.72625050e-03 
 6.03236769e+00  6.78717945e-06  9.45692445e-03 
 6.38084285e+00  6.59926057e-06  9.19505388e-03 
 6.74944857e+00  6.41654557e-06  8.94043212e-03 
 7.13934775e+00  6.23889037e-06  8.69285822e-03 
 7.55177045e+00  6.06615488e-06  8.45213675e-03 
 7.98801781e+00  5.89820290e-06  8.21807770e-03 
 8.44946611e+00  5.73490197e-06  7.99049627e-03 
 8.93757115e+00  5.57612333e-06  7.76921274e-03 
 9.45387283e+00  5.42174177e-06  7.55405236e-03 
 1.00000000e+01  5.27163556e-06  7.34484517e-03 
 1.05776756e+01  5.12568632e-06  7.14142589e-03 
 1.11887221e+01  4.98377897e-06  6.94363377e-03 
 1.18350673e+01  4.84580160e-06  6.75131245e-03 
 1.25187503e+01  4.71164542e-06  6.56430988e-03 
 1.32419279e+01  4.58120463e-06  6.38247816e-03 
 1.40068818e+01  4.45437638e-06  6.20567342e-03 
 1.48160252e+01  4.33106065e-06  6.03375571e-03 
 1.56719108e+01  4.21116020e-06  5.86658890e-03 
 1.65772389e+01  4.09458048e-06  5.70404056e-03 
 1.75348655e+01  3.98122956e-06  5.54598182e-03 
 1.85478119e+01  3.87101807e-06  5.39228733e-03 
 1.96192737e+01  3.76385909e-06  5.24283509e-03 
 2.07526313e+01  3.65966811e-06  5.09750639e-03 
 2.19514602e+01  3.55836299e-06  4.95618569e-03 
 2.32195425e+01  3.45986384e-06  4.81876052e-03 
 2.45608788e+01  3.36409298e-06  4.68512141e-03 
 2.59797009e+01  3.27097489e-06  4.55516177e-03 
 2.74804848e+01  3.18043615e-06  4.42877782e-03 
 2.90679654e+01  3.09240535e-06  4.30586846e-03 
 3.07471508e+01  3.00681309e-06  4.18633523e-03 
 3.25233387e+01  2.92359187e-06  4.07008219e-03 
 3.44021326e+01  2.84267606e-06  3.95701585e-03 
 3.63894599e+01  2.76400186e-06  3.84704506e-03 
 3.84915902e+01  2.68750723e-06  3.74008096e-03 
 4.07151555e+01  2.61313184e-06  3.63603687e-03 
 4.30671707e+01  2.54081705e-06  3.53482822e-03 
 4.55550561e+01  2.47050584e-06  3.43637244e-03 
 4.81866605e+01  2.40214276e-06  3.34058894e-03 
 5.09702863e+01  2.33567389e-06  3.24739895e-03 
 5.39147154e+01  2.27104684e-06  3.15672552e-03 
 5.70292370e+01  2.20821063e-06  3.06849335e-03 
 6.03236769e+01  2.14711572e-06  2.98262879e-03 
 6.38084285e+01  2.08771392e-06  2.89905971e-03 
 6.74944857e+01  2.02995840e-06  2.81771546e-03 
 7.13934775e+01  1.97380362e-06  2.73852675e-03 
 7.55177045e+01  1.91920528e-06  2.66142558e-03 
 7.98801781e+01  1.86612035e-06  2.58634519e-03 
 8.44946611e+01  1.81450695e-06  2.51321996e-03 
 8.93757115e+01  1.76432439e-06  2.44198534e-03 
 9.45387283e+01  1.71553310e-06  2.37257777e-03 
 1.00000000e+02  1.66809459e-06  2.30493461e-03 
 1.05776756e+02  1.62197147e-06  2.23899409e-03 
 1.11887221e+02  1.57712736e-06  2.17469523e-03 
 1.18350673e+02  1.53352689e-06  2.11197779e-03 
 1.25187503e+02  1.49113570e-06  2.05078221e-03 
 1.32419279e+02  1.44992035e-06  1.99104957e-03 
 1.40068818e+02  1.40984833e-06  1.93272158e-03 
 1.48160252e+02  1.37088805e-06  1.87574054e-03 
 1.56719108e+02  1.33300879e-06  1.82004936e-03 
 1.65772389e+02  1.29618068e-06  1.76559156e-03 
 1.75348655e+02  1.26037467e-06  1.71231132e-03 
 1.85478119e+02  1.22556253e-06  1.66015357e-03 
 1.96192737e+02  1.19171680e-06  1.60906406e-03 
 2.07526313e+02  1.15881081e-06  1.55898952e-03 
 2.19514602e+02  1.12681859e-06  1.50987784e-03 
 2.32195425e+02  1.09571492e-06  1.46167828e-03 
 2.45608788e+02  1.06547528e-06  1.41434178e-03 
 2.59797009e+02  1.03607581e-06  1.36782125e-03 
 2.74804848e+02  1.00749334e-06  1.32207195e-03 
 2.90679654e+02  9.79705316e-07  1.27705197e-03 
 3.07471508e+02  9.52689832e-07  1.23272266e-03 
 3.25233387e+02  9.26425583e-07  1.18904921e-03 
 3.44021326e+02  9.00891857e-07  1.14600118e-03 
 3.63894599e+02  8.76068517e-07  1.10355311e-03 
 3.84915902e+02  8.51935988e-07  1.06168507e-03 
 4.07151555e+02  8.28475238e-07  1.02038328e-03 
 4.30671707e+02  8.05667766e-07  9.79640557e-04 
 4.55550561e+02  7.83495584e-07  9.39456758e-04 
 4.81866605e+02  7.61941206e-07  8.99839077e-04 
 5.09702863e+02  7.40987634e-07  8.60802166e-04 
 5.39147154e+02  7.20618342e-07  8.22368083e-04 
 5.70292370e+02  7.00817265e-07  7.84566000e-04 
 6.03236769e+02  6.81568786e-07  7.47431684e-04 
 6.38084285e+02  6.62857724e-07  7.11006724e-04 
 6.74944857e+02  6.44669320e-07  6.75337522e-04 
 7.13934775e+02  6.26989228e-07  6.40474071e-04 
 7.55177045e+02  6.09803503e-07  6.06468559e-04 
 7.98801781e+02  5.93098589e-07  5.73373856e-04 
 8.44946611e+02  5.76861307e-07  5.41241950e-04 
 8.93757115e+02  5.61078850e-07  5.10122395e-04 
 9.45387283e+02  5.45738766e-07  4.80060856e-04 
 1.00000000e+03  5.30828952e-07  4.51097799e-04 
 1.05776756e+03  5.16337646e-07  4.23267396e-04 
 1.11887221e+03  5.02253413e-07  3.96596674e-04 
 1.18350673e+03  4.88565139e-07  3.71104938e-04 
 1.25187503e+03  4.75262021e-07  3.46803466e-04 
 1.32419279e+03  4.62333562e-07  3.23695482e-04 
 1.40068818e+03  4.49769555e-07  3.01776354e-04 
 1.48160252e+03  4.37560084e-07  2.81034017e-04 
 1.56719108e+03  4.25695508e-07  2.61449557e-04 
 1.65772389e+03  4.14166460e-07  2.42997919e-04 
 1.75348655e+03  4.02963835e-07  2.25648697e-04 
 1.85478119e+03  3.92078784e-07  2.09366970e-04 
 1.96192737e+03  3.81502709e-07  1.94114141e-04 
 2.07526313e+03  3.71227251e-07  1.79848752e-04 
 2.19514602e+03  3.61244290e-07  1.66527263e-04 
 2.32195425e+03  3.51545933e-07  1.54104763e-04 
 2.45608788e+03  3.42124511e-07  1.42535610e-04 
 2.59797009e+03  3.32972571e-07  1.31773996e-04 
 2.74804848e+03  3.24082871e-07  1.21774433e-04 
 2.90679654e+03  3.15448372e-07  1.12492163e-04 
 3.07471508e+03  3.07062236e-07  1.03883489e-04 
 3.25233387e+03  2.98917818e-07  9.59060437e-05 
 3.44021326e+03  2.91008659e-07  8.85189980e-05 
 3.63894599e+03  2.83328486e-07  8.16832095e-05 
 3.84915902e+03  2.75871201e-07  7.53613288e-05 
 4.07151555e+03  2.68630880e-07  6.95178628e-05 
 4.30671707e+03  2.61601764e-07  6.41192050e-05 
 4.55550561e+03  2.54778260e-07  5.91336376e-05 
 4.81866605e+03  2.48154930e-07  5.45313107e-05 
 5.09702863e+03  2.41726493e-07  5.02842038e-05 
 5.39147154e+03  2.35487813e-07  4.63660725e-05 
 5.70292370e+03  2.29433901e-07  4.27523853e-05 
 6.03236769e+03  2.23559909e-07  3.94202531e-05 
 6.38084285e+03  2.17861123e-07  3.63483529e-05 
 6.74944857e+03  2.12332962e-07  3.35168485e-05 
 7.13934775e+03  2.06970973e-07  3.09073107e-05 
 7.55177045e+03  2.01770828e-07  2.85026365e-05 
 7.98801781e+03  1.96728316e-07  2.62869693e-05 
 8.44946611e+03  1.91839346e-07  2.42456219e-05 
 8.93757115e+03  1.87099937e-07  2.23650002e-05 
 9.45387283e+03  1.82506220e-07  2.06325316e-05 
 1.00000000e+04  1.78054427e-07  1.90365953e-05 
 1.05776756e+04  1.73740897e-07  1.75664562e-05 
 1.11887221e+04  1.69562064e-07  1.62122026e-05 
 1.18350673e+04  1.65514457e-07  1.49646870e-05 
 1.25187503e+04  1.61594698e-07  1.38154708e-05 
 1.32419279e+04  1.57799498e-07  1.27567717e-05 
 1.40068818e+04  1.54125652e-07  1.17814155e-05 
 1.48160252e+04  1.50570037e-07  1.08827901e-05 
 1.56719108e+04  1.47129610e-07  1.00548028e-05 
 1.65772389e+04  1.43801403e-07  9.29184150e-06 
 1.75348655e+04  1.40582523e-07  8.58873696e-06 
 1.85478119e+04  1.37470144e-07  7.94072924e-06 
 1.96192737e+04  1.34461510e-07  7.34343578e-06 
 2.07526313e+04  1.31553928e-07  6.79282208e-06 
 2.19514602e+04  1.28744770e-07  6.28517451e-06 
 2.32195425e+04  1.26031464e-07  5.81707518e-06 
 2.45608788e+04  1.23411496e-07  5.38537865e-06 
 2.59797009e+04  1.20882408e-07  4.98719047e-06 
 2.74804848e+04  1.18441792e-07  4.61984738e-06 
 2.90679654e+04  1.16087292e-07  4.28089897e-06 
 3.07471508e+04  1.13816600e-07  3.96809078e-06 
 3.25233387e+04  1.11627453e-07  3.67934876e-06 
 3.44021326e+04  1.09517631e-07  3.41276492e-06 
 3.63894599e+04  1.07484960e-07  3.16658403e-06 
 3.84915902e+04  1.05527304e-07  2.93919151e-06 
 4.07151555e+04  1.03642568e-07  2.72910215e-06 
 4.30671707e+04  1.01828693e-07  2.53494975e-06 
 4.55550561e+04  1.00083657e-07  2.35547767e-06 
 4.81866605e+04  9.84054769e-08  2.18952994e-06 
 5.09702863e+04  9.67922000e-08  2.03604330e-06 
 5.39147154e+04  9.52419093e-08  1.89403969e-06 
 5.70292370e+04  9.37527206e-08  1.76261945e-06 
 6.03236769e+04  9.23227821e-08  1.64095498e-06 
 6.38084285e+04  9.09502740e-08  1.52828501e-06 
 6.74944857e+04  8.96334079e-08  1.42390920e-06 
 7.13934775e+04  8.83704267e-08  1.32718328e-06 
 7.55177045e+04  8.71596045e-08  1.23751452e-06 
 7.98801781e+04  8.59992464e-08  1.15435757e-06 
 8.44946611e+04  8.48876887e-08  1.07721067e-06 
 8.93757115e+04  8.38232987e-08  1.00561209e-06 
 9.45387283e+04  8.28044749e-08  9.39136934e-07 
 1.00000000e+05  8.18296474e-08  8.77394158e-07 
 1.05776756e+05  8.08972782e-08  8.20023830e-07 
 1.11887221e+05  8.00058609e-08  7.66694618e-07 
 1.18350673e+05  7.91539218e-08  7.17101482e-07 
 1.25187503e+05  7.83400195e-08  6.70963543e-07 
 1.32419279e+05  7.75627458e-08  6.28022132e-07 
 1.40068818e+05  7.68207256e-08  5.88038991e-07 
 1.48160252e+05  7.61126172e-08  5.50794622e-07 
 1.56719108e+05  7.54371128e-08  5.16086771e-07 
 1.65772389e+05  7.47929388e-08  4.83729028e-07 
 1.75348655e+05  7.41788556e-08  4.53549550e-07 
 1.85478119e+05  7.35936580e-08  4.25389880e-07 
 1.96192737e+05  7.30361754e-08  3.99103867e-07 
 2.07526313e+05  7.25052719e-08  3.74556669e-07 
 2.19514602e+05  7.19998461e-08  3.51623843e-07 
 2.32195425e+05  7.15188310e-08  3.30190506e-07 
 2.45608788e+05  7.10611945e-08  3.10150563e-07 
 2.59797009e+05  7.06259387e-08  2.91406004e-07 
 2.74804848e+05  7.02120998e-08  2.73866250e-07 
 2.90679654e+05  6.98187483e-08  2.57447560e-07 
 3.07471508e+05  6.94449882e-08  2.42072486e-07 
 3.25233387e+05  6.90899572e-08  2.27669366e-07 
 3.44021326e+05  6.87528259e-08  2.14171867e-07 
 3.63894599e+05  6.84327979e-08  2.01518562e-07 
 3.84915902e+05  6.81291091e-08  1.89652539e-07 
 4.07151555e+05  6.78410275e-08  1.78521049e-07 
 4.30671707e+05  6.75678528e-08  1.68075175e-07 
 4.55550561e+05  6.73089158e-08  1.58269533e-07 
 4.81866605e+05  6.70635785e-08  1.49061998e-07 
 5.09702863e+05  6.68312330e-08  1.40413451e-07 
 5.39147154e+05  6.66113018e-08  1.32287542e-07 
 5.70292370e+05  6.64032374e-08  1.24650486e-07 
 6.03236769e+05  6.62065215e-08  1.17470856e-07 
 6.38084285e+05  6.60206656e-08  1.10719411e-07 
 6.74944857e+05  6.58452102e-08  1.04368930e-07 
 7.13934775e+05  6.56797251e-08  9.83940558e-08 
 7.55177045e+05  6.55238093e-08  9.27711576e-08 
 7.98801781e+05  6.53770912e-08  8.74782036e-08 
 8.44946611e+05  6.52392288e-08  8.24946416e-08 
 8.93757115e+05  6.51099103e-08  7.78012902e-08 
 9.45387283e+05  6.49888544e-08  7.33802391e-08 
 1.00000000e+06  6.48758115e-08  6.92147565e-08 
 1.05776756e+06  6.47705643e-08  6.52892045e-08 
 1.11887221e+06  6.46729295e-08  6.15889607e-08 
 1.18350673e+06  6.45827590e-08  5.81003461e-08 
 1.25187503e+06  6.44999422e-08  5.48105585e-08 
 1.32419279e+06  6.44244080e-08  5.17076113e-08 
 1.40068818e+06  6.43561278e-08  4.87802768e-08 
 1.48160252e+06  6.42951189e-08  4.60180340e-08 
 1.56719108e+06  6.42414483e-08  4.34110204e-08 
 1.65772389e+06  6.41952374e-08  4.09499876e-08 
 1.75348655e+06  6.41566677e-08  3.86262603e-08 
 1.85478119e+06  6.41259867e-08  3.64316986e-08 
 1.96192737e+06  6.41035161e-08  3.43586629e-08 
 2.07526313e+06  6.40896599e-08  3.23999823e-08 
 2.19514602e+06  6.40849150e-08  3.05489249e-08 
 2.32195425e+06  6.40898827e-08  2.87991712e-08 
 2.45608788e+06  6.41052823e-08  2.71447891e-08 
 2.59797009e+06  6.41319663e-08  2.55802122e-08 
 2.74804848e+06  6.41709382e-08  2.41002190e-08 
 2.90679654e+06  6.42233718e-08  2.26999154e-08 
 3.07471508e+06  6.42906336e-08  2.13747179e-08 
 3.25233387e+06  6.43743063e-08  2.01203400e-08 
 3.44021326e+06  6.44762148e-08  1.89327791e-08 
 3.63894599e+06  6.45984532e-08  1.78083058e-08 
 3.84915902e+06  6.47434122e-08  1.67434545e-08 
 4.07151555e+06  6.49138047e-08  1.57350145e-08 
 4.30671707e+06  6.51126894e-08  1.47800224e-08 
 4.55550561e+06  6.53434865e-08  1.38757542e-08 
 4.81866605e+06  6.56099844e-08  1.30197174e-08 
 5.09702863e+06  6.59163310e-08  1.22096410e-08 
 5.39147154e+06  6.62670039e-08  1.14434638e-08 
 5.70292370e+06  6.66667529e-08  1.07193199e-08 
 6.03236769e+06  6.71205066e-08  1.00355197e-08 
 6.38084285e+06  6.76332370e-08  9.39052698e-09 
 6.74944857e+06  6.82097749e-08  8.78293171e-09 
 7.13934775e+06  6.88545737e-08  8.21141849e-09 
 7.55177045e+06  6.95714225e-08  7.67473290e-09 
 7.98801781e+06  7.03631157e-08  7.17164690e-09 
 8.44946611e+06  7.12310950e-08  6.70092612e-09 
 8.93757115e+06  7.21750889e-08  6.26130176e-09 
 9.45387283e+06  7.31927797e-08  5.85144947e-09 
 1.00000000e+07  7.42795378e-08  5.46997752e-09 
 1.05776756e+07  7.54282608e-08  5.11542475e-09 
 1.11887221e+07  7.66293504e-08  4.78626847e-09 
 1.18350673e+07  7.78708495e-08  4.48094058e-09 
 1.25187503e+07  7.91387425e-08  4.19784978e-09 
 1.32419279e+07  8.04174032e-08  3.93540689e-09 
 1.40068818e+07  8.16901535e-08  3.69205065e-09 
 1.48160252e+07  8.29398826e-08  3.46627139e-09 
 1.56719108e+07  8.41496670e-08  3.25663083e-09 
 1.65772389e+07  8.53033370e-08  3.06177705e-09 
 1.75348655e+07  8.63859428e-08  2.88045425e-09 
 1.85478119e+07  8.73840909e-08  2.71150762e-09 
 1.96192737e+07  8.82861404e-08  2.55388402e-09 
 2.07526313e+07  8.90822662e-08  2.40662930e-09 
 2.19514602e+07  8.97644077e-08  2.26888311e-09 
 2.32195425e+07  9.03261330e-08  2.13987227e-09 
 2.45608788e+07  9.07624471e-08  2.01890312e-09 
 2.59797009e+07  9.10695762e-08  1.90535370e-09 
 2.74804848e+07  9.12447513e-08  1.79866597e-09 
 2.90679654e+07  9.12860116e-08  1.69833847e-09 
 3.07471508e+07  9.11920401e-08  1.60391955e-09 
 3.25233387e+07  9.09620405e-08  1.51500123e-09 
 3.44021326e+07  9.05956566e-08  1.43121376e-09 
 3.63894599e+07  9.00929351e-08  1.35222089e-09 
 3.84915902e+07  8.94543267e-08  1.27771565e-09 
 4.07151555e+07  8.86807219e-08  1.20741681e-09 
 4.30671707e+07  8.77735122e-08  1.14106583e-09 
 4.55550561e+07  8.67346706e-08  1.07842415e-09 
 4.81866605e+07  8.55668410e-08  1.01927103e-09 
 5.09702863e+07  8.42734292e-08  9.63401590e-10 
 5.39147154e+07  8.28586844e-08  9.10625159e-10 
 5.70292370e+07  8.13277645e-08  8.60763912e-10 
 6.03236769e+07  7.96867762e-08  8.13651641e-10 
 6.38084285e+07  7.79427855e-08  7.69132724e-10 
 6.74944857e+07  7.61037922e-08  7.27061227e-10 
 7.13934775e+07  7.41786693e-08  6.87300115e-10 
 7.55177045e+07  7.21770652e-08  6.49720572e-10 
 7.98801781e+07  7.01092747e-08  6.14201386e-10 
 8.44946611e+07  6.79860823e-08  5.80628410e-10 
 8.93757115e+07  6.58185857e-08  5.48894082e-10 
 9.45387283e+07  6.36180088e-08  5.18896986e-10 
 1.00000000e+08  6.13955121e-08  4.90541454e-10 
