 frequency       AmagdB          Aphdeg         
 1.00000000e+01  6.28807453e+01 -7.44529717e-01 
 1.05776756e+01  6.28806582e+01 -7.87534114e-01 
 1.11887221e+01  6.28805607e+01 -8.33021804e-01 
 1.18350673e+01  6.28804516e+01 -8.81136063e-01 
 1.25187503e+01  6.28803295e+01 -9.32028412e-01 
 1.32419279e+01  6.28801929e+01 -9.85859085e-01 
 1.40068818e+01  6.28800401e+01 -1.04279753e+00 
 1.48160252e+01  6.28798692e+01 -1.10302292e+00 
 1.56719108e+01  6.28796779e+01 -1.16672474e+00 
 1.65772389e+01  6.28794639e+01 -1.23410331e+00 
 1.75348655e+01  6.28792244e+01 -1.30537046e+00 
 1.85478119e+01  6.28789565e+01 -1.38075014e+00 
 1.96192737e+01  6.28786568e+01 -1.46047911e+00 
 2.07526313e+01  6.28783215e+01 -1.54480766e+00 
 2.19514602e+01  6.28779464e+01 -1.63400038e+00 
 2.32195425e+01  6.28775267e+01 -1.72833692e+00 
 2.45608788e+01  6.28770572e+01 -1.82811284e+00 
 2.59797009e+01  6.28765319e+01 -1.93364049e+00 
 2.74804848e+01  6.28759443e+01 -2.04524993e+00 
 2.90679654e+01  6.28752868e+01 -2.16328986e+00 
 3.07471508e+01  6.28745514e+01 -2.28812865e+00 
 3.25233387e+01  6.28737287e+01 -2.42015541e+00 
 3.44021326e+01  6.28728084e+01 -2.55978103e+00 
 3.63894599e+01  6.28717789e+01 -2.70743934e+00 
 3.84915902e+01  6.28706273e+01 -2.86358833e+00 
 4.07151555e+01  6.28693391e+01 -3.02871130e+00 
 4.30671707e+01  6.28678983e+01 -3.20331819e+00 
 4.55550561e+01  6.28662869e+01 -3.38794684e+00 
 4.81866605e+01  6.28644845e+01 -3.58316434e+00 
 5.09702863e+01  6.28624688e+01 -3.78956838e+00 
 5.39147154e+01  6.28602146e+01 -4.00778864e+00 
 5.70292370e+01  6.28576938e+01 -4.23848816e+00 
 6.03236769e+01  6.28548751e+01 -4.48236476e+00 
 6.38084285e+01  6.28517235e+01 -4.74015237e+00 
 6.74944857e+01  6.28481999e+01 -5.01262238e+00 
 7.13934775e+01  6.28442609e+01 -5.30058495e+00 
 7.55177045e+01  6.28398579e+01 -5.60489019e+00 
 7.98801781e+01  6.28349368e+01 -5.92642924e+00 
 8.44946611e+01  6.28294373e+01 -6.26613527e+00 
 8.93757115e+01  6.28232923e+01 -6.62498415e+00 
 9.45387283e+01  6.28164271e+01 -7.00399505e+00 
 1.00000000e+02  6.28087587e+01 -7.40423062e+00 
 1.05776756e+02  6.28001948e+01 -7.82679684e+00 
 1.11887221e+02  6.27906328e+01 -8.27284240e+00 
 1.18350673e+02  6.27799590e+01 -8.74355763e+00 
 1.25187503e+02  6.27680474e+01 -9.24017266e+00 
 1.32419279e+02  6.27547586e+01 -9.76395491e+00 
 1.40068818e+02  6.27399380e+01 -1.03162057e+01 
 1.48160252e+02  6.27234155e+01 -1.08982556e+01 
 1.56719108e+02  6.27050030e+01 -1.15114592e+01 
 1.65772389e+02  6.26844940e+01 -1.21571877e+01 
 1.75348655e+02  6.26616613e+01 -1.28368203e+01 
 1.85478119e+02  6.26362558e+01 -1.35517342e+01 
 1.96192737e+02  6.26080054e+01 -1.43032924e+01 
 2.07526313e+02  6.25766132e+01 -1.50928290e+01 
 2.19514602e+02  6.25417561e+01 -1.59216326e+01 
 2.32195425e+02  6.25030843e+01 -1.67909277e+01 
 2.45608788e+02  6.24602199e+01 -1.77018526e+01 
 2.59797009e+02  6.24127562e+01 -1.86554356e+01 
 2.74804848e+02  6.23602582e+01 -1.96525682e+01 
 2.90679654e+02  6.23022621e+01 -2.06939761e+01 
 3.07471508e+02  6.22382770e+01 -2.17801881e+01 
 3.25233387e+02  6.21677858e+01 -2.29115036e+01 
 3.44021326e+02  6.20902481e+01 -2.40879589e+01 
 3.63894599e+02  6.20051033e+01 -2.53092932e+01 
 3.84915902e+02  6.19117749e+01 -2.65749161e+01 
 4.07151555e+02  6.18096760e+01 -2.78838763e+01 
 4.30671707e+02  6.16982154e+01 -2.92348351e+01 
 4.55550561e+02  6.15768048e+01 -3.06260436e+01 
 4.81866605e+02  6.14448678e+01 -3.20553279e+01 
 5.09702863e+02  6.13018478e+01 -3.35200813e+01 
 5.39147154e+02  6.11472187e+01 -3.50172676e+01 
 5.70292370e+02  6.09804938e+01 -3.65434342e+01 
 6.03236769e+02  6.08012362e+01 -3.80947368e+01 
 6.38084285e+02  6.06090677e+01 -3.96669770e+01 
 6.74944857e+02  6.04036776e+01 -4.12556503e+01 
 7.13934775e+02  6.01848295e+01 -4.28560050e+01 
 7.55177045e+02  5.99523675e+01 -4.44631099e+01 
 7.98801781e+02  5.97062199e+01 -4.60719292e+01 
 8.44946611e+02  5.94464008e+01 -4.76774000e+01 
 8.93757115e+02  5.91730098e+01 -4.92745124e+01 
 9.45387283e+02  5.88862298e+01 -5.08583864e+01 
 1.00000000e+03  5.85863221e+01 -5.24243444e+01 
 1.05776756e+03  5.82736205e+01 -5.39679767e+01 
 1.11887221e+03  5.79485234e+01 -5.54851965e+01 
 1.18350673e+03  5.76114852e+01 -5.69722851e+01 
 1.25187503e+03  5.72630064e+01 -5.84259246e+01 
 1.32419279e+03  5.69036243e+01 -5.98432194e+01 
 1.40068818e+03  5.65339030e+01 -6.12217058e+01 
 1.48160252e+03  5.61544239e+01 -6.25593513e+01 
 1.56719108e+03  5.57657769e+01 -6.38545443e+01 
 1.65772389e+03  5.53685526e+01 -6.51060768e+01 
 1.75348655e+03  5.49633352e+01 -6.63131204e+01 
 1.85478119e+03  5.45506965e+01 -6.74751973e+01 
 1.96192737e+03  5.41311910e+01 -6.85921492e+01 
 2.07526313e+03  5.37053516e+01 -6.96641037e+01 
 2.19514602e+03  5.32736871e+01 -7.06914407e+01 
 2.32195425e+03  5.28366797e+01 -7.16747587e+01 
 2.45608788e+03  5.23947837e+01 -7.26148428e+01 
 2.59797009e+03  5.19484251e+01 -7.35126344e+01 
 2.74804848e+03  5.14980008e+01 -7.43692026e+01 
 2.90679654e+03  5.10438796e+01 -7.51857188e+01 
 3.07471508e+03  5.05864024e+01 -7.59634328e+01 
 3.25233387e+03  5.01258835e+01 -7.67036529e+01 
 3.44021326e+03  4.96626115e+01 -7.74077267e+01 
 3.63894599e+03  4.91968510e+01 -7.80770263e+01 
 3.84915902e+03  4.87288436e+01 -7.87129336e+01 
 4.07151555e+03  4.82588096e+01 -7.93168295e+01 
 4.30671707e+03  4.77869492e+01 -7.98900839e+01 
 4.55550561e+03  4.73134446e+01 -8.04340477e+01 
 4.81866605e+03  4.68384606e+01 -8.09500464e+01 
 5.09702863e+03  4.63621466e+01 -8.14393744e+01 
 5.39147154e+03  4.58846375e+01 -8.19032916e+01 
 5.70292370e+03  4.54060552e+01 -8.23430198e+01 
 6.03236769e+03  4.49265097e+01 -8.27597406e+01 
 6.38084285e+03  4.44460999e+01 -8.31545939e+01 
 6.74944857e+03  4.39649151e+01 -8.35286767e+01 
 7.13934775e+03  4.34830355e+01 -8.38830432e+01 
 7.55177045e+03  4.30005332e+01 -8.42187043e+01 
 7.98801781e+03  4.25174729e+01 -8.45366281e+01 
 8.44946611e+03  4.20339129e+01 -8.48377408e+01 
 8.93757115e+03  4.15499053e+01 -8.51229269e+01 
 9.45387283e+03  4.10654970e+01 -8.53930310e+01 
 1.00000000e+04  4.05807300e+01 -8.56488584e+01 
 1.05776756e+04  4.00956420e+01 -8.58911765e+01 
 1.11887221e+04  3.96102666e+01 -8.61207161e+01 
 1.18350673e+04  3.91246341e+01 -8.63381732e+01 
 1.25187503e+04  3.86387716e+01 -8.65442095e+01 
 1.32419279e+04  3.81527033e+01 -8.67394549e+01 
 1.40068818e+04  3.76664509e+01 -8.69245080e+01 
 1.48160252e+04  3.71800339e+01 -8.70999381e+01 
 1.56719108e+04  3.66934695e+01 -8.72662863e+01 
 1.65772389e+04  3.62067734e+01 -8.74240671e+01 
 1.75348655e+04  3.57199594e+01 -8.75737693e+01 
 1.85478119e+04  3.52330400e+01 -8.77158579e+01 
 1.96192737e+04  3.47460264e+01 -8.78507747e+01 
 2.07526313e+04  3.42589284e+01 -8.79789402e+01 
 2.19514602e+04  3.37717549e+01 -8.81007541e+01 
 2.32195425e+04  3.32845139e+01 -8.82165969e+01 
 2.45608788e+04  3.27972125e+01 -8.83268310e+01 
 2.59797009e+04  3.23098571e+01 -8.84318013e+01 
 2.74804848e+04  3.18224532e+01 -8.85318367e+01 
 2.90679654e+04  3.13350059e+01 -8.86272508e+01 
 3.07471508e+04  3.08475198e+01 -8.87183431e+01 
 3.25233387e+04  3.03599989e+01 -8.88053996e+01 
 3.44021326e+04  2.98724466e+01 -8.88886936e+01 
 3.63894599e+04  2.93848663e+01 -8.89684870e+01 
 3.84915902e+04  2.88972608e+01 -8.90450307e+01 
 4.07151555e+04  2.84096325e+01 -8.91185655e+01 
 4.30671707e+04  2.79219838e+01 -8.91893227e+01 
 4.55550561e+04  2.74343165e+01 -8.92575251e+01 
 4.81866605e+04  2.69466324e+01 -8.93233874e+01 
 5.09702863e+04  2.64589330e+01 -8.93871170e+01 
 5.39147154e+04  2.59712197e+01 -8.94489147e+01 
 5.70292370e+04  2.54834936e+01 -8.95089751e+01 
 6.03236769e+04  2.49957557e+01 -8.95674875e+01 
 6.38084285e+04  2.45080068e+01 -8.96246364e+01 
 6.74944857e+04  2.40202477e+01 -8.96806018e+01 
 7.13934775e+04  2.35324790e+01 -8.97355601e+01 
 7.55177045e+04  2.30447010e+01 -8.97896847e+01 
 7.98801781e+04  2.25569142e+01 -8.98431461e+01 
 8.44946611e+04  2.20691187e+01 -8.98961128e+01 
 8.93757115e+04  2.15813148e+01 -8.99487520e+01 
 9.45387283e+04  2.10935023e+01 -9.00012295e+01 
 1.00000000e+05  2.06056812e+01 -9.00537109e+01 
 1.05776756e+05  2.01178513e+01 -9.01063616e+01 
 1.11887221e+05  1.96300122e+01 -9.01593476e+01 
 1.18350673e+05  1.91421636e+01 -9.02128359e+01 
 1.25187503e+05  1.86543050e+01 -9.02669952e+01 
 1.32419279e+05  1.81664355e+01 -9.03219962e+01 
 1.40068818e+05  1.76785544e+01 -9.03780123e+01 
 1.48160252e+05  1.71906607e+01 -9.04352201e+01 
 1.56719108e+05  1.67027534e+01 -9.04937998e+01 
 1.65772389e+05  1.62148310e+01 -9.05539359e+01 
 1.75348655e+05  1.57268922e+01 -9.06158180e+01 
 1.85478119e+05  1.52389353e+01 -9.06796410e+01 
 1.96192737e+05  1.47509582e+01 -9.07456058e+01 
 2.07526313e+05  1.42629590e+01 -9.08139201e+01 
 2.19514602e+05  1.37749350e+01 -9.08847989e+01 
 2.32195425e+05  1.32868835e+01 -9.09584653e+01 
 2.45608788e+05  1.27988014e+01 -9.10351508e+01 
 2.59797009e+05  1.23106853e+01 -9.11150966e+01 
 2.74804848e+05  1.18225311e+01 -9.11985539e+01 
 2.90679654e+05  1.13343344e+01 -9.12857848e+01 
 3.07471508e+05  1.08460904e+01 -9.13770630e+01 
 3.25233387e+05  1.03577935e+01 -9.14726749e+01 
 3.44021326e+05  9.86943739e+00 -9.15729201e+01 
 3.63894599e+05  9.38101517e+00 -9.16781126e+01 
 3.84915902e+05  8.89251905e+00 -9.17885814e+01 
 4.07151555e+05  8.40394027e+00 -9.19046717e+01 
 4.30671707e+05  7.91526907e+00 -9.20267459e+01 
 4.55550561e+05  7.42649450e+00 -9.21551846e+01 
 4.81866605e+05  6.93760430e+00 -9.22903873e+01 
 5.09702863e+05  6.44858476e+00 -9.24327743e+01 
 5.39147154e+05  5.95942053e+00 -9.25827870e+01 
 5.70292370e+05  5.47009443e+00 -9.27408895e+01 
 6.03236769e+05  4.98058722e+00 -9.29075699e+01 
 6.38084285e+05  4.49087740e+00 -9.30833413e+01 
 6.74944857e+05  4.00094089e+00 -9.32687429e+01 
 7.13934775e+05  3.51075072e+00 -9.34643416e+01 
 7.55177045e+05  3.02027676e+00 -9.36707332e+01 
 7.98801781e+05  2.52948525e+00 -9.38885434e+01 
 8.44946611e+05  2.03833843e+00 -9.41184292e+01 
 8.93757115e+05  1.54679405e+00 -9.43610801e+01 
 9.45387283e+05  1.05480482e+00 -9.46172190e+01 
 1.00000000e+06  5.62317846e-01 -9.48876035e+01 
 1.05776756e+06  6.92739263e-02 -9.51730263e+01 
 1.11887221e+06 -4.24393160e-01 -9.54743164e+01 
 1.18350673e+06 -9.18757497e-01 -9.57923390e+01 
 1.25187503e+06 -1.41390195e+00 -9.61279960e+01 
 1.32419279e+06 -1.90991921e+00 -9.64822253e+01 
 1.40068818e+06 -2.40691289e+00 -9.68560002e+01 
 1.48160252e+06 -2.90499886e+00 -9.72503276e+01 
 1.56719108e+06 -3.40430659e+00 -9.76662459e+01 
 1.65772389e+06 -3.90498071e+00 -9.81048217e+01 
 1.75348655e+06 -4.40718272e+00 -9.85671448e+01 
 1.85478119e+06 -4.91109282e+00 -9.90543223e+01 
 1.96192737e+06 -5.41691194e+00 -9.95674706e+01 
 2.07526313e+06 -5.92486388e+00 -1.00107705e+02 
 2.19514602e+06 -6.43519762e+00 -1.00676126e+02 
 2.32195425e+06 -6.94818975e+00 -1.01273803e+02 
 2.45608788e+06 -7.46414689e+00 -1.01901756e+02 
 2.59797009e+06 -7.98340826e+00 -1.02560926e+02 
 2.74804848e+06 -8.50634799e+00 -1.03252149e+02 
 2.90679654e+06 -9.03337731e+00 -1.03976115e+02 
 3.07471508e+06 -9.56494630e+00 -1.04733327e+02 
 3.25233387e+06 -1.01015450e+01 -1.05524047e+02 
 3.44021326e+06 -1.06437033e+01 -1.06348237e+02 
 3.63894599e+06 -1.11919903e+01 -1.07205486e+02 
 3.84915902e+06 -1.17470104e+01 -1.08094938e+02 
 4.07151555e+06 -1.23093983e+01 -1.09015199e+02 
 4.30671707e+06 -1.28798108e+01 -1.09964252e+02 
 4.55550561e+06 -1.34589141e+01 -1.10939360e+02 
 4.81866605e+06 -1.40473675e+01 -1.11936972e+02 
 5.09702863e+06 -1.46458027e+01 -1.12952651e+02 
 5.39147154e+06 -1.52547967e+01 -1.13981001e+02 
 5.70292370e+06 -1.58748414e+01 -1.15015643e+02 
 6.03236769e+06 -1.65063072e+01 -1.16049218e+02 
 6.38084285e+06 -1.71494042e+01 -1.17073457e+02 
 6.74944857e+06 -1.78041422e+01 -1.18079305e+02 
 7.13934775e+06 -1.84702922e+01 -1.19057127e+02 
 7.55177045e+06 -1.91473523e+01 -1.19996992e+02 
 7.98801781e+06 -1.98345233e+01 -1.20889017e+02 
 8.44946611e+06 -2.05306958e+01 -1.21723789e+02 
 8.93757115e+06 -2.12344539e+01 -1.22492799e+02 
 9.45387283e+06 -2.19440956e+01 -1.23188904e+02 
 1.00000000e+07 -2.26576730e+01 -1.23806740e+02 
 1.05776756e+07 -2.33730479e+01 -1.24343073e+02 
 1.11887221e+07 -2.40879618e+01 -1.24797051e+02 
 1.18350673e+07 -2.48001145e+01 -1.25170321e+02 
 1.25187503e+07 -2.55072450e+01 -1.25467010e+02 
 1.32419279e+07 -2.62072081e+01 -1.25693564e+02 
 1.40068818e+07 -2.68980412e+01 -1.25858463e+02 
 1.48160252e+07 -2.75780171e+01 -1.25971840e+02 
 1.56719108e+07 -2.82456774e+01 -1.26045037e+02 
 1.65772389e+07 -2.88998491e+01 -1.26090139e+02 
 1.75348655e+07 -2.95396419e+01 -1.26119511e+02 
 1.85478119e+07 -3.01644309e+01 -1.26145393e+02 
 1.96192737e+07 -3.07738272e+01 -1.26179536e+02 
 2.07526313e+07 -3.13676412e+01 -1.26232933e+02 
 2.19514602e+07 -3.19458409e+01 -1.26315607e+02 
 2.32195425e+07 -3.25085113e+01 -1.26436490e+02 
 2.45608788e+07 -3.30558143e+01 -1.26603347e+02 
 2.59797009e+07 -3.35879542e+01 -1.26822760e+02 
 2.74804848e+07 -3.41051475e+01 -1.27100150e+02 
 2.90679654e+07 -3.46075997e+01 -1.27439815e+02 
 3.07471508e+07 -3.50954870e+01 -1.27844993e+02 
 3.25233387e+07 -3.55689442e+01 -1.28317922e+02 
 3.44021326e+07 -3.60280575e+01 -1.28859908e+02 
 3.63894599e+07 -3.64728619e+01 -1.29471387e+02 
 3.84915902e+07 -3.69033428e+01 -1.30151982e+02 
 4.07151555e+07 -3.73194400e+01 -1.30900552e+02 
 4.30671707e+07 -3.77210556e+01 -1.31715248e+02 
 4.55550561e+07 -3.81080626e+01 -1.32593550e+02 
 4.81866605e+07 -3.84803163e+01 -1.33532322e+02 
 5.09702863e+07 -3.88376662e+01 -1.34527855e+02 
 5.39147154e+07 -3.91799678e+01 -1.35575918e+02 
 5.70292370e+07 -3.95070957e+01 -1.36671818e+02 
 6.03236769e+07 -3.98189551e+01 -1.37810463e+02 
 6.38084285e+07 -4.01154927e+01 -1.38986432e+02 
 6.74944857e+07 -4.03967063e+01 -1.40194051e+02 
 7.13934775e+07 -4.06626524e+01 -1.41427476e+02 
 7.55177045e+07 -4.09134520e+01 -1.42680778e+02 
 7.98801781e+07 -4.11492937e+01 -1.43948031e+02 
 8.44946611e+07 -4.13704347e+01 -1.45223393e+02 
 8.93757115e+07 -4.15771999e+01 -1.46501192e+02 
 9.45387283e+07 -4.17699785e+01 -1.47775995e+02 
 1.00000000e+08 -4.19492182e+01 -1.49042679e+02 
