 v-sweep         Vout           
 0.00000000e+00  8.91254921e-01 
 1.00000000e-08  8.91268753e-01 
 2.00000000e-08  8.91282585e-01 
 3.00000000e-08  8.91296417e-01 
 4.00000000e-08  8.91310249e-01 
 5.00000000e-08  8.91324082e-01 
 6.00000000e-08  8.91337914e-01 
 7.00000000e-08  8.91351747e-01 
 8.00000000e-08  8.91365580e-01 
 9.00000000e-08  8.91379413e-01 
 1.00000000e-07  8.91393246e-01 
 1.10000000e-07  8.91407080e-01 
 1.20000000e-07  8.91420913e-01 
 1.30000000e-07  8.91434747e-01 
 1.40000000e-07  8.91448581e-01 
 1.50000000e-07  8.91462415e-01 
 1.60000000e-07  8.91476249e-01 
 1.70000000e-07  8.91490084e-01 
 1.80000000e-07  8.91503918e-01 
 1.90000000e-07  8.91517753e-01 
 2.00000000e-07  8.91531588e-01 
 2.10000000e-07  8.91545423e-01 
 2.20000000e-07  8.91559258e-01 
 2.30000000e-07  8.91573094e-01 
 2.40000000e-07  8.91586929e-01 
 2.50000000e-07  8.91600765e-01 
 2.60000000e-07  8.91614601e-01 
 2.70000000e-07  8.91628437e-01 
 2.80000000e-07  8.91642273e-01 
 2.90000000e-07  8.91656109e-01 
 3.00000000e-07  8.91669946e-01 
 3.10000000e-07  8.91683783e-01 
 3.20000000e-07  8.91697620e-01 
 3.30000000e-07  8.91711457e-01 
 3.40000000e-07  8.91725294e-01 
 3.50000000e-07  8.91739131e-01 
 3.60000000e-07  8.91752969e-01 
 3.70000000e-07  8.91766806e-01 
 3.80000000e-07  8.91780644e-01 
 3.90000000e-07  8.91794482e-01 
 4.00000000e-07  8.91808321e-01 
 4.10000000e-07  8.91822159e-01 
 4.20000000e-07  8.91835997e-01 
 4.30000000e-07  8.91849836e-01 
 4.40000000e-07  8.91863675e-01 
 4.50000000e-07  8.91877514e-01 
 4.60000000e-07  8.91891353e-01 
 4.70000000e-07  8.91905193e-01 
 4.80000000e-07  8.91919032e-01 
 4.90000000e-07  8.91932872e-01 
 5.00000000e-07  8.91946712e-01 
 5.10000000e-07  8.91960552e-01 
 5.20000000e-07  8.91974392e-01 
 5.30000000e-07  8.91988232e-01 
 5.40000000e-07  8.92002073e-01 
 5.50000000e-07  8.92015913e-01 
 5.60000000e-07  8.92029754e-01 
 5.70000000e-07  8.92043595e-01 
 5.80000000e-07  8.92057436e-01 
 5.90000000e-07  8.92071277e-01 
 6.00000000e-07  8.92085119e-01 
 6.10000000e-07  8.92098961e-01 
 6.20000000e-07  8.92112802e-01 
 6.30000000e-07  8.92126644e-01 
 6.40000000e-07  8.92140486e-01 
 6.50000000e-07  8.92154329e-01 
 6.60000000e-07  8.92168171e-01 
 6.70000000e-07  8.92182014e-01 
 6.80000000e-07  8.92195857e-01 
 6.90000000e-07  8.92209700e-01 
 7.00000000e-07  8.92223543e-01 
 7.10000000e-07  8.92237386e-01 
 7.20000000e-07  8.92251229e-01 
 7.30000000e-07  8.92265073e-01 
 7.40000000e-07  8.92278917e-01 
 7.50000000e-07  8.92292761e-01 
 7.60000000e-07  8.92306605e-01 
 7.70000000e-07  8.92320449e-01 
 7.80000000e-07  8.92334294e-01 
 7.90000000e-07  8.92348138e-01 
 8.00000000e-07  8.92361983e-01 
 8.10000000e-07  8.92375828e-01 
 8.20000000e-07  8.92389673e-01 
 8.30000000e-07  8.92403518e-01 
 8.40000000e-07  8.92417364e-01 
 8.50000000e-07  8.92431209e-01 
 8.60000000e-07  8.92445055e-01 
 8.70000000e-07  8.92458901e-01 
 8.80000000e-07  8.92472747e-01 
 8.90000000e-07  8.92486593e-01 
 9.00000000e-07  8.92500440e-01 
 9.10000000e-07  8.92514286e-01 
 9.20000000e-07  8.92528133e-01 
 9.30000000e-07  8.92541980e-01 
 9.40000000e-07  8.92555827e-01 
 9.50000000e-07  8.92569674e-01 
 9.60000000e-07  8.92583521e-01 
 9.70000000e-07  8.92597369e-01 
 9.80000000e-07  8.92611217e-01 
 9.90000000e-07  8.92625065e-01 
 1.00000000e-06  8.92638913e-01 
 1.01000000e-06  8.92652761e-01 
 1.02000000e-06  8.92666609e-01 
 1.03000000e-06  8.92680458e-01 
 1.04000000e-06  8.92694306e-01 
 1.05000000e-06  8.92708155e-01 
 1.06000000e-06  8.92722004e-01 
 1.07000000e-06  8.92735853e-01 
 1.08000000e-06  8.92749703e-01 
 1.09000000e-06  8.92763552e-01 
 1.10000000e-06  8.92777402e-01 
 1.11000000e-06  8.92791252e-01 
 1.12000000e-06  8.92805102e-01 
 1.13000000e-06  8.92818952e-01 
 1.14000000e-06  8.92832802e-01 
 1.15000000e-06  8.92846653e-01 
 1.16000000e-06  8.92860504e-01 
 1.17000000e-06  8.92874354e-01 
 1.18000000e-06  8.92888205e-01 
 1.19000000e-06  8.92902056e-01 
 1.20000000e-06  8.92915908e-01 
 1.21000000e-06  8.92929759e-01 
 1.22000000e-06  8.92943611e-01 
 1.23000000e-06  8.92957463e-01 
 1.24000000e-06  8.92971315e-01 
 1.25000000e-06  8.92985167e-01 
 1.26000000e-06  8.92999019e-01 
 1.27000000e-06  8.93012872e-01 
 1.28000000e-06  8.93026724e-01 
 1.29000000e-06  8.93040577e-01 
 1.30000000e-06  8.93054430e-01 
 1.31000000e-06  8.93068283e-01 
 1.32000000e-06  8.93082136e-01 
 1.33000000e-06  8.93095990e-01 
 1.34000000e-06  8.93109843e-01 
 1.35000000e-06  8.93123697e-01 
 1.36000000e-06  8.93137551e-01 
 1.37000000e-06  8.93151405e-01 
 1.38000000e-06  8.93165259e-01 
 1.39000000e-06  8.93179114e-01 
 1.40000000e-06  8.93192968e-01 
 1.41000000e-06  8.93206823e-01 
 1.42000000e-06  8.93220678e-01 
 1.43000000e-06  8.93234533e-01 
 1.44000000e-06  8.93248388e-01 
 1.45000000e-06  8.93262244e-01 
 1.46000000e-06  8.93276099e-01 
 1.47000000e-06  8.93289955e-01 
 1.48000000e-06  8.93303811e-01 
 1.49000000e-06  8.93317667e-01 
 1.50000000e-06  8.93331523e-01 
 1.51000000e-06  8.93345380e-01 
 1.52000000e-06  8.93359236e-01 
 1.53000000e-06  8.93373093e-01 
 1.54000000e-06  8.93386950e-01 
 1.55000000e-06  8.93400807e-01 
 1.56000000e-06  8.93414664e-01 
 1.57000000e-06  8.93428521e-01 
 1.58000000e-06  8.93442379e-01 
 1.59000000e-06  8.93456237e-01 
 1.60000000e-06  8.93470095e-01 
 1.61000000e-06  8.93483953e-01 
 1.62000000e-06  8.93497811e-01 
 1.63000000e-06  8.93511669e-01 
 1.64000000e-06  8.93525528e-01 
 1.65000000e-06  8.93539386e-01 
 1.66000000e-06  8.93553245e-01 
 1.67000000e-06  8.93567104e-01 
 1.68000000e-06  8.93580963e-01 
 1.69000000e-06  8.93594823e-01 
 1.70000000e-06  8.93608682e-01 
 1.71000000e-06  8.93622542e-01 
 1.72000000e-06  8.93636402e-01 
 1.73000000e-06  8.93650261e-01 
 1.74000000e-06  8.93664122e-01 
 1.75000000e-06  8.93677982e-01 
 1.76000000e-06  8.93691842e-01 
 1.77000000e-06  8.93705703e-01 
 1.78000000e-06  8.93719564e-01 
 1.79000000e-06  8.93733425e-01 
 1.80000000e-06  8.93747286e-01 
 1.81000000e-06  8.93761147e-01 
 1.82000000e-06  8.93775009e-01 
 1.83000000e-06  8.93788870e-01 
 1.84000000e-06  8.93802732e-01 
 1.85000000e-06  8.93816594e-01 
 1.86000000e-06  8.93830456e-01 
 1.87000000e-06  8.93844318e-01 
 1.88000000e-06  8.93858181e-01 
 1.89000000e-06  8.93872043e-01 
 1.90000000e-06  8.93885906e-01 
 1.91000000e-06  8.93899769e-01 
 1.92000000e-06  8.93913632e-01 
 1.93000000e-06  8.93927495e-01 
 1.94000000e-06  8.93941359e-01 
 1.95000000e-06  8.93955222e-01 
 1.96000000e-06  8.93969086e-01 
 1.97000000e-06  8.93982950e-01 
 1.98000000e-06  8.93996814e-01 
 1.99000000e-06  8.94010678e-01 
 2.00000000e-06  8.94024543e-01 
 2.01000000e-06  8.94038407e-01 
 2.02000000e-06  8.94052272e-01 
 2.03000000e-06  8.94066137e-01 
 2.04000000e-06  8.94080002e-01 
 2.05000000e-06  8.94093867e-01 
 2.06000000e-06  8.94107732e-01 
 2.07000000e-06  8.94121598e-01 
 2.08000000e-06  8.94135464e-01 
 2.09000000e-06  8.94149329e-01 
 2.10000000e-06  8.94163195e-01 
 2.11000000e-06  8.94177062e-01 
 2.12000000e-06  8.94190928e-01 
 2.13000000e-06  8.94204794e-01 
 2.14000000e-06  8.94218661e-01 
 2.15000000e-06  8.94232528e-01 
 2.16000000e-06  8.94246395e-01 
 2.17000000e-06  8.94260262e-01 
 2.18000000e-06  8.94274129e-01 
 2.19000000e-06  8.94287997e-01 
 2.20000000e-06  8.94301865e-01 
 2.21000000e-06  8.94315732e-01 
 2.22000000e-06  8.94329600e-01 
 2.23000000e-06  8.94343468e-01 
 2.24000000e-06  8.94357337e-01 
 2.25000000e-06  8.94371205e-01 
 2.26000000e-06  8.94385074e-01 
 2.27000000e-06  8.94398943e-01 
 2.28000000e-06  8.94412812e-01 
 2.29000000e-06  8.94426681e-01 
 2.30000000e-06  8.94440550e-01 
 2.31000000e-06  8.94454419e-01 
 2.32000000e-06  8.94468289e-01 
 2.33000000e-06  8.94482159e-01 
 2.34000000e-06  8.94496029e-01 
 2.35000000e-06  8.94509899e-01 
 2.36000000e-06  8.94523769e-01 
 2.37000000e-06  8.94537639e-01 
 2.38000000e-06  8.94551510e-01 
 2.39000000e-06  8.94565381e-01 
 2.40000000e-06  8.94579252e-01 
 2.41000000e-06  8.94593123e-01 
 2.42000000e-06  8.94606994e-01 
 2.43000000e-06  8.94620865e-01 
 2.44000000e-06  8.94634737e-01 
 2.45000000e-06  8.94648609e-01 
 2.46000000e-06  8.94662480e-01 
 2.47000000e-06  8.94676353e-01 
 2.48000000e-06  8.94690225e-01 
 2.49000000e-06  8.94704097e-01 
 2.50000000e-06  8.94717970e-01 
 2.51000000e-06  8.94731842e-01 
 2.52000000e-06  8.94745715e-01 
 2.53000000e-06  8.94759588e-01 
 2.54000000e-06  8.94773461e-01 
 2.55000000e-06  8.94787335e-01 
 2.56000000e-06  8.94801208e-01 
 2.57000000e-06  8.94815082e-01 
 2.58000000e-06  8.94828956e-01 
 2.59000000e-06  8.94842830e-01 
 2.60000000e-06  8.94856704e-01 
 2.61000000e-06  8.94870578e-01 
 2.62000000e-06  8.94884453e-01 
 2.63000000e-06  8.94898327e-01 
 2.64000000e-06  8.94912202e-01 
 2.65000000e-06  8.94926077e-01 
 2.66000000e-06  8.94939952e-01 
 2.67000000e-06  8.94953827e-01 
 2.68000000e-06  8.94967703e-01 
 2.69000000e-06  8.94981579e-01 
 2.70000000e-06  8.94995454e-01 
 2.71000000e-06  8.95009330e-01 
 2.72000000e-06  8.95023206e-01 
 2.73000000e-06  8.95037083e-01 
 2.74000000e-06  8.95050959e-01 
 2.75000000e-06  8.95064836e-01 
 2.76000000e-06  8.95078712e-01 
 2.77000000e-06  8.95092589e-01 
 2.78000000e-06  8.95106466e-01 
 2.79000000e-06  8.95120344e-01 
 2.80000000e-06  8.95134221e-01 
 2.81000000e-06  8.95148099e-01 
 2.82000000e-06  8.95161976e-01 
 2.83000000e-06  8.95175854e-01 
 2.84000000e-06  8.95189732e-01 
 2.85000000e-06  8.95203611e-01 
 2.86000000e-06  8.95217489e-01 
 2.87000000e-06  8.95231367e-01 
 2.88000000e-06  8.95245246e-01 
 2.89000000e-06  8.95259125e-01 
 2.90000000e-06  8.95273004e-01 
 2.91000000e-06  8.95286883e-01 
 2.92000000e-06  8.95300763e-01 
 2.93000000e-06  8.95314642e-01 
 2.94000000e-06  8.95328522e-01 
 2.95000000e-06  8.95342402e-01 
 2.96000000e-06  8.95356282e-01 
 2.97000000e-06  8.95370162e-01 
 2.98000000e-06  8.95384042e-01 
 2.99000000e-06  8.95397923e-01 
 3.00000000e-06  8.95411803e-01 
 3.01000000e-06  8.95425684e-01 
 3.02000000e-06  8.95439565e-01 
 3.03000000e-06  8.95453446e-01 
 3.04000000e-06  8.95467328e-01 
 3.05000000e-06  8.95481209e-01 
 3.06000000e-06  8.95495091e-01 
 3.07000000e-06  8.95508972e-01 
 3.08000000e-06  8.95522854e-01 
 3.09000000e-06  8.95536737e-01 
 3.10000000e-06  8.95550619e-01 
 3.11000000e-06  8.95564501e-01 
 3.12000000e-06  8.95578384e-01 
 3.13000000e-06  8.95592267e-01 
 3.14000000e-06  8.95606150e-01 
 3.15000000e-06  8.95620033e-01 
 3.16000000e-06  8.95633916e-01 
 3.17000000e-06  8.95647799e-01 
 3.18000000e-06  8.95661683e-01 
 3.19000000e-06  8.95675567e-01 
 3.20000000e-06  8.95689451e-01 
 3.21000000e-06  8.95703335e-01 
 3.22000000e-06  8.95717219e-01 
 3.23000000e-06  8.95731103e-01 
 3.24000000e-06  8.95744988e-01 
 3.25000000e-06  8.95758872e-01 
 3.26000000e-06  8.95772757e-01 
 3.27000000e-06  8.95786642e-01 
 3.28000000e-06  8.95800528e-01 
 3.29000000e-06  8.95814413e-01 
 3.30000000e-06  8.95828298e-01 
 3.31000000e-06  8.95842184e-01 
 3.32000000e-06  8.95856070e-01 
 3.33000000e-06  8.95869956e-01 
 3.34000000e-06  8.95883842e-01 
 3.35000000e-06  8.95897728e-01 
 3.36000000e-06  8.95911615e-01 
 3.37000000e-06  8.95925502e-01 
 3.38000000e-06  8.95939388e-01 
 3.39000000e-06  8.95953275e-01 
 3.40000000e-06  8.95967163e-01 
 3.41000000e-06  8.95981050e-01 
 3.42000000e-06  8.95994937e-01 
 3.43000000e-06  8.96008825e-01 
 3.44000000e-06  8.96022713e-01 
 3.45000000e-06  8.96036601e-01 
 3.46000000e-06  8.96050489e-01 
 3.47000000e-06  8.96064377e-01 
 3.48000000e-06  8.96078266e-01 
 3.49000000e-06  8.96092154e-01 
 3.50000000e-06  8.96106043e-01 
 3.51000000e-06  8.96119932e-01 
 3.52000000e-06  8.96133821e-01 
 3.53000000e-06  8.96147710e-01 
 3.54000000e-06  8.96161600e-01 
 3.55000000e-06  8.96175489e-01 
 3.56000000e-06  8.96189379e-01 
 3.57000000e-06  8.96203269e-01 
 3.58000000e-06  8.96217159e-01 
 3.59000000e-06  8.96231049e-01 
 3.60000000e-06  8.96244939e-01 
 3.61000000e-06  8.96258830e-01 
 3.62000000e-06  8.96272721e-01 
 3.63000000e-06  8.96286612e-01 
 3.64000000e-06  8.96300503e-01 
 3.65000000e-06  8.96314394e-01 
 3.66000000e-06  8.96328285e-01 
 3.67000000e-06  8.96342177e-01 
 3.68000000e-06  8.96356068e-01 
 3.69000000e-06  8.96369960e-01 
 3.70000000e-06  8.96383852e-01 
 3.71000000e-06  8.96397744e-01 
 3.72000000e-06  8.96411637e-01 
 3.73000000e-06  8.96425529e-01 
 3.74000000e-06  8.96439422e-01 
 3.75000000e-06  8.96453315e-01 
 3.76000000e-06  8.96467208e-01 
 3.77000000e-06  8.96481101e-01 
 3.78000000e-06  8.96494994e-01 
 3.79000000e-06  8.96508887e-01 
 3.80000000e-06  8.96522781e-01 
 3.81000000e-06  8.96536675e-01 
 3.82000000e-06  8.96550569e-01 
 3.83000000e-06  8.96564463e-01 
 3.84000000e-06  8.96578357e-01 
 3.85000000e-06  8.96592252e-01 
 3.86000000e-06  8.96606146e-01 
 3.87000000e-06  8.96620041e-01 
 3.88000000e-06  8.96633936e-01 
 3.89000000e-06  8.96647831e-01 
 3.90000000e-06  8.96661726e-01 
 3.91000000e-06  8.96675622e-01 
 3.92000000e-06  8.96689517e-01 
 3.93000000e-06  8.96703413e-01 
 3.94000000e-06  8.96717309e-01 
 3.95000000e-06  8.96731205e-01 
 3.96000000e-06  8.96745101e-01 
 3.97000000e-06  8.96758997e-01 
 3.98000000e-06  8.96772894e-01 
 3.99000000e-06  8.96786791e-01 
 4.00000000e-06  8.96800687e-01 
 4.01000000e-06  8.96814584e-01 
 4.02000000e-06  8.96828482e-01 
 4.03000000e-06  8.96842379e-01 
 4.04000000e-06  8.96856276e-01 
 4.05000000e-06  8.96870174e-01 
 4.06000000e-06  8.96884072e-01 
 4.07000000e-06  8.96897970e-01 
 4.08000000e-06  8.96911868e-01 
 4.09000000e-06  8.96925766e-01 
 4.10000000e-06  8.96939665e-01 
 4.11000000e-06  8.96953563e-01 
 4.12000000e-06  8.96967462e-01 
 4.13000000e-06  8.96981361e-01 
 4.14000000e-06  8.96995260e-01 
 4.15000000e-06  8.97009160e-01 
 4.16000000e-06  8.97023059e-01 
 4.17000000e-06  8.97036959e-01 
 4.18000000e-06  8.97050858e-01 
 4.19000000e-06  8.97064758e-01 
 4.20000000e-06  8.97078658e-01 
 4.21000000e-06  8.97092559e-01 
 4.22000000e-06  8.97106459e-01 
 4.23000000e-06  8.97120360e-01 
 4.24000000e-06  8.97134260e-01 
 4.25000000e-06  8.97148161e-01 
 4.26000000e-06  8.97162062e-01 
 4.27000000e-06  8.97175963e-01 
 4.28000000e-06  8.97189865e-01 
 4.29000000e-06  8.97203766e-01 
 4.30000000e-06  8.97217668e-01 
 4.31000000e-06  8.97231570e-01 
 4.32000000e-06  8.97245472e-01 
 4.33000000e-06  8.97259374e-01 
 4.34000000e-06  8.97273277e-01 
 4.35000000e-06  8.97287179e-01 
 4.36000000e-06  8.97301082e-01 
 4.37000000e-06  8.97314985e-01 
 4.38000000e-06  8.97328888e-01 
 4.39000000e-06  8.97342791e-01 
 4.40000000e-06  8.97356694e-01 
 4.41000000e-06  8.97370597e-01 
 4.42000000e-06  8.97384501e-01 
 4.43000000e-06  8.97398405e-01 
 4.44000000e-06  8.97412309e-01 
 4.45000000e-06  8.97426213e-01 
 4.46000000e-06  8.97440117e-01 
 4.47000000e-06  8.97454022e-01 
 4.48000000e-06  8.97467926e-01 
 4.49000000e-06  8.97481831e-01 
 4.50000000e-06  8.97495736e-01 
 4.51000000e-06  8.97509641e-01 
 4.52000000e-06  8.97523546e-01 
 4.53000000e-06  8.97537452e-01 
 4.54000000e-06  8.97551357e-01 
 4.55000000e-06  8.97565263e-01 
 4.56000000e-06  8.97579169e-01 
 4.57000000e-06  8.97593075e-01 
 4.58000000e-06  8.97606981e-01 
 4.59000000e-06  8.97620888e-01 
 4.60000000e-06  8.97634794e-01 
 4.61000000e-06  8.97648701e-01 
 4.62000000e-06  8.97662608e-01 
 4.63000000e-06  8.97676515e-01 
 4.64000000e-06  8.97690422e-01 
 4.65000000e-06  8.97704329e-01 
 4.66000000e-06  8.97718237e-01 
 4.67000000e-06  8.97732144e-01 
 4.68000000e-06  8.97746052e-01 
 4.69000000e-06  8.97759960e-01 
 4.70000000e-06  8.97773868e-01 
 4.71000000e-06  8.97787777e-01 
 4.72000000e-06  8.97801685e-01 
 4.73000000e-06  8.97815594e-01 
 4.74000000e-06  8.97829503e-01 
 4.75000000e-06  8.97843412e-01 
 4.76000000e-06  8.97857321e-01 
 4.77000000e-06  8.97871230e-01 
 4.78000000e-06  8.97885139e-01 
 4.79000000e-06  8.97899049e-01 
 4.80000000e-06  8.97912959e-01 
 4.81000000e-06  8.97926869e-01 
 4.82000000e-06  8.97940779e-01 
 4.83000000e-06  8.97954689e-01 
 4.84000000e-06  8.97968599e-01 
 4.85000000e-06  8.97982510e-01 
 4.86000000e-06  8.97996421e-01 
 4.87000000e-06  8.98010332e-01 
 4.88000000e-06  8.98024243e-01 
 4.89000000e-06  8.98038154e-01 
 4.90000000e-06  8.98052065e-01 
 4.91000000e-06  8.98065977e-01 
 4.92000000e-06  8.98079888e-01 
 4.93000000e-06  8.98093800e-01 
 4.94000000e-06  8.98107712e-01 
 4.95000000e-06  8.98121625e-01 
 4.96000000e-06  8.98135537e-01 
 4.97000000e-06  8.98149449e-01 
 4.98000000e-06  8.98163362e-01 
 4.99000000e-06  8.98177275e-01 
 5.00000000e-06  8.98191188e-01 
 5.01000000e-06  8.98205101e-01 
 5.02000000e-06  8.98219014e-01 
 5.03000000e-06  8.98232928e-01 
 5.04000000e-06  8.98246841e-01 
 5.05000000e-06  8.98260755e-01 
 5.06000000e-06  8.98274669e-01 
 5.07000000e-06  8.98288583e-01 
 5.08000000e-06  8.98302498e-01 
 5.09000000e-06  8.98316412e-01 
 5.10000000e-06  8.98330327e-01 
 5.11000000e-06  8.98344241e-01 
 5.12000000e-06  8.98358156e-01 
 5.13000000e-06  8.98372071e-01 
 5.14000000e-06  8.98385987e-01 
 5.15000000e-06  8.98399902e-01 
 5.16000000e-06  8.98413817e-01 
 5.17000000e-06  8.98427733e-01 
 5.18000000e-06  8.98441649e-01 
 5.19000000e-06  8.98455565e-01 
 5.20000000e-06  8.98469481e-01 
 5.21000000e-06  8.98483398e-01 
 5.22000000e-06  8.98497314e-01 
 5.23000000e-06  8.98511231e-01 
 5.24000000e-06  8.98525148e-01 
 5.25000000e-06  8.98539065e-01 
 5.26000000e-06  8.98552982e-01 
 5.27000000e-06  8.98566899e-01 
 5.28000000e-06  8.98580817e-01 
 5.29000000e-06  8.98594734e-01 
 5.30000000e-06  8.98608652e-01 
 5.31000000e-06  8.98622570e-01 
 5.32000000e-06  8.98636488e-01 
 5.33000000e-06  8.98650407e-01 
 5.34000000e-06  8.98664325e-01 
 5.35000000e-06  8.98678244e-01 
 5.36000000e-06  8.98692162e-01 
 5.37000000e-06  8.98706081e-01 
 5.38000000e-06  8.98720000e-01 
 5.39000000e-06  8.98733920e-01 
 5.40000000e-06  8.98747839e-01 
 5.41000000e-06  8.98761759e-01 
 5.42000000e-06  8.98775678e-01 
 5.43000000e-06  8.98789598e-01 
 5.44000000e-06  8.98803518e-01 
 5.45000000e-06  8.98817439e-01 
 5.46000000e-06  8.98831359e-01 
 5.47000000e-06  8.98845280e-01 
 5.48000000e-06  8.98859200e-01 
 5.49000000e-06  8.98873121e-01 
 5.50000000e-06  8.98887042e-01 
 5.51000000e-06  8.98900963e-01 
 5.52000000e-06  8.98914885e-01 
 5.53000000e-06  8.98928806e-01 
 5.54000000e-06  8.98942728e-01 
 5.55000000e-06  8.98956650e-01 
 5.56000000e-06  8.98970572e-01 
 5.57000000e-06  8.98984494e-01 
 5.58000000e-06  8.98998416e-01 
 5.59000000e-06  8.99012339e-01 
 5.60000000e-06  8.99026261e-01 
 5.61000000e-06  8.99040184e-01 
 5.62000000e-06  8.99054107e-01 
 5.63000000e-06  8.99068030e-01 
 5.64000000e-06  8.99081953e-01 
 5.65000000e-06  8.99095877e-01 
 5.66000000e-06  8.99109800e-01 
 5.67000000e-06  8.99123724e-01 
 5.68000000e-06  8.99137648e-01 
 5.69000000e-06  8.99151572e-01 
 5.70000000e-06  8.99165496e-01 
 5.71000000e-06  8.99179421e-01 
 5.72000000e-06  8.99193345e-01 
 5.73000000e-06  8.99207270e-01 
 5.74000000e-06  8.99221195e-01 
 5.75000000e-06  8.99235120e-01 
 5.76000000e-06  8.99249045e-01 
 5.77000000e-06  8.99262971e-01 
 5.78000000e-06  8.99276896e-01 
 5.79000000e-06  8.99290822e-01 
 5.80000000e-06  8.99304748e-01 
 5.81000000e-06  8.99318674e-01 
 5.82000000e-06  8.99332600e-01 
 5.83000000e-06  8.99346526e-01 
 5.84000000e-06  8.99360453e-01 
 5.85000000e-06  8.99374379e-01 
 5.86000000e-06  8.99388306e-01 
 5.87000000e-06  8.99402233e-01 
 5.88000000e-06  8.99416160e-01 
 5.89000000e-06  8.99430087e-01 
 5.90000000e-06  8.99444015e-01 
 5.91000000e-06  8.99457942e-01 
 5.92000000e-06  8.99471870e-01 
 5.93000000e-06  8.99485798e-01 
 5.94000000e-06  8.99499726e-01 
 5.95000000e-06  8.99513655e-01 
 5.96000000e-06  8.99527583e-01 
 5.97000000e-06  8.99541511e-01 
 5.98000000e-06  8.99555440e-01 
 5.99000000e-06  8.99569369e-01 
 6.00000000e-06  8.99583298e-01 
 6.01000000e-06  8.99597227e-01 
 6.02000000e-06  8.99611157e-01 
 6.03000000e-06  8.99625086e-01 
 6.04000000e-06  8.99639016e-01 
 6.05000000e-06  8.99652946e-01 
 6.06000000e-06  8.99666876e-01 
 6.07000000e-06  8.99680806e-01 
 6.08000000e-06  8.99694736e-01 
 6.09000000e-06  8.99708667e-01 
 6.10000000e-06  8.99722597e-01 
 6.11000000e-06  8.99736528e-01 
 6.12000000e-06  8.99750459e-01 
 6.13000000e-06  8.99764390e-01 
 6.14000000e-06  8.99778322e-01 
 6.15000000e-06  8.99792253e-01 
 6.16000000e-06  8.99806185e-01 
 6.17000000e-06  8.99820117e-01 
 6.18000000e-06  8.99834049e-01 
 6.19000000e-06  8.99847981e-01 
 6.20000000e-06  8.99861913e-01 
 6.21000000e-06  8.99875845e-01 
 6.22000000e-06  8.99889778e-01 
 6.23000000e-06  8.99903711e-01 
 6.24000000e-06  8.99917643e-01 
 6.25000000e-06  8.99931577e-01 
 6.26000000e-06  8.99945510e-01 
 6.27000000e-06  8.99959443e-01 
 6.28000000e-06  8.99973377e-01 
 6.29000000e-06  8.99987310e-01 
 6.30000000e-06  9.00001244e-01 
 6.31000000e-06  9.00015178e-01 
 6.32000000e-06  9.00029112e-01 
 6.33000000e-06  9.00043047e-01 
 6.34000000e-06  9.00056981e-01 
 6.35000000e-06  9.00070916e-01 
 6.36000000e-06  9.00084851e-01 
 6.37000000e-06  9.00098786e-01 
 6.38000000e-06  9.00112721e-01 
 6.39000000e-06  9.00126656e-01 
 6.40000000e-06  9.00140592e-01 
 6.41000000e-06  9.00154527e-01 
 6.42000000e-06  9.00168463e-01 
 6.43000000e-06  9.00182399e-01 
 6.44000000e-06  9.00196335e-01 
 6.45000000e-06  9.00210271e-01 
 6.46000000e-06  9.00224208e-01 
 6.47000000e-06  9.00238144e-01 
 6.48000000e-06  9.00252081e-01 
 6.49000000e-06  9.00266018e-01 
 6.50000000e-06  9.00279955e-01 
 6.51000000e-06  9.00293892e-01 
 6.52000000e-06  9.00307830e-01 
 6.53000000e-06  9.00321767e-01 
 6.54000000e-06  9.00335705e-01 
 6.55000000e-06  9.00349643e-01 
 6.56000000e-06  9.00363581e-01 
 6.57000000e-06  9.00377519e-01 
 6.58000000e-06  9.00391457e-01 
 6.59000000e-06  9.00405396e-01 
 6.60000000e-06  9.00419335e-01 
 6.61000000e-06  9.00433273e-01 
 6.62000000e-06  9.00447212e-01 
 6.63000000e-06  9.00461151e-01 
 6.64000000e-06  9.00475091e-01 
 6.65000000e-06  9.00489030e-01 
 6.66000000e-06  9.00502970e-01 
 6.67000000e-06  9.00516910e-01 
 6.68000000e-06  9.00530850e-01 
 6.69000000e-06  9.00544790e-01 
 6.70000000e-06  9.00558730e-01 
 6.71000000e-06  9.00572670e-01 
 6.72000000e-06  9.00586611e-01 
 6.73000000e-06  9.00600552e-01 
 6.74000000e-06  9.00614493e-01 
 6.75000000e-06  9.00628434e-01 
 6.76000000e-06  9.00642375e-01 
 6.77000000e-06  9.00656316e-01 
 6.78000000e-06  9.00670258e-01 
 6.79000000e-06  9.00684199e-01 
 6.80000000e-06  9.00698141e-01 
 6.81000000e-06  9.00712083e-01 
 6.82000000e-06  9.00726026e-01 
 6.83000000e-06  9.00739968e-01 
 6.84000000e-06  9.00753910e-01 
 6.85000000e-06  9.00767853e-01 
 6.86000000e-06  9.00781796e-01 
 6.87000000e-06  9.00795739e-01 
 6.88000000e-06  9.00809682e-01 
 6.89000000e-06  9.00823625e-01 
 6.90000000e-06  9.00837569e-01 
 6.91000000e-06  9.00851512e-01 
 6.92000000e-06  9.00865456e-01 
 6.93000000e-06  9.00879400e-01 
 6.94000000e-06  9.00893344e-01 
 6.95000000e-06  9.00907288e-01 
 6.96000000e-06  9.00921233e-01 
 6.97000000e-06  9.00935177e-01 
 6.98000000e-06  9.00949122e-01 
 6.99000000e-06  9.00963067e-01 
 7.00000000e-06  9.00977012e-01 
 7.01000000e-06  9.00990957e-01 
 7.02000000e-06  9.01004903e-01 
 7.03000000e-06  9.01018848e-01 
 7.04000000e-06  9.01032794e-01 
 7.05000000e-06  9.01046740e-01 
 7.06000000e-06  9.01060686e-01 
 7.07000000e-06  9.01074632e-01 
 7.08000000e-06  9.01088578e-01 
 7.09000000e-06  9.01102525e-01 
 7.10000000e-06  9.01116472e-01 
 7.11000000e-06  9.01130418e-01 
 7.12000000e-06  9.01144365e-01 
 7.13000000e-06  9.01158312e-01 
 7.14000000e-06  9.01172260e-01 
 7.15000000e-06  9.01186207e-01 
 7.16000000e-06  9.01200155e-01 
 7.17000000e-06  9.01214103e-01 
 7.18000000e-06  9.01228051e-01 
 7.19000000e-06  9.01241999e-01 
 7.20000000e-06  9.01255947e-01 
 7.21000000e-06  9.01269895e-01 
 7.22000000e-06  9.01283844e-01 
 7.23000000e-06  9.01297793e-01 
 7.24000000e-06  9.01311741e-01 
 7.25000000e-06  9.01325691e-01 
 7.26000000e-06  9.01339640e-01 
 7.27000000e-06  9.01353589e-01 
 7.28000000e-06  9.01367539e-01 
 7.29000000e-06  9.01381488e-01 
 7.30000000e-06  9.01395438e-01 
 7.31000000e-06  9.01409388e-01 
 7.32000000e-06  9.01423338e-01 
 7.33000000e-06  9.01437289e-01 
 7.34000000e-06  9.01451239e-01 
 7.35000000e-06  9.01465190e-01 
 7.36000000e-06  9.01479141e-01 
 7.37000000e-06  9.01493092e-01 
 7.38000000e-06  9.01507043e-01 
 7.39000000e-06  9.01520994e-01 
 7.40000000e-06  9.01534945e-01 
 7.41000000e-06  9.01548897e-01 
 7.42000000e-06  9.01562849e-01 
 7.43000000e-06  9.01576801e-01 
 7.44000000e-06  9.01590753e-01 
 7.45000000e-06  9.01604705e-01 
 7.46000000e-06  9.01618657e-01 
 7.47000000e-06  9.01632610e-01 
 7.48000000e-06  9.01646563e-01 
 7.49000000e-06  9.01660516e-01 
 7.50000000e-06  9.01674469e-01 
 7.51000000e-06  9.01688422e-01 
 7.52000000e-06  9.01702375e-01 
 7.53000000e-06  9.01716329e-01 
 7.54000000e-06  9.01730282e-01 
 7.55000000e-06  9.01744236e-01 
 7.56000000e-06  9.01758190e-01 
 7.57000000e-06  9.01772144e-01 
 7.58000000e-06  9.01786099e-01 
 7.59000000e-06  9.01800053e-01 
 7.60000000e-06  9.01814008e-01 
 7.61000000e-06  9.01827963e-01 
 7.62000000e-06  9.01841918e-01 
 7.63000000e-06  9.01855873e-01 
 7.64000000e-06  9.01869828e-01 
 7.65000000e-06  9.01883783e-01 
 7.66000000e-06  9.01897739e-01 
 7.67000000e-06  9.01911695e-01 
 7.68000000e-06  9.01925651e-01 
 7.69000000e-06  9.01939607e-01 
 7.70000000e-06  9.01953563e-01 
 7.71000000e-06  9.01967519e-01 
 7.72000000e-06  9.01981476e-01 
 7.73000000e-06  9.01995433e-01 
 7.74000000e-06  9.02009389e-01 
 7.75000000e-06  9.02023347e-01 
 7.76000000e-06  9.02037304e-01 
 7.77000000e-06  9.02051261e-01 
 7.78000000e-06  9.02065219e-01 
 7.79000000e-06  9.02079176e-01 
 7.80000000e-06  9.02093134e-01 
 7.81000000e-06  9.02107092e-01 
 7.82000000e-06  9.02121050e-01 
 7.83000000e-06  9.02135008e-01 
 7.84000000e-06  9.02148967e-01 
 7.85000000e-06  9.02162926e-01 
 7.86000000e-06  9.02176884e-01 
 7.87000000e-06  9.02190843e-01 
 7.88000000e-06  9.02204802e-01 
 7.89000000e-06  9.02218762e-01 
 7.90000000e-06  9.02232721e-01 
 7.91000000e-06  9.02246681e-01 
 7.92000000e-06  9.02260640e-01 
 7.93000000e-06  9.02274600e-01 
 7.94000000e-06  9.02288560e-01 
 7.95000000e-06  9.02302521e-01 
 7.96000000e-06  9.02316481e-01 
 7.97000000e-06  9.02330441e-01 
 7.98000000e-06  9.02344402e-01 
 7.99000000e-06  9.02358363e-01 
 8.00000000e-06  9.02372324e-01 
 8.01000000e-06  9.02386285e-01 
 8.02000000e-06  9.02400246e-01 
 8.03000000e-06  9.02414208e-01 
 8.04000000e-06  9.02428170e-01 
 8.05000000e-06  9.02442131e-01 
 8.06000000e-06  9.02456093e-01 
 8.07000000e-06  9.02470055e-01 
 8.08000000e-06  9.02484018e-01 
 8.09000000e-06  9.02497980e-01 
 8.10000000e-06  9.02511943e-01 
 8.11000000e-06  9.02525906e-01 
 8.12000000e-06  9.02539868e-01 
 8.13000000e-06  9.02553832e-01 
 8.14000000e-06  9.02567795e-01 
 8.15000000e-06  9.02581758e-01 
 8.16000000e-06  9.02595722e-01 
 8.17000000e-06  9.02609685e-01 
 8.18000000e-06  9.02623649e-01 
 8.19000000e-06  9.02637613e-01 
 8.20000000e-06  9.02651578e-01 
 8.21000000e-06  9.02665542e-01 
 8.22000000e-06  9.02679506e-01 
 8.23000000e-06  9.02693471e-01 
 8.24000000e-06  9.02707436e-01 
 8.25000000e-06  9.02721401e-01 
 8.26000000e-06  9.02735366e-01 
 8.27000000e-06  9.02749331e-01 
 8.28000000e-06  9.02763297e-01 
 8.29000000e-06  9.02777262e-01 
 8.30000000e-06  9.02791228e-01 
 8.31000000e-06  9.02805194e-01 
 8.32000000e-06  9.02819160e-01 
 8.33000000e-06  9.02833127e-01 
 8.34000000e-06  9.02847093e-01 
 8.35000000e-06  9.02861060e-01 
 8.36000000e-06  9.02875026e-01 
 8.37000000e-06  9.02888993e-01 
 8.38000000e-06  9.02902960e-01 
 8.39000000e-06  9.02916927e-01 
 8.40000000e-06  9.02930895e-01 
 8.41000000e-06  9.02944862e-01 
 8.42000000e-06  9.02958830e-01 
 8.43000000e-06  9.02972798e-01 
 8.44000000e-06  9.02986766e-01 
 8.45000000e-06  9.03000734e-01 
 8.46000000e-06  9.03014702e-01 
 8.47000000e-06  9.03028671e-01 
 8.48000000e-06  9.03042640e-01 
 8.49000000e-06  9.03056608e-01 
 8.50000000e-06  9.03070577e-01 
 8.51000000e-06  9.03084546e-01 
 8.52000000e-06  9.03098516e-01 
 8.53000000e-06  9.03112485e-01 
 8.54000000e-06  9.03126455e-01 
 8.55000000e-06  9.03140425e-01 
 8.56000000e-06  9.03154394e-01 
 8.57000000e-06  9.03168365e-01 
 8.58000000e-06  9.03182335e-01 
 8.59000000e-06  9.03196305e-01 
 8.60000000e-06  9.03210276e-01 
 8.61000000e-06  9.03224246e-01 
 8.62000000e-06  9.03238217e-01 
 8.63000000e-06  9.03252188e-01 
 8.64000000e-06  9.03266159e-01 
 8.65000000e-06  9.03280131e-01 
 8.66000000e-06  9.03294102e-01 
 8.67000000e-06  9.03308074e-01 
 8.68000000e-06  9.03322046e-01 
 8.69000000e-06  9.03336018e-01 
 8.70000000e-06  9.03349990e-01 
 8.71000000e-06  9.03363962e-01 
 8.72000000e-06  9.03377935e-01 
 8.73000000e-06  9.03391907e-01 
 8.74000000e-06  9.03405880e-01 
 8.75000000e-06  9.03419853e-01 
 8.76000000e-06  9.03433826e-01 
 8.77000000e-06  9.03447799e-01 
 8.78000000e-06  9.03461773e-01 
 8.79000000e-06  9.03475746e-01 
 8.80000000e-06  9.03489720e-01 
 8.81000000e-06  9.03503694e-01 
 8.82000000e-06  9.03517668e-01 
 8.83000000e-06  9.03531642e-01 
 8.84000000e-06  9.03545617e-01 
 8.85000000e-06  9.03559591e-01 
 8.86000000e-06  9.03573566e-01 
 8.87000000e-06  9.03587541e-01 
 8.88000000e-06  9.03601516e-01 
 8.89000000e-06  9.03615491e-01 
 8.90000000e-06  9.03629466e-01 
 8.91000000e-06  9.03643442e-01 
 8.92000000e-06  9.03657417e-01 
 8.93000000e-06  9.03671393e-01 
 8.94000000e-06  9.03685369e-01 
 8.95000000e-06  9.03699345e-01 
 8.96000000e-06  9.03713321e-01 
 8.97000000e-06  9.03727298e-01 
 8.98000000e-06  9.03741274e-01 
 8.99000000e-06  9.03755251e-01 
 9.00000000e-06  9.03769228e-01 
 9.01000000e-06  9.03783205e-01 
 9.02000000e-06  9.03797182e-01 
 9.03000000e-06  9.03811160e-01 
 9.04000000e-06  9.03825137e-01 
 9.05000000e-06  9.03839115e-01 
 9.06000000e-06  9.03853093e-01 
 9.07000000e-06  9.03867071e-01 
 9.08000000e-06  9.03881049e-01 
 9.09000000e-06  9.03895027e-01 
 9.10000000e-06  9.03909006e-01 
 9.11000000e-06  9.03922984e-01 
 9.12000000e-06  9.03936963e-01 
 9.13000000e-06  9.03950942e-01 
 9.14000000e-06  9.03964921e-01 
 9.15000000e-06  9.03978901e-01 
 9.16000000e-06  9.03992880e-01 
 9.17000000e-06  9.04006860e-01 
 9.18000000e-06  9.04020839e-01 
 9.19000000e-06  9.04034819e-01 
 9.20000000e-06  9.04048799e-01 
 9.21000000e-06  9.04062780e-01 
 9.22000000e-06  9.04076760e-01 
 9.23000000e-06  9.04090741e-01 
 9.24000000e-06  9.04104721e-01 
 9.25000000e-06  9.04118702e-01 
 9.26000000e-06  9.04132683e-01 
 9.27000000e-06  9.04146664e-01 
 9.28000000e-06  9.04160646e-01 
 9.29000000e-06  9.04174627e-01 
 9.30000000e-06  9.04188609e-01 
 9.31000000e-06  9.04202591e-01 
 9.32000000e-06  9.04216573e-01 
 9.33000000e-06  9.04230555e-01 
 9.34000000e-06  9.04244537e-01 
 9.35000000e-06  9.04258520e-01 
 9.36000000e-06  9.04272502e-01 
 9.37000000e-06  9.04286485e-01 
 9.38000000e-06  9.04300468e-01 
 9.39000000e-06  9.04314451e-01 
 9.40000000e-06  9.04328434e-01 
 9.41000000e-06  9.04342418e-01 
 9.42000000e-06  9.04356401e-01 
 9.43000000e-06  9.04370385e-01 
 9.44000000e-06  9.04384369e-01 
 9.45000000e-06  9.04398353e-01 
 9.46000000e-06  9.04412337e-01 
 9.47000000e-06  9.04426322e-01 
 9.48000000e-06  9.04440306e-01 
 9.49000000e-06  9.04454291e-01 
 9.50000000e-06  9.04468276e-01 
 9.51000000e-06  9.04482261e-01 
 9.52000000e-06  9.04496246e-01 
 9.53000000e-06  9.04510231e-01 
 9.54000000e-06  9.04524216e-01 
 9.55000000e-06  9.04538202e-01 
 9.56000000e-06  9.04552188e-01 
 9.57000000e-06  9.04566174e-01 
 9.58000000e-06  9.04580160e-01 
 9.59000000e-06  9.04594146e-01 
 9.60000000e-06  9.04608133e-01 
 9.61000000e-06  9.04622119e-01 
 9.62000000e-06  9.04636106e-01 
 9.63000000e-06  9.04650093e-01 
 9.64000000e-06  9.04664080e-01 
 9.65000000e-06  9.04678067e-01 
 9.66000000e-06  9.04692054e-01 
 9.67000000e-06  9.04706042e-01 
 9.68000000e-06  9.04720030e-01 
 9.69000000e-06  9.04734017e-01 
 9.70000000e-06  9.04748005e-01 
 9.71000000e-06  9.04761994e-01 
 9.72000000e-06  9.04775982e-01 
 9.73000000e-06  9.04789970e-01 
 9.74000000e-06  9.04803959e-01 
 9.75000000e-06  9.04817948e-01 
 9.76000000e-06  9.04831937e-01 
 9.77000000e-06  9.04845926e-01 
 9.78000000e-06  9.04859915e-01 
 9.79000000e-06  9.04873905e-01 
 9.80000000e-06  9.04887894e-01 
 9.81000000e-06  9.04901884e-01 
 9.82000000e-06  9.04915874e-01 
 9.83000000e-06  9.04929864e-01 
 9.84000000e-06  9.04943854e-01 
 9.85000000e-06  9.04957845e-01 
 9.86000000e-06  9.04971835e-01 
 9.87000000e-06  9.04985826e-01 
 9.88000000e-06  9.04999817e-01 
 9.89000000e-06  9.05013808e-01 
 9.90000000e-06  9.05027799e-01 
 9.91000000e-06  9.05041790e-01 
 9.92000000e-06  9.05055782e-01 
 9.93000000e-06  9.05069773e-01 
 9.94000000e-06  9.05083765e-01 
 9.95000000e-06  9.05097757e-01 
 9.96000000e-06  9.05111749e-01 
 9.97000000e-06  9.05125741e-01 
 9.98000000e-06  9.05139734e-01 
 9.99000000e-06  9.05153726e-01 
 1.00000000e-05  9.05167719e-01 
