 time            Vin             Vout           
 0.00000000e+00  9.00000000e-01  3.92300719e-01 
 1.00000000e-11  9.00000000e-01  3.92300719e-01 
 2.00000000e-11  9.00000000e-01  3.92300719e-01 
 4.00000000e-11  9.00000000e-01  3.92300719e-01 
 8.00000000e-11  9.00000000e-01  3.92300719e-01 
 1.60000000e-10  9.00000000e-01  3.92300719e-01 
 3.20000000e-10  9.00000000e-01  3.92300719e-01 
 6.40000000e-10  9.00000000e-01  3.92300719e-01 
 1.28000000e-09  9.00000000e-01  3.92300719e-01 
 2.28000000e-09  9.00000000e-01  3.92300719e-01 
 3.28000000e-09  9.00000000e-01  3.92300719e-01 
 4.28000000e-09  9.00000000e-01  3.92300719e-01 
 5.28000000e-09  9.00000000e-01  3.92300719e-01 
 6.28000000e-09  9.00000000e-01  3.92300719e-01 
 7.28000000e-09  9.00000000e-01  3.92300719e-01 
 8.28000000e-09  9.00000000e-01  3.92300719e-01 
 9.28000000e-09  9.00000000e-01  3.92300719e-01 
 1.02800000e-08  9.00000000e-01  3.92300719e-01 
 1.12800000e-08  9.00000000e-01  3.92300719e-01 
 1.22800000e-08  9.00000000e-01  3.92300719e-01 
 1.32800000e-08  9.00000000e-01  3.92300719e-01 
 1.42800000e-08  9.00000000e-01  3.92300719e-01 
 1.52800000e-08  9.00000000e-01  3.92300719e-01 
 1.62800000e-08  9.00000000e-01  3.92300719e-01 
 1.72800000e-08  9.00000000e-01  3.92300719e-01 
 1.82800000e-08  9.00000000e-01  3.92300719e-01 
 1.92800000e-08  9.00000000e-01  3.92300719e-01 
 2.02800000e-08  9.00000000e-01  3.92300719e-01 
 2.12800000e-08  9.00000000e-01  3.92300719e-01 
 2.22800000e-08  9.00000000e-01  3.92300719e-01 
 2.32800000e-08  9.00000000e-01  3.92300719e-01 
 2.42800000e-08  9.00000000e-01  3.92300719e-01 
 2.52800000e-08  9.00000000e-01  3.92300719e-01 
 2.62800000e-08  9.00000000e-01  3.92300719e-01 
 2.72800000e-08  9.00000000e-01  3.92300719e-01 
 2.82800000e-08  9.00000000e-01  3.92300719e-01 
 2.92800000e-08  9.00000000e-01  3.92300719e-01 
 3.02800000e-08  9.00000000e-01  3.92300719e-01 
 3.12800000e-08  9.00000000e-01  3.92300719e-01 
 3.22800000e-08  9.00000000e-01  3.92300719e-01 
 3.32800000e-08  9.00000000e-01  3.92300719e-01 
 3.42800000e-08  9.00000000e-01  3.92300719e-01 
 3.52800000e-08  9.00000000e-01  3.92300719e-01 
 3.62800000e-08  9.00000000e-01  3.92300719e-01 
 3.72800000e-08  9.00000000e-01  3.92300719e-01 
 3.82800000e-08  9.00000000e-01  3.92300719e-01 
 3.92800000e-08  9.00000000e-01  3.92300719e-01 
 4.02800000e-08  9.00000000e-01  3.92300719e-01 
 4.12800000e-08  9.00000000e-01  3.92300719e-01 
 4.22800000e-08  9.00000000e-01  3.92300719e-01 
 4.32800000e-08  9.00000000e-01  3.92300719e-01 
 4.42800000e-08  9.00000000e-01  3.92300719e-01 
 4.52800000e-08  9.00000000e-01  3.92300719e-01 
 4.62800000e-08  9.00000000e-01  3.92300719e-01 
 4.72800000e-08  9.00000000e-01  3.92300719e-01 
 4.82800000e-08  9.00000000e-01  3.92300719e-01 
 4.92800000e-08  9.00000000e-01  3.92300719e-01 
 5.02800000e-08  9.00000000e-01  3.92300719e-01 
 5.12800000e-08  9.00000000e-01  3.92300719e-01 
 5.22800000e-08  9.00000000e-01  3.92300719e-01 
 5.32800000e-08  9.00000000e-01  3.92300719e-01 
 5.42800000e-08  9.00000000e-01  3.92300719e-01 
 5.52800000e-08  9.00000000e-01  3.92300719e-01 
 5.62800000e-08  9.00000000e-01  3.92300719e-01 
 5.72800000e-08  9.00000000e-01  3.92300719e-01 
 5.82800000e-08  9.00000000e-01  3.92300719e-01 
 5.92800000e-08  9.00000000e-01  3.92300719e-01 
 6.02800000e-08  9.00000000e-01  3.92300719e-01 
 6.12800000e-08  9.00000000e-01  3.92300719e-01 
 6.22800000e-08  9.00000000e-01  3.92300719e-01 
 6.32800000e-08  9.00000000e-01  3.92300719e-01 
 6.42800000e-08  9.00000000e-01  3.92300719e-01 
 6.52800000e-08  9.00000000e-01  3.92300719e-01 
 6.62800000e-08  9.00000000e-01  3.92300719e-01 
 6.72800000e-08  9.00000000e-01  3.92300719e-01 
 6.82800000e-08  9.00000000e-01  3.92300719e-01 
 6.92800000e-08  9.00000000e-01  3.92300719e-01 
 7.02800000e-08  9.00000000e-01  3.92300719e-01 
 7.12800000e-08  9.00000000e-01  3.92300719e-01 
 7.22800000e-08  9.00000000e-01  3.92300719e-01 
 7.32800000e-08  9.00000000e-01  3.92300719e-01 
 7.42800000e-08  9.00000000e-01  3.92300719e-01 
 7.52800000e-08  9.00000000e-01  3.92300719e-01 
 7.62800000e-08  9.00000000e-01  3.92300719e-01 
 7.72800000e-08  9.00000000e-01  3.92300719e-01 
 7.82800000e-08  9.00000000e-01  3.92300719e-01 
 7.92800000e-08  9.00000000e-01  3.92300719e-01 
 8.02800000e-08  9.00000000e-01  3.92300719e-01 
 8.12800000e-08  9.00000000e-01  3.92300719e-01 
 8.22800000e-08  9.00000000e-01  3.92300719e-01 
 8.32800000e-08  9.00000000e-01  3.92300719e-01 
 8.42800000e-08  9.00000000e-01  3.92300719e-01 
 8.52800000e-08  9.00000000e-01  3.92300719e-01 
 8.62800000e-08  9.00000000e-01  3.92300719e-01 
 8.72800000e-08  9.00000000e-01  3.92300719e-01 
 8.82800000e-08  9.00000000e-01  3.92300719e-01 
 8.92800000e-08  9.00000000e-01  3.92300719e-01 
 9.02800000e-08  9.00000000e-01  3.92300719e-01 
 9.12800000e-08  9.00000000e-01  3.92300719e-01 
 9.22800000e-08  9.00000000e-01  3.92300719e-01 
 9.32800000e-08  9.00000000e-01  3.92300719e-01 
 9.42800000e-08  9.00000000e-01  3.92300719e-01 
 9.52800000e-08  9.00000000e-01  3.92300719e-01 
 9.62800000e-08  9.00000000e-01  3.92300719e-01 
 9.72800000e-08  9.00000000e-01  3.92300719e-01 
 9.82800000e-08  9.00000000e-01  3.92300719e-01 
 9.92800000e-08  9.00000000e-01  3.92300719e-01 
 1.00000000e-07  9.00000000e-01  3.92300719e-01 
 1.00000100e-07  9.01000000e-01  3.92302233e-01 
 1.00000300e-07  9.03000000e-01  3.92305271e-01 
 1.00000700e-07  9.07000000e-01  3.92311388e-01 
 1.00001000e-07  9.10000000e-01  3.92316010e-01 
 1.00001080e-07  9.10000000e-01  3.92316012e-01 
 1.00001240e-07  9.10000000e-01  3.92316016e-01 
 1.00001560e-07  9.10000000e-01  3.92316023e-01 
 1.00002200e-07  9.10000000e-01  3.92316038e-01 
 1.00003480e-07  9.10000000e-01  3.92316068e-01 
 1.00006040e-07  9.10000000e-01  3.92316130e-01 
 1.00011160e-07  9.10000000e-01  3.92316259e-01 
 1.00021400e-07  9.10000000e-01  3.92316540e-01 
 1.00041880e-07  9.10000000e-01  3.92317196e-01 
 1.00082840e-07  9.10000000e-01  3.92318887e-01 
 1.00164760e-07  9.10000000e-01  3.92323821e-01 
 1.00328600e-07  9.10000000e-01  3.92340170e-01 
 1.00656280e-07  9.10000000e-01  3.92400895e-01 
 1.01311640e-07  9.10000000e-01  3.92649369e-01 
 1.02311640e-07  9.10000000e-01  3.93401934e-01 
 1.03311640e-07  9.10000000e-01  3.94643775e-01 
 1.04311640e-07  9.10000000e-01  3.96365188e-01 
 1.05311640e-07  9.10000000e-01  3.98487385e-01 
 1.06311640e-07  9.10000000e-01  4.00871541e-01 
 1.07311640e-07  9.10000000e-01  4.03340754e-01 
 1.08311640e-07  9.10000000e-01  4.05709581e-01 
 1.09311640e-07  9.10000000e-01  4.07813523e-01 
 1.10311640e-07  9.10000000e-01  4.09531699e-01 
 1.11311640e-07  9.10000000e-01  4.10798926e-01 
 1.12311640e-07  9.10000000e-01  4.11606720e-01 
 1.13311640e-07  9.10000000e-01  4.11995389e-01 
 1.14311640e-07  9.10000000e-01  4.12040988e-01 
 1.15311640e-07  9.10000000e-01  4.11841147e-01 
 1.16311640e-07  9.10000000e-01  4.11502632e-01 
 1.17311640e-07  9.10000000e-01  4.11117157e-01 
 1.18311640e-07  9.10000000e-01  4.10728417e-01 
 1.19311640e-07  9.10000000e-01  4.10342662e-01 
 1.20311640e-07  9.10000000e-01  4.09960239e-01 
 1.21311640e-07  9.10000000e-01  4.09581092e-01 
 1.22311640e-07  9.10000000e-01  4.09205133e-01 
 1.23311640e-07  9.10000000e-01  4.08832276e-01 
 1.24311640e-07  9.10000000e-01  4.08462439e-01 
 1.25311640e-07  9.10000000e-01  4.08095545e-01 
 1.26311640e-07  9.10000000e-01  4.07731524e-01 
 1.27311640e-07  9.10000000e-01  4.07370310e-01 
 1.28311640e-07  9.10000000e-01  4.07011842e-01 
 1.29311640e-07  9.10000000e-01  4.06656063e-01 
 1.30311640e-07  9.10000000e-01  4.06302921e-01 
 1.31311640e-07  9.10000000e-01  4.05952367e-01 
 1.32311640e-07  9.10000000e-01  4.05604357e-01 
 1.33311640e-07  9.10000000e-01  4.05258848e-01 
 1.34311640e-07  9.10000000e-01  4.04915802e-01 
 1.35311640e-07  9.10000000e-01  4.04575182e-01 
 1.36311640e-07  9.10000000e-01  4.04236954e-01 
 1.37311640e-07  9.10000000e-01  4.03901087e-01 
 1.38311640e-07  9.10000000e-01  4.03567549e-01 
 1.39311640e-07  9.10000000e-01  4.03236311e-01 
 1.40311640e-07  9.10000000e-01  4.02907347e-01 
 1.41311640e-07  9.10000000e-01  4.02580630e-01 
 1.42311640e-07  9.10000000e-01  4.02256133e-01 
 1.43311640e-07  9.10000000e-01  4.01933832e-01 
 1.44311640e-07  9.10000000e-01  4.01613700e-01 
 1.45311640e-07  9.10000000e-01  4.01295713e-01 
 1.46311640e-07  9.10000000e-01  4.00979844e-01 
 1.47311640e-07  9.10000000e-01  4.00666068e-01 
 1.48311640e-07  9.10000000e-01  4.00354357e-01 
 1.49311640e-07  9.10000000e-01  4.00044682e-01 
 1.50311640e-07  9.10000000e-01  3.99737012e-01 
 1.51311640e-07  9.10000000e-01  3.99431313e-01 
 1.52311640e-07  9.10000000e-01  3.99127550e-01 
 1.53311640e-07  9.10000000e-01  3.98825682e-01 
 1.54311640e-07  9.10000000e-01  3.98525663e-01 
 1.55311640e-07  9.10000000e-01  3.98227446e-01 
 1.56311640e-07  9.10000000e-01  3.97930972e-01 
 1.57311640e-07  9.10000000e-01  3.97636179e-01 
 1.58311640e-07  9.10000000e-01  3.97342997e-01 
 1.59311640e-07  9.10000000e-01  3.97051376e-01 
 1.60311640e-07  9.10000000e-01  3.96761454e-01 
 1.61311640e-07  9.10000000e-01  3.96474946e-01 
 1.62311640e-07  9.10000000e-01  3.96203064e-01 
 1.63311640e-07  9.10000000e-01  3.95982297e-01 
 1.64311640e-07  9.10000000e-01  3.95872917e-01 
 1.65311640e-07  9.10000000e-01  3.95935000e-01 
 1.66311640e-07  9.10000000e-01  3.96217589e-01 
 1.67311640e-07  9.10000000e-01  3.96753279e-01 
 1.68311640e-07  9.10000000e-01  3.97552084e-01 
 1.69311640e-07  9.10000000e-01  3.98597372e-01 
 1.70311640e-07  9.10000000e-01  3.99845012e-01 
 1.71311640e-07  9.10000000e-01  4.01227155e-01 
 1.72311640e-07  9.10000000e-01  4.02660274e-01 
 1.73311640e-07  9.10000000e-01  4.04055927e-01 
 1.74311640e-07  9.10000000e-01  4.05332008e-01 
 1.75311640e-07  9.10000000e-01  4.06422308e-01 
 1.76311640e-07  9.10000000e-01  4.07282762e-01 
 1.77311640e-07  9.10000000e-01  4.07893767e-01 
 1.78311640e-07  9.10000000e-01  4.08258806e-01 
 1.79311640e-07  9.10000000e-01  4.08400340e-01 
 1.80311640e-07  9.10000000e-01  4.08354255e-01 
 1.81311640e-07  9.10000000e-01  4.08164268e-01 
 1.82311640e-07  9.10000000e-01  4.07876995e-01 
 1.83311640e-07  9.10000000e-01  4.07536839e-01 
 1.84311640e-07  9.10000000e-01  4.07177492e-01 
 1.85311640e-07  9.10000000e-01  4.06815242e-01 
 1.86311640e-07  9.10000000e-01  4.06454652e-01 
 1.87311640e-07  9.10000000e-01  4.06096673e-01 
 1.88311640e-07  9.10000000e-01  4.05741471e-01 
 1.89311640e-07  9.10000000e-01  4.05389040e-01 
 1.90311640e-07  9.10000000e-01  4.05039336e-01 
 1.91311640e-07  9.10000000e-01  4.04692305e-01 
 1.92311640e-07  9.10000000e-01  4.04347892e-01 
 1.93311640e-07  9.10000000e-01  4.04006045e-01 
 1.94311640e-07  9.10000000e-01  4.03666713e-01 
 1.95311640e-07  9.10000000e-01  4.03329847e-01 
 1.96311640e-07  9.10000000e-01  4.02995400e-01 
 1.97311640e-07  9.10000000e-01  4.02663326e-01 
 1.98311640e-07  9.10000000e-01  4.02333582e-01 
 1.99311640e-07  9.10000000e-01  4.02006123e-01 
 2.00311640e-07  9.10000000e-01  4.01680906e-01 
 2.01311640e-07  9.10000000e-01  4.01357888e-01 
 2.02311640e-07  9.10000000e-01  4.01037024e-01 
 2.03311640e-07  9.10000000e-01  4.00718271e-01 
 2.04311640e-07  9.10000000e-01  4.00401586e-01 
 2.05311640e-07  9.10000000e-01  4.00086932e-01 
 2.06311640e-07  9.10000000e-01  3.99774288e-01 
 2.07311640e-07  9.10000000e-01  3.99463702e-01 
 2.08311640e-07  9.10000000e-01  3.99155449e-01 
 2.09311640e-07  9.10000000e-01  3.98850643e-01 
 2.10311640e-07  9.10000000e-01  3.98553230e-01 
 2.11311640e-07  9.10000000e-01  3.98274316e-01 
 2.12311640e-07  9.10000000e-01  3.98035593e-01 
 2.13311640e-07  9.10000000e-01  3.97866163e-01 
 2.14311640e-07  9.10000000e-01  3.97796132e-01 
 2.15311640e-07  9.10000000e-01  3.97852821e-01 
 2.16311640e-07  9.10000000e-01  3.98057862e-01 
 2.17311640e-07  9.10000000e-01  3.98424073e-01 
 2.18311640e-07  9.10000000e-01  3.98952781e-01 
 2.19311640e-07  9.10000000e-01  3.99631948e-01 
 2.20311640e-07  9.10000000e-01  4.00435900e-01 
 2.21311640e-07  9.10000000e-01  4.01326490e-01 
 2.22311640e-07  9.10000000e-01  4.02258304e-01 
 2.23311640e-07  9.10000000e-01  4.03182116e-01 
 2.24311640e-07  9.10000000e-01  4.04049102e-01 
 2.25311640e-07  9.10000000e-01  4.04817556e-01 
 2.26311640e-07  9.10000000e-01  4.05455899e-01 
 2.27311640e-07  9.10000000e-01  4.05944705e-01 
 2.28311640e-07  9.10000000e-01  4.06277006e-01 
 2.29311640e-07  9.10000000e-01  4.06457094e-01 
 2.30311640e-07  9.10000000e-01  4.06498283e-01 
 2.31311640e-07  9.10000000e-01  4.06420148e-01 
 2.32311640e-07  9.10000000e-01  4.06245763e-01 
 2.33311640e-07  9.10000000e-01  4.05999260e-01 
 2.34311640e-07  9.10000000e-01  4.05703788e-01 
 2.35311640e-07  9.10000000e-01  4.05379397e-01 
 2.36311640e-07  9.10000000e-01  4.05041018e-01 
 2.37311640e-07  9.10000000e-01  4.04697640e-01 
 2.38311640e-07  9.10000000e-01  4.04353592e-01 
 2.39311640e-07  9.10000000e-01  4.04010703e-01 
 2.40311640e-07  9.10000000e-01  4.03669717e-01 
 2.41311640e-07  9.10000000e-01  4.03330935e-01 
 2.42311640e-07  9.10000000e-01  4.02994476e-01 
 2.43311640e-07  9.10000000e-01  4.02660385e-01 
 2.44311640e-07  9.10000000e-01  4.02328678e-01 
 2.45311640e-07  9.10000000e-01  4.01999370e-01 
 2.46311640e-07  9.10000000e-01  4.01672501e-01 
 2.47311640e-07  9.10000000e-01  4.01348168e-01 
 2.48311640e-07  9.10000000e-01  4.01026606e-01 
 2.49311640e-07  9.10000000e-01  4.00708351e-01 
 2.50311640e-07  9.10000000e-01  4.00394610e-01 
 2.51311640e-07  9.10000000e-01  4.00088016e-01 
 2.52311640e-07  9.10000000e-01  3.99793855e-01 
 2.53311640e-07  9.10000000e-01  3.99521259e-01 
 2.54311640e-07  9.10000000e-01  3.99283359e-01 
 2.55311640e-07  9.10000000e-01  3.99096048e-01 
 2.56311640e-07  9.10000000e-01  3.98976238e-01 
 2.57311640e-07  9.10000000e-01  3.98940247e-01 
 2.58311640e-07  9.10000000e-01  3.99002207e-01 
 2.59311640e-07  9.10000000e-01  3.99172348e-01 
 2.60311640e-07  9.10000000e-01  3.99455284e-01 
 2.61311640e-07  9.10000000e-01  3.99848590e-01 
 2.62311640e-07  9.10000000e-01  4.00342002e-01 
 2.63311640e-07  9.10000000e-01  4.00917478e-01 
 2.64311640e-07  9.10000000e-01  4.01550258e-01 
 2.65311640e-07  9.10000000e-01  4.02210822e-01 
 2.66311640e-07  9.10000000e-01  4.02867507e-01 
 2.67311640e-07  9.10000000e-01  4.03489089e-01 
 2.68311640e-07  9.10000000e-01  4.04048477e-01 
 2.69311640e-07  9.10000000e-01  4.04524034e-01 
 2.70311640e-07  9.10000000e-01  4.04900338e-01 
 2.71311640e-07  9.10000000e-01  4.05169745e-01 
 2.72311640e-07  9.10000000e-01  4.05331607e-01 
 2.73311640e-07  9.10000000e-01  4.05391234e-01 
 2.74311640e-07  9.10000000e-01  4.05358473e-01 
 2.75311640e-07  9.10000000e-01  4.05246123e-01 
 2.76311640e-07  9.10000000e-01  4.05068431e-01 
 2.77311640e-07  9.10000000e-01  4.04839776e-01 
 2.78311640e-07  9.10000000e-01  4.04573608e-01 
 2.79311640e-07  9.10000000e-01  4.04281640e-01 
 2.80311640e-07  9.10000000e-01  4.03973299e-01 
 2.81311640e-07  9.10000000e-01  4.03655538e-01 
 2.82311640e-07  9.10000000e-01  4.03333077e-01 
 2.83311640e-07  9.10000000e-01  4.03008940e-01 
 2.84311640e-07  9.10000000e-01  4.02685060e-01 
 2.85311640e-07  9.10000000e-01  4.02362772e-01 
 2.86311640e-07  9.10000000e-01  4.02043181e-01 
 2.87311640e-07  9.10000000e-01  4.01727464e-01 
 2.88311640e-07  9.10000000e-01  4.01417170e-01 
 2.89311640e-07  9.10000000e-01  4.01114578e-01 
 2.90311640e-07  9.10000000e-01  4.00823128e-01 
 2.91311640e-07  9.10000000e-01  4.00547823e-01 
 2.92311640e-07  9.10000000e-01  4.00295472e-01 
 2.93311640e-07  9.10000000e-01  4.00074606e-01 
 2.94311640e-07  9.10000000e-01  3.99895081e-01 
 2.95311640e-07  9.10000000e-01  3.99767429e-01 
 2.96311640e-07  9.10000000e-01  3.99702048e-01 
 2.97311640e-07  9.10000000e-01  3.99708243e-01 
 2.98311640e-07  9.10000000e-01  3.99793161e-01 
 2.99311640e-07  9.10000000e-01  3.99960731e-01 
 3.00311640e-07  9.10000000e-01  4.00210718e-01 
 3.01311640e-07  9.10000000e-01  4.00538076e-01 
 3.02311640e-07  9.10000000e-01  4.00932743e-01 
 3.03311640e-07  9.10000000e-01  4.01379972e-01 
 3.04311640e-07  9.10000000e-01  4.01861105e-01 
 3.05311640e-07  9.10000000e-01  4.02355300e-01 
 3.06311640e-07  9.10000000e-01  4.02840872e-01 
 3.07311640e-07  9.10000000e-01  4.03296798e-01 
 3.08311640e-07  9.10000000e-01  4.03704705e-01 
 3.09311640e-07  9.10000000e-01  4.04049956e-01 
 3.10311640e-07  9.10000000e-01  4.04322401e-01 
 3.11311640e-07  9.10000000e-01  4.04516625e-01 
 3.12311640e-07  9.10000000e-01  4.04631716e-01 
 3.13311640e-07  9.10000000e-01  4.04670655e-01 
 3.14311640e-07  9.10000000e-01  4.04639473e-01 
 3.15311640e-07  9.10000000e-01  4.04546291e-01 
 3.16311640e-07  9.10000000e-01  4.04400391e-01 
 3.17311640e-07  9.10000000e-01  4.04211381e-01 
 3.18311640e-07  9.10000000e-01  4.03988523e-01 
 3.19311640e-07  9.10000000e-01  4.03740236e-01 
 3.20311640e-07  9.10000000e-01  4.03473802e-01 
 3.21311640e-07  9.10000000e-01  4.03195247e-01 
 3.22311640e-07  9.10000000e-01  4.02909421e-01 
 3.23311640e-07  9.10000000e-01  4.02620203e-01 
 3.24311640e-07  9.10000000e-01  4.02330806e-01 
 3.25311640e-07  9.10000000e-01  4.02044116e-01 
 3.26311640e-07  9.10000000e-01  4.01763032e-01 
 3.27311640e-07  9.10000000e-01  4.01490772e-01 
 3.28311640e-07  9.10000000e-01  4.01231155e-01 
 3.29311640e-07  9.10000000e-01  4.00988803e-01 
 3.30311640e-07  9.10000000e-01  4.00769229e-01 
 3.31311640e-07  9.10000000e-01  4.00578780e-01 
 3.32311640e-07  9.10000000e-01  4.00424419e-01 
 3.33311640e-07  9.10000000e-01  4.00313357e-01 
 3.34311640e-07  9.10000000e-01  4.00252539e-01 
 3.35311640e-07  9.10000000e-01  4.00248038e-01 
 3.36311640e-07  9.10000000e-01  4.00304377e-01 
 3.37311640e-07  9.10000000e-01  4.00423855e-01 
 3.38311640e-07  9.10000000e-01  4.00605966e-01 
 3.39311640e-07  9.10000000e-01  4.00846992e-01 
 3.40311640e-07  9.10000000e-01  4.01139870e-01 
 3.41311640e-07  9.10000000e-01  4.01474366e-01 
 3.42311640e-07  9.10000000e-01  4.01837595e-01 
 3.43311640e-07  9.10000000e-01  4.02214805e-01 
 3.44311640e-07  9.10000000e-01  4.02590447e-01 
 3.45311640e-07  9.10000000e-01  4.02949161e-01 
 3.46311640e-07  9.10000000e-01  4.03277111e-01 
 3.47311640e-07  9.10000000e-01  4.03562628e-01 
 3.48311640e-07  9.10000000e-01  4.03796636e-01 
 3.49311640e-07  9.10000000e-01  4.03973351e-01 
 3.50311640e-07  9.10000000e-01  4.04090150e-01 
 3.51311640e-07  9.10000000e-01  4.04147323e-01 
 3.52311640e-07  9.10000000e-01  4.04147619e-01 
 3.53311640e-07  9.10000000e-01  4.04095679e-01 
 3.54311640e-07  9.10000000e-01  4.03997433e-01 
 3.55311640e-07  9.10000000e-01  4.03859513e-01 
 3.56311640e-07  9.10000000e-01  4.03688759e-01 
 3.57311640e-07  9.10000000e-01  4.03491818e-01 
 3.58311640e-07  9.10000000e-01  4.03274871e-01 
 3.59311640e-07  9.10000000e-01  4.03043490e-01 
 3.60311640e-07  9.10000000e-01  4.02802602e-01 
 3.61311640e-07  9.10000000e-01  4.02556565e-01 
 3.62311640e-07  9.10000000e-01  4.02309304e-01 
 3.63311640e-07  9.10000000e-01  4.02064511e-01 
 3.64311640e-07  9.10000000e-01  4.01825845e-01 
 3.65311640e-07  9.10000000e-01  4.01597117e-01 
 3.66311640e-07  9.10000000e-01  4.01382439e-01 
 3.67311640e-07  9.10000000e-01  4.01186316e-01 
 3.68311640e-07  9.10000000e-01  4.01013635e-01 
 3.69311640e-07  9.10000000e-01  4.00869570e-01 
 3.70311640e-07  9.10000000e-01  4.00759381e-01 
 3.71311640e-07  9.10000000e-01  4.00688115e-01 
 3.72311640e-07  9.10000000e-01  4.00660235e-01 
 3.73311640e-07  9.10000000e-01  4.00679188e-01 
 3.74311640e-07  9.10000000e-01  4.00746975e-01 
 3.75311640e-07  9.10000000e-01  4.00863752e-01 
 3.76311640e-07  9.10000000e-01  4.01027528e-01 
 3.77311640e-07  9.10000000e-01  4.01234013e-01 
 3.78311640e-07  9.10000000e-01  4.01476647e-01 
 3.79311640e-07  9.10000000e-01  4.01746848e-01 
 3.80311640e-07  9.10000000e-01  4.02034446e-01 
 3.81311640e-07  9.10000000e-01  4.02328283e-01 
 3.82311640e-07  9.10000000e-01  4.02616899e-01 
 3.83311640e-07  9.10000000e-01  4.02889335e-01 
 3.84311640e-07  9.10000000e-01  4.03135737e-01 
 3.85311640e-07  9.10000000e-01  4.03347848e-01 
 3.86311640e-07  9.10000000e-01  4.03519467e-01 
 3.87311640e-07  9.10000000e-01  4.03646598e-01 
 3.88311640e-07  9.10000000e-01  4.03727439e-01 
 3.89311640e-07  9.10000000e-01  4.03762207e-01 
 3.90311640e-07  9.10000000e-01  4.03752845e-01 
 3.91311640e-07  9.10000000e-01  4.03702652e-01 
 3.92311640e-07  9.10000000e-01  4.03615893e-01 
 3.93311640e-07  9.10000000e-01  4.03497418e-01 
 3.94311640e-07  9.10000000e-01  4.03352339e-01 
 3.95311640e-07  9.10000000e-01  4.03185764e-01 
 3.96311640e-07  9.10000000e-01  4.03002622e-01 
 3.97311640e-07  9.10000000e-01  4.02807554e-01 
 3.98311640e-07  9.10000000e-01  4.02604892e-01 
 3.99311640e-07  9.10000000e-01  4.02398690e-01 
 4.00311640e-07  9.10000000e-01  4.02192794e-01 
 4.01311640e-07  9.10000000e-01  4.01990955e-01 
 4.02311640e-07  9.10000000e-01  4.01796921e-01 
 4.03311640e-07  9.10000000e-01  4.01614513e-01 
 4.04311640e-07  9.10000000e-01  4.01447679e-01 
 4.05311640e-07  9.10000000e-01  4.01300483e-01 
 4.06311640e-07  9.10000000e-01  4.01177037e-01 
 4.07311640e-07  9.10000000e-01  4.01081366e-01 
 4.08311640e-07  9.10000000e-01  4.01017213e-01 
 4.09311640e-07  9.10000000e-01  4.00987798e-01 
 4.10311640e-07  9.10000000e-01  4.00995533e-01 
 4.11311640e-07  9.10000000e-01  4.01041749e-01 
 4.12311640e-07  9.10000000e-01  4.01126439e-01 
 4.13311640e-07  9.10000000e-01  4.01248063e-01 
 4.14311640e-07  9.10000000e-01  4.01403453e-01 
 4.15311640e-07  9.10000000e-01  4.01587829e-01 
 4.16311640e-07  9.10000000e-01  4.01794956e-01 
 4.17311640e-07  9.10000000e-01  4.02017385e-01 
 4.18311640e-07  9.10000000e-01  4.02246971e-01 
 4.19311640e-07  9.10000000e-01  4.02475213e-01 
 4.20311640e-07  9.10000000e-01  4.02693697e-01 
 4.21311640e-07  9.10000000e-01  4.02894702e-01 
 4.22311640e-07  9.10000000e-01  4.03071531e-01 
 4.23311640e-07  9.10000000e-01  4.03218836e-01 
 4.24311640e-07  9.10000000e-01  4.03332798e-01 
 4.25311640e-07  9.10000000e-01  4.03411179e-01 
 4.26311640e-07  9.10000000e-01  4.03453270e-01 
 4.27311640e-07  9.10000000e-01  4.03459740e-01 
 4.28311640e-07  9.10000000e-01  4.03432415e-01 
 4.29311640e-07  9.10000000e-01  4.03374031e-01 
 4.30311640e-07  9.10000000e-01  4.03287975e-01 
 4.31311640e-07  9.10000000e-01  4.03178043e-01 
 4.32311640e-07  9.10000000e-01  4.03048235e-01 
 4.33311640e-07  9.10000000e-01  4.02902601e-01 
 4.34311640e-07  9.10000000e-01  4.02745126e-01 
 4.35311640e-07  9.10000000e-01  4.02579678e-01 
 4.36311640e-07  9.10000000e-01  4.02409978e-01 
 4.37311640e-07  9.10000000e-01  4.02239650e-01 
 4.38311640e-07  9.10000000e-01  4.02072216e-01 
 4.39311640e-07  9.10000000e-01  4.01911156e-01 
 4.40311640e-07  9.10000000e-01  4.01759942e-01 
 4.41311640e-07  9.10000000e-01  4.01622003e-01 
 4.42311640e-07  9.10000000e-01  4.01500758e-01 
 4.43311640e-07  9.10000000e-01  4.01399534e-01 
 4.44311640e-07  9.10000000e-01  4.01321464e-01 
 4.45311640e-07  9.10000000e-01  4.01269345e-01 
 4.46311640e-07  9.10000000e-01  4.01245475e-01 
 4.47311640e-07  9.10000000e-01  4.01251466e-01 
 4.48311640e-07  9.10000000e-01  4.01288067e-01 
 4.49311640e-07  9.10000000e-01  4.01354998e-01 
 4.50311640e-07  9.10000000e-01  4.01450849e-01 
 4.51311640e-07  9.10000000e-01  4.01573019e-01 
 4.52311640e-07  9.10000000e-01  4.01717756e-01 
 4.53311640e-07  9.10000000e-01  4.01880271e-01 
 4.54311640e-07  9.10000000e-01  4.02054936e-01 
 4.55311640e-07  9.10000000e-01  4.02235552e-01 
 4.56311640e-07  9.10000000e-01  4.02415682e-01 
 4.57311640e-07  9.10000000e-01  4.02588960e-01 
 4.58311640e-07  9.10000000e-01  4.02749480e-01 
 4.59311640e-07  9.10000000e-01  4.02892037e-01 
 4.60311640e-07  9.10000000e-01  4.03012298e-01 
 4.61311640e-07  9.10000000e-01  4.03107049e-01 
 4.62311640e-07  9.10000000e-01  4.03174222e-01 
 4.63311640e-07  9.10000000e-01  4.03212883e-01 
 4.64311640e-07  9.10000000e-01  4.03223157e-01 
 4.65311640e-07  9.10000000e-01  4.03206096e-01 
 4.66311640e-07  9.10000000e-01  4.03163518e-01 
 4.67311640e-07  9.10000000e-01  4.03097837e-01 
 4.68311640e-07  9.10000000e-01  4.03011890e-01 
 4.69311640e-07  9.10000000e-01  4.02908790e-01 
 4.70311640e-07  9.10000000e-01  4.02791798e-01 
 4.71311640e-07  9.10000000e-01  4.02664231e-01 
 4.72311640e-07  9.10000000e-01  4.02529396e-01 
 4.73311640e-07  9.10000000e-01  4.02390551e-01 
 4.74311640e-07  9.10000000e-01  4.02250911e-01 
 4.75311640e-07  9.10000000e-01  4.02113627e-01 
 4.76311640e-07  9.10000000e-01  4.01981778e-01 
 4.77311640e-07  9.10000000e-01  4.01858392e-01 
 4.78311640e-07  9.10000000e-01  4.01746426e-01 
 4.79311640e-07  9.10000000e-01  4.01648727e-01 
 4.80311640e-07  9.10000000e-01  4.01567976e-01 
 4.81311640e-07  9.10000000e-01  4.01506605e-01 
 4.82311640e-07  9.10000000e-01  4.01466697e-01 
 4.83311640e-07  9.10000000e-01  4.01449864e-01 
 4.84311640e-07  9.10000000e-01  4.01457131e-01 
 4.85311640e-07  9.10000000e-01  4.01488813e-01 
 4.86311640e-07  9.10000000e-01  4.01544429e-01 
 4.87311640e-07  9.10000000e-01  4.01622633e-01 
 4.88311640e-07  9.10000000e-01  4.01721207e-01 
 4.89311640e-07  9.10000000e-01  4.01837097e-01 
 4.90311640e-07  9.10000000e-01  4.01966513e-01 
 4.91311640e-07  9.10000000e-01  4.02105067e-01 
 4.92311640e-07  9.10000000e-01  4.02248018e-01 
 4.93311640e-07  9.10000000e-01  4.02390453e-01 
 4.94311640e-07  9.10000000e-01  4.02527503e-01 
 4.95311640e-07  9.10000000e-01  4.02654624e-01 
 4.96311640e-07  9.10000000e-01  4.02767782e-01 
 4.97311640e-07  9.10000000e-01  4.02863616e-01 
 4.98311640e-07  9.10000000e-01  4.02939555e-01 
 4.99311640e-07  9.10000000e-01  4.02993869e-01 
 5.00311640e-07  9.10000000e-01  4.03025677e-01 
 5.01311640e-07  9.10000000e-01  4.03034902e-01 
 5.02311640e-07  9.10000000e-01  4.03022196e-01 
 5.03311640e-07  9.10000000e-01  4.02988828e-01 
 5.04311640e-07  9.10000000e-01  4.02936578e-01 
 5.05311640e-07  9.10000000e-01  4.02867610e-01 
 5.06311640e-07  9.10000000e-01  4.02784368e-01 
 5.07311640e-07  9.10000000e-01  4.02689478e-01 
 5.08311640e-07  9.10000000e-01  4.02585674e-01 
 5.09311640e-07  9.10000000e-01  4.02475735e-01 
 5.10311640e-07  9.10000000e-01  4.02362443e-01 
 5.11311640e-07  9.10000000e-01  4.02248567e-01 
 5.12311640e-07  9.10000000e-01  4.02136827e-01 
 5.13311640e-07  9.10000000e-01  4.02029891e-01 
 5.14311640e-07  9.10000000e-01  4.01930349e-01 
 5.15311640e-07  9.10000000e-01  4.01840669e-01 
 5.16311640e-07  9.10000000e-01  4.01763186e-01 
 5.17311640e-07  9.10000000e-01  4.01700035e-01 
 5.18311640e-07  9.10000000e-01  4.01653087e-01 
 5.19311640e-07  9.10000000e-01  4.01623870e-01 
 5.20311640e-07  9.10000000e-01  4.01613493e-01 
 5.21311640e-07  9.10000000e-01  4.01622554e-01 
 5.22311640e-07  9.10000000e-01  4.01651080e-01 
 5.23311640e-07  9.10000000e-01  4.01698464e-01 
 5.24311640e-07  9.10000000e-01  4.01763444e-01 
 5.25311640e-07  9.10000000e-01  4.01844106e-01 
 5.26311640e-07  9.10000000e-01  4.01937931e-01 
 5.27311640e-07  9.10000000e-01  4.02041877e-01 
 5.28311640e-07  9.10000000e-01  4.02152490e-01 
 5.29311640e-07  9.10000000e-01  4.02266075e-01 
 5.30311640e-07  9.10000000e-01  4.02378841e-01 
 5.31311640e-07  9.10000000e-01  4.02487045e-01 
 5.32311640e-07  9.10000000e-01  4.02587220e-01 
 5.33311640e-07  9.10000000e-01  4.02676278e-01 
 5.34311640e-07  9.10000000e-01  4.02751604e-01 
 5.35311640e-07  9.10000000e-01  4.02811190e-01 
 5.36311640e-07  9.10000000e-01  4.02853655e-01 
 5.37311640e-07  9.10000000e-01  4.02878258e-01 
 5.38311640e-07  9.10000000e-01  4.02884875e-01 
 5.39311640e-07  9.10000000e-01  4.02873946e-01 
 5.40311640e-07  9.10000000e-01  4.02846408e-01 
 5.41311640e-07  9.10000000e-01  4.02803615e-01 
 5.42311640e-07  9.10000000e-01  4.02747257e-01 
 5.43311640e-07  9.10000000e-01  4.02679277e-01 
 5.44311640e-07  9.10000000e-01  4.02601804e-01 
 5.45311640e-07  9.10000000e-01  4.02517083e-01 
 5.46311640e-07  9.10000000e-01  4.02427422e-01 
 5.47311640e-07  9.10000000e-01  4.02335182e-01 
 5.48311640e-07  9.10000000e-01  4.02242714e-01 
 5.49311640e-07  9.10000000e-01  4.02152304e-01 
 5.50311640e-07  9.10000000e-01  4.02066195e-01 
 5.51311640e-07  9.10000000e-01  4.01986577e-01 
 5.52311640e-07  9.10000000e-01  4.01915495e-01 
 5.53311640e-07  9.10000000e-01  4.01854808e-01 
 5.54311640e-07  9.10000000e-01  4.01806194e-01 
 5.55311640e-07  9.10000000e-01  4.01771073e-01 
 5.56311640e-07  9.10000000e-01  4.01750551e-01 
 5.57311640e-07  9.10000000e-01  4.01745360e-01 
 5.58311640e-07  9.10000000e-01  4.01755809e-01 
 5.59311640e-07  9.10000000e-01  4.01781736e-01 
 5.60311640e-07  9.10000000e-01  4.01822485e-01 
 5.61311640e-07  9.10000000e-01  4.01876896e-01 
 5.62311640e-07  9.10000000e-01  4.01943326e-01 
 5.63311640e-07  9.10000000e-01  4.02019689e-01 
 5.64311640e-07  9.10000000e-01  4.02103517e-01 
 5.65311640e-07  9.10000000e-01  4.02192095e-01 
 5.66311640e-07  9.10000000e-01  4.02282539e-01 
 5.67311640e-07  9.10000000e-01  4.02371880e-01 
 5.68311640e-07  9.10000000e-01  4.02457234e-01 
 5.69311640e-07  9.10000000e-01  4.02535926e-01 
 5.70311640e-07  9.10000000e-01  4.02605610e-01 
 5.71311640e-07  9.10000000e-01  4.02664297e-01 
 5.72311640e-07  9.10000000e-01  4.02710404e-01 
 5.73311640e-07  9.10000000e-01  4.02742857e-01 
 5.74311640e-07  9.10000000e-01  4.02761070e-01 
 5.75311640e-07  9.10000000e-01  4.02764932e-01 
 5.76311640e-07  9.10000000e-01  4.02754770e-01 
 5.77311640e-07  9.10000000e-01  4.02731311e-01 
 5.78311640e-07  9.10000000e-01  4.02695616e-01 
 5.79311640e-07  9.10000000e-01  4.02649030e-01 
 5.80311640e-07  9.10000000e-01  4.02593119e-01 
 5.81311640e-07  9.10000000e-01  4.02529615e-01 
 5.82311640e-07  9.10000000e-01  4.02460366e-01 
 5.83311640e-07  9.10000000e-01  4.02387290e-01 
 5.84311640e-07  9.10000000e-01  4.02312350e-01 
 5.85311640e-07  9.10000000e-01  4.02237507e-01 
 5.86311640e-07  9.10000000e-01  4.02164678e-01 
 5.87311640e-07  9.10000000e-01  4.02095737e-01 
 5.88311640e-07  9.10000000e-01  4.02032466e-01 
 5.89311640e-07  9.10000000e-01  4.01976517e-01 
 5.90311640e-07  9.10000000e-01  4.01929391e-01 
 5.91311640e-07  9.10000000e-01  4.01892392e-01 
 5.92311640e-07  9.10000000e-01  4.01866584e-01 
 5.93311640e-07  9.10000000e-01  4.01852752e-01 
 5.94311640e-07  9.10000000e-01  4.01851363e-01 
 5.95311640e-07  9.10000000e-01  4.01862528e-01 
 5.96311640e-07  9.10000000e-01  4.01885980e-01 
 5.97311640e-07  9.10000000e-01  4.01921065e-01 
 5.98311640e-07  9.10000000e-01  4.01966742e-01 
 5.99311640e-07  9.10000000e-01  4.02021607e-01 
 6.00311640e-07  9.10000000e-01  4.02083936e-01 
 6.01311640e-07  9.10000000e-01  4.02151735e-01 
 6.02311640e-07  9.10000000e-01  4.02222834e-01 
 6.03311640e-07  9.10000000e-01  4.02294959e-01 
 6.04311640e-07  9.10000000e-01  4.02365798e-01 
 6.05311640e-07  9.10000000e-01  4.02433119e-01 
 6.06311640e-07  9.10000000e-01  4.02494872e-01 
 6.07311640e-07  9.10000000e-01  4.02549230e-01 
 6.08311640e-07  9.10000000e-01  4.02594653e-01 
 6.09311640e-07  9.10000000e-01  4.02629953e-01 
 6.10311640e-07  9.10000000e-01  4.02654308e-01 
 6.11311640e-07  9.10000000e-01  4.02667273e-01 
 6.12311640e-07  9.10000000e-01  4.02668769e-01 
 6.13311640e-07  9.10000000e-01  4.02659065e-01 
 6.14311640e-07  9.10000000e-01  4.02638742e-01 
 6.15311640e-07  9.10000000e-01  4.02608654e-01 
 6.16311640e-07  9.10000000e-01  4.02569890e-01 
 6.17311640e-07  9.10000000e-01  4.02523722e-01 
 6.18311640e-07  9.10000000e-01  4.02471568e-01 
 6.19311640e-07  9.10000000e-01  4.02414944e-01 
 6.20311640e-07  9.10000000e-01  4.02355447e-01 
 6.21311640e-07  9.10000000e-01  4.02294709e-01 
 6.22311640e-07  9.10000000e-01  4.02234339e-01 
 6.23311640e-07  9.10000000e-01  4.02175922e-01 
 6.24311640e-07  9.10000000e-01  4.02120991e-01 
 6.25311640e-07  9.10000000e-01  4.02071010e-01 
 6.26311640e-07  9.10000000e-01  4.02027309e-01 
 6.27311640e-07  9.10000000e-01  4.01991056e-01 
 6.28311640e-07  9.10000000e-01  4.01963251e-01 
 6.29311640e-07  9.10000000e-01  4.01944682e-01 
 6.30311640e-07  9.10000000e-01  4.01935893e-01 
 6.31311640e-07  9.10000000e-01  4.01937160e-01 
 6.32311640e-07  9.10000000e-01  4.01948468e-01 
 6.33311640e-07  9.10000000e-01  4.01969497e-01 
 6.34311640e-07  9.10000000e-01  4.01999627e-01 
 6.35311640e-07  9.10000000e-01  4.02037940e-01 
 6.36311640e-07  9.10000000e-01  4.02083247e-01 
 6.37311640e-07  9.10000000e-01  4.02134120e-01 
 6.38311640e-07  9.10000000e-01  4.02188959e-01 
 6.39311640e-07  9.10000000e-01  4.02246040e-01 
 6.40311640e-07  9.10000000e-01  4.02303550e-01 
 6.41311640e-07  9.10000000e-01  4.02359682e-01 
 6.42311640e-07  9.10000000e-01  4.02412705e-01 
 6.43311640e-07  9.10000000e-01  4.02461027e-01 
 6.44311640e-07  9.10000000e-01  4.02503259e-01 
 6.45311640e-07  9.10000000e-01  4.02538231e-01 
 6.46311640e-07  9.10000000e-01  4.02565019e-01 
 6.47311640e-07  9.10000000e-01  4.02583005e-01 
 6.48311640e-07  9.10000000e-01  4.02591858e-01 
 6.49311640e-07  9.10000000e-01  4.02591539e-01 
 6.50311640e-07  9.10000000e-01  4.02582278e-01 
 6.51311640e-07  9.10000000e-01  4.02564555e-01 
 6.52311640e-07  9.10000000e-01  4.02539070e-01 
 6.53311640e-07  9.10000000e-01  4.02506714e-01 
 6.54311640e-07  9.10000000e-01  4.02468529e-01 
 6.55311640e-07  9.10000000e-01  4.02425672e-01 
 6.56311640e-07  9.10000000e-01  4.02379406e-01 
 6.57311640e-07  9.10000000e-01  4.02331053e-01 
 6.58311640e-07  9.10000000e-01  4.02281937e-01 
 6.59311640e-07  9.10000000e-01  4.02233384e-01 
 6.60311640e-07  9.10000000e-01  4.02186695e-01 
 6.61311640e-07  9.10000000e-01  4.02143116e-01 
 6.62311640e-07  9.10000000e-01  4.02103815e-01 
 6.63311640e-07  9.10000000e-01  4.02069868e-01 
 6.64311640e-07  9.10000000e-01  4.02042192e-01 
 6.65311640e-07  9.10000000e-01  4.02021530e-01 
 6.66311640e-07  9.10000000e-01  4.02008456e-01 
 6.67311640e-07  9.10000000e-01  4.02003339e-01 
 6.68311640e-07  9.10000000e-01  4.02006321e-01 
 6.69311640e-07  9.10000000e-01  4.02017309e-01 
 6.70311640e-07  9.10000000e-01  4.02035971e-01 
 6.71311640e-07  9.10000000e-01  4.02061735e-01 
 6.72311640e-07  9.10000000e-01  4.02093793e-01 
 6.73311640e-07  9.10000000e-01  4.02131163e-01 
 6.74311640e-07  9.10000000e-01  4.02172697e-01 
 6.75311640e-07  9.10000000e-01  4.02217082e-01 
 6.76311640e-07  9.10000000e-01  4.02262922e-01 
 6.77311640e-07  9.10000000e-01  4.02308784e-01 
 6.78311640e-07  9.10000000e-01  4.02353254e-01 
 6.79311640e-07  9.10000000e-01  4.02394983e-01 
 6.80311640e-07  9.10000000e-01  4.02432740e-01 
 6.81311640e-07  9.10000000e-01  4.02465447e-01 
 6.82311640e-07  9.10000000e-01  4.02492225e-01 
 6.83311640e-07  9.10000000e-01  4.02512384e-01 
 6.84311640e-07  9.10000000e-01  4.02525444e-01 
 6.85311640e-07  9.10000000e-01  4.02531170e-01 
 6.86311640e-07  9.10000000e-01  4.02529554e-01 
 6.87311640e-07  9.10000000e-01  4.02520802e-01 
 6.88311640e-07  9.10000000e-01  4.02505319e-01 
 6.89311640e-07  9.10000000e-01  4.02483686e-01 
 6.90311640e-07  9.10000000e-01  4.02456636e-01 
 6.91311640e-07  9.10000000e-01  4.02425024e-01 
 6.92311640e-07  9.10000000e-01  4.02389815e-01 
 6.93311640e-07  9.10000000e-01  4.02352053e-01 
 6.94311640e-07  9.10000000e-01  4.02312807e-01 
 6.95311640e-07  9.10000000e-01  4.02273163e-01 
 6.96311640e-07  9.10000000e-01  4.02234209e-01 
 6.97311640e-07  9.10000000e-01  4.02197001e-01 
 6.98311640e-07  9.10000000e-01  4.02162546e-01 
 6.99311640e-07  9.10000000e-01  4.02131784e-01 
 7.00311640e-07  9.10000000e-01  4.02105538e-01 
 7.01311640e-07  9.10000000e-01  4.02084530e-01 
 7.02311640e-07  9.10000000e-01  4.02069340e-01 
 7.03311640e-07  9.10000000e-01  4.02060364e-01 
 7.04311640e-07  9.10000000e-01  4.02057841e-01 
 7.05311640e-07  9.10000000e-01  4.02061826e-01 
 7.06311640e-07  9.10000000e-01  4.02072184e-01 
 7.07311640e-07  9.10000000e-01  4.02088588e-01 
 7.08311640e-07  9.10000000e-01  4.02110517e-01 
 7.09311640e-07  9.10000000e-01  4.02137300e-01 
 7.10311640e-07  9.10000000e-01  4.02168120e-01 
 7.11311640e-07  9.10000000e-01  4.02202012e-01 
 7.12311640e-07  9.10000000e-01  4.02237914e-01 
 7.13311640e-07  9.10000000e-01  4.02274712e-01 
 7.14311640e-07  9.10000000e-01  4.02311271e-01 
 7.15311640e-07  9.10000000e-01  4.02346480e-01 
 7.16311640e-07  9.10000000e-01  4.02379290e-01 
 7.17311640e-07  9.10000000e-01  4.02408744e-01 
 7.18311640e-07  9.10000000e-01  4.02434013e-01 
 7.19311640e-07  9.10000000e-01  4.02454416e-01 
 7.20311640e-07  9.10000000e-01  4.02469450e-01 
 7.21311640e-07  9.10000000e-01  4.02478756e-01 
 7.22311640e-07  9.10000000e-01  4.02482180e-01 
 7.23311640e-07  9.10000000e-01  4.02479749e-01 
 7.24311640e-07  9.10000000e-01  4.02471627e-01 
 7.25311640e-07  9.10000000e-01  4.02458149e-01 
 7.26311640e-07  9.10000000e-01  4.02439821e-01 
 7.27311640e-07  9.10000000e-01  4.02417253e-01 
 7.28311640e-07  9.10000000e-01  4.02391143e-01 
 7.29311640e-07  9.10000000e-01  4.02362291e-01 
 7.30311640e-07  9.10000000e-01  4.02331536e-01 
 7.31311640e-07  9.10000000e-01  4.02299755e-01 
 7.32311640e-07  9.10000000e-01  4.02267837e-01 
 7.33311640e-07  9.10000000e-01  4.02236665e-01 
 7.34311640e-07  9.10000000e-01  4.02207095e-01 
 7.35311640e-07  9.10000000e-01  4.02179935e-01 
 7.36311640e-07  9.10000000e-01  4.02155924e-01 
 7.37311640e-07  9.10000000e-01  4.02135716e-01 
 7.38311640e-07  9.10000000e-01  4.02119864e-01 
 7.39311640e-07  9.10000000e-01  4.02108804e-01 
 7.40311640e-07  9.10000000e-01  4.02102816e-01 
 7.41311640e-07  9.10000000e-01  4.02102052e-01 
 7.42311640e-07  9.10000000e-01  4.02106512e-01 
 7.43311640e-07  9.10000000e-01  4.02116038e-01 
 7.44311640e-07  9.10000000e-01  4.02130328e-01 
 7.45311640e-07  9.10000000e-01  4.02148921e-01 
 7.46311640e-07  9.10000000e-01  4.02171249e-01 
 7.47311640e-07  9.10000000e-01  4.02196615e-01 
 7.48311640e-07  9.10000000e-01  4.02224229e-01 
 7.49311640e-07  9.10000000e-01  4.02253234e-01 
 7.50311640e-07  9.10000000e-01  4.02282740e-01 
 7.51311640e-07  9.10000000e-01  4.02311848e-01 
 7.52311640e-07  9.10000000e-01  4.02339686e-01 
 7.53311640e-07  9.10000000e-01  4.02365433e-01 
 7.54311640e-07  9.10000000e-01  4.02388350e-01 
 7.55311640e-07  9.10000000e-01  4.02407797e-01 
 7.56311640e-07  9.10000000e-01  4.02423256e-01 
 7.57311640e-07  9.10000000e-01  4.02434342e-01 
 7.58311640e-07  9.10000000e-01  4.02440816e-01 
 7.59311640e-07  9.10000000e-01  4.02442560e-01 
 7.60311640e-07  9.10000000e-01  4.02439612e-01 
 7.61311640e-07  9.10000000e-01  4.02432143e-01 
 7.62311640e-07  9.10000000e-01  4.02420442e-01 
 7.63311640e-07  9.10000000e-01  4.02404930e-01 
 7.64311640e-07  9.10000000e-01  4.02386112e-01 
 7.65311640e-07  9.10000000e-01  4.02364569e-01 
 7.66311640e-07  9.10000000e-01  4.02340947e-01 
 7.67311640e-07  9.10000000e-01  4.02315936e-01 
 7.68311640e-07  9.10000000e-01  4.02290250e-01 
 7.69311640e-07  9.10000000e-01  4.02264615e-01 
 7.70311640e-07  9.10000000e-01  4.02239745e-01 
 7.71311640e-07  9.10000000e-01  4.02216328e-01 
 7.72311640e-07  9.10000000e-01  4.02195006e-01 
 7.73311640e-07  9.10000000e-01  4.02176364e-01 
 7.74311640e-07  9.10000000e-01  4.02160910e-01 
 7.75311640e-07  9.10000000e-01  4.02149061e-01 
 7.76311640e-07  9.10000000e-01  4.02141136e-01 
 7.77311640e-07  9.10000000e-01  4.02137339e-01 
 7.78311640e-07  9.10000000e-01  4.02137757e-01 
 7.79311640e-07  9.10000000e-01  4.02142353e-01 
 7.80311640e-07  9.10000000e-01  4.02150967e-01 
 7.81311640e-07  9.10000000e-01  4.02163320e-01 
 7.82311640e-07  9.10000000e-01  4.02179019e-01 
 7.83311640e-07  9.10000000e-01  4.02197572e-01 
 7.84311640e-07  9.10000000e-01  4.02218400e-01 
 7.85311640e-07  9.10000000e-01  4.02240859e-01 
 7.86311640e-07  9.10000000e-01  4.02264260e-01 
 7.87311640e-07  9.10000000e-01  4.02287889e-01 
 7.88311640e-07  9.10000000e-01  4.02311036e-01 
 7.89311640e-07  9.10000000e-01  4.02333014e-01 
 7.90311640e-07  9.10000000e-01  4.02353183e-01 
 7.91311640e-07  9.10000000e-01  4.02370969e-01 
 7.92311640e-07  9.10000000e-01  4.02385882e-01 
 7.93311640e-07  9.10000000e-01  4.02397527e-01 
 7.94311640e-07  9.10000000e-01  4.02405618e-01 
 7.95311640e-07  9.10000000e-01  4.02409977e-01 
 7.96311640e-07  9.10000000e-01  4.02410543e-01 
 7.97311640e-07  9.10000000e-01  4.02407365e-01 
 7.98311640e-07  9.10000000e-01  4.02400597e-01 
 7.99311640e-07  9.10000000e-01  4.02390496e-01 
 8.00311640e-07  9.10000000e-01  4.02377403e-01 
 8.01311640e-07  9.10000000e-01  4.02361737e-01 
 8.02311640e-07  9.10000000e-01  4.02343980e-01 
 8.03311640e-07  9.10000000e-01  4.02324663e-01 
 8.04311640e-07  9.10000000e-01  4.02304351e-01 
 8.05311640e-07  9.10000000e-01  4.02283626e-01 
 8.06311640e-07  9.10000000e-01  4.02263077e-01 
 8.07311640e-07  9.10000000e-01  4.02243279e-01 
 8.08311640e-07  9.10000000e-01  4.02224783e-01 
 8.09311640e-07  9.10000000e-01  4.02208098e-01 
 8.10311640e-07  9.10000000e-01  4.02193683e-01 
 8.11311640e-07  9.10000000e-01  4.02181929e-01 
 8.12311640e-07  9.10000000e-01  4.02173151e-01 
 8.13311640e-07  9.10000000e-01  4.02167581e-01 
 8.14311640e-07  9.10000000e-01  4.02165357e-01 
 8.15311640e-07  9.10000000e-01  4.02166521e-01 
 8.16311640e-07  9.10000000e-01  4.02171014e-01 
 8.17311640e-07  9.10000000e-01  4.02178682e-01 
 8.18311640e-07  9.10000000e-01  4.02189274e-01 
 8.19311640e-07  9.10000000e-01  4.02202453e-01 
 8.20311640e-07  9.10000000e-01  4.02217808e-01 
 8.21311640e-07  9.10000000e-01  4.02234863e-01 
 8.22311640e-07  9.10000000e-01  4.02253091e-01 
 8.23311640e-07  9.10000000e-01  4.02271939e-01 
 8.24311640e-07  9.10000000e-01  4.02290837e-01 
 8.25311640e-07  9.10000000e-01  4.02309223e-01 
 8.26311640e-07  9.10000000e-01  4.02326555e-01 
 8.27311640e-07  9.10000000e-01  4.02342333e-01 
 8.28311640e-07  9.10000000e-01  4.02356114e-01 
 8.29311640e-07  9.10000000e-01  4.02367520e-01 
 8.30311640e-07  9.10000000e-01  4.02376252e-01 
 8.31311640e-07  9.10000000e-01  4.02382098e-01 
 8.32311640e-07  9.10000000e-01  4.02384932e-01 
 8.33311640e-07  9.10000000e-01  4.02384722e-01 
 8.34311640e-07  9.10000000e-01  4.02381522e-01 
 8.35311640e-07  9.10000000e-01  4.02375474e-01 
 8.36311640e-07  9.10000000e-01  4.02366795e-01 
 8.37311640e-07  9.10000000e-01  4.02355774e-01 
 8.38311640e-07  9.10000000e-01  4.02342760e-01 
 8.39311640e-07  9.10000000e-01  4.02328151e-01 
 8.40311640e-07  9.10000000e-01  4.02312383e-01 
 8.41311640e-07  9.10000000e-01  4.02295917e-01 
 8.42311640e-07  9.10000000e-01  4.02279228e-01 
 8.43311640e-07  9.10000000e-01  4.02262790e-01 
 8.44311640e-07  9.10000000e-01  4.02247066e-01 
 8.45311640e-07  9.10000000e-01  4.02232493e-01 
 8.46311640e-07  9.10000000e-01  4.02219476e-01 
 8.47311640e-07  9.10000000e-01  4.02208371e-01 
 8.48311640e-07  9.10000000e-01  4.02199477e-01 
 8.49311640e-07  9.10000000e-01  4.02193034e-01 
 8.50311640e-07  9.10000000e-01  4.02189205e-01 
 8.51311640e-07  9.10000000e-01  4.02188081e-01 
 8.52311640e-07  9.10000000e-01  4.02189674e-01 
 8.53311640e-07  9.10000000e-01  4.02193915e-01 
 8.54311640e-07  9.10000000e-01  4.02200658e-01 
 8.55311640e-07  9.10000000e-01  4.02209685e-01 
 8.56311640e-07  9.10000000e-01  4.02220709e-01 
 8.57311640e-07  9.10000000e-01  4.02233385e-01 
 8.58311640e-07  9.10000000e-01  4.02247323e-01 
 8.59311640e-07  9.10000000e-01  4.02262097e-01 
 8.60311640e-07  9.10000000e-01  4.02277260e-01 
 8.61311640e-07  9.10000000e-01  4.02292357e-01 
 8.62311640e-07  9.10000000e-01  4.02306943e-01 
 8.63311640e-07  9.10000000e-01  4.02320592e-01 
 8.64311640e-07  9.10000000e-01  4.02332914e-01 
 8.65311640e-07  9.10000000e-01  4.02343564e-01 
 8.66311640e-07  9.10000000e-01  4.02352253e-01 
 8.67311640e-07  9.10000000e-01  4.02358756e-01 
 8.68311640e-07  9.10000000e-01  4.02362916e-01 
 8.69311640e-07  9.10000000e-01  4.02364648e-01 
 8.70311640e-07  9.10000000e-01  4.02363938e-01 
 8.71311640e-07  9.10000000e-01  4.02360845e-01 
 8.72311640e-07  9.10000000e-01  4.02355494e-01 
 8.73311640e-07  9.10000000e-01  4.02348073e-01 
 8.74311640e-07  9.10000000e-01  4.02338823e-01 
 8.75311640e-07  9.10000000e-01  4.02328036e-01 
 8.76311640e-07  9.10000000e-01  4.02316040e-01 
 8.77311640e-07  9.10000000e-01  4.02303192e-01 
 8.78311640e-07  9.10000000e-01  4.02289870e-01 
 8.79311640e-07  9.10000000e-01  4.02276455e-01 
 8.80311640e-07  9.10000000e-01  4.02263333e-01 
 8.81311640e-07  9.10000000e-01  4.02250871e-01 
 8.82311640e-07  9.10000000e-01  4.02239420e-01 
 8.83311640e-07  9.10000000e-01  4.02229294e-01 
 8.84311640e-07  9.10000000e-01  4.02220772e-01 
 8.85311640e-07  9.10000000e-01  4.02214082e-01 
 8.86311640e-07  9.10000000e-01  4.02209402e-01 
 8.87311640e-07  9.10000000e-01  4.02206847e-01 
 8.88311640e-07  9.10000000e-01  4.02206475e-01 
 8.89311640e-07  9.10000000e-01  4.02208276e-01 
 8.90311640e-07  9.10000000e-01  4.02212180e-01 
 8.91311640e-07  9.10000000e-01  4.02218052e-01 
 8.92311640e-07  9.10000000e-01  4.02225704e-01 
 8.93311640e-07  9.10000000e-01  4.02234893e-01 
 8.94311640e-07  9.10000000e-01  4.02245333e-01 
 8.95311640e-07  9.10000000e-01  4.02256705e-01 
 8.96311640e-07  9.10000000e-01  4.02268661e-01 
 8.97311640e-07  9.10000000e-01  4.02280844e-01 
 8.98311640e-07  9.10000000e-01  4.02292890e-01 
 8.99311640e-07  9.10000000e-01  4.02304446e-01 
 9.00311640e-07  9.10000000e-01  4.02315177e-01 
 9.01311640e-07  9.10000000e-01  4.02324780e-01 
 9.02311640e-07  9.10000000e-01  4.02332987e-01 
 9.03311640e-07  9.10000000e-01  4.02339578e-01 
 9.04311640e-07  9.10000000e-01  4.02344383e-01 
 9.05311640e-07  9.10000000e-01  4.02347287e-01 
 9.06311640e-07  9.10000000e-01  4.02348235e-01 
 9.07311640e-07  9.10000000e-01  4.02347228e-01 
 9.08311640e-07  9.10000000e-01  4.02344322e-01 
 9.09311640e-07  9.10000000e-01  4.02339630e-01 
 9.10311640e-07  9.10000000e-01  4.02333312e-01 
 9.11311640e-07  9.10000000e-01  4.02325573e-01 
 9.12311640e-07  9.10000000e-01  4.02316652e-01 
 9.13311640e-07  9.10000000e-01  4.02306821e-01 
 9.14311640e-07  9.10000000e-01  4.02296372e-01 
 9.15311640e-07  9.10000000e-01  4.02285612e-01 
 9.16311640e-07  9.10000000e-01  4.02274850e-01 
 9.17311640e-07  9.10000000e-01  4.02264395e-01 
 9.18311640e-07  9.10000000e-01  4.02254541e-01 
 9.19311640e-07  9.10000000e-01  4.02245564e-01 
 9.20311640e-07  9.10000000e-01  4.02237712e-01 
 9.21311640e-07  9.10000000e-01  4.02231199e-01 
 9.22311640e-07  9.10000000e-01  4.02226199e-01 
 9.23311640e-07  9.10000000e-01  4.02222842e-01 
 9.24311640e-07  9.10000000e-01  4.02221210e-01 
 9.25311640e-07  9.10000000e-01  4.02221335e-01 
 9.26311640e-07  9.10000000e-01  4.02223195e-01 
 9.27311640e-07  9.10000000e-01  4.02226721e-01 
 9.28311640e-07  9.10000000e-01  4.02231794e-01 
 9.29311640e-07  9.10000000e-01  4.02238250e-01 
 9.30311640e-07  9.10000000e-01  4.02245885e-01 
 9.31311640e-07  9.10000000e-01  4.02254465e-01 
 9.32311640e-07  9.10000000e-01  4.02263725e-01 
 9.33311640e-07  9.10000000e-01  4.02273388e-01 
 9.34311640e-07  9.10000000e-01  4.02283162e-01 
 9.35311640e-07  9.10000000e-01  4.02292761e-01 
 9.36311640e-07  9.10000000e-01  4.02301903e-01 
 9.37311640e-07  9.10000000e-01  4.02310327e-01 
 9.38311640e-07  9.10000000e-01  4.02317794e-01 
 9.39311640e-07  9.10000000e-01  4.02324099e-01 
 9.40311640e-07  9.10000000e-01  4.02329073e-01 
 9.41311640e-07  9.10000000e-01  4.02332590e-01 
 9.42311640e-07  9.10000000e-01  4.02334567e-01 
 9.43311640e-07  9.10000000e-01  4.02334970e-01 
 9.44311640e-07  9.10000000e-01  4.02333808e-01 
 9.45311640e-07  9.10000000e-01  4.02331137e-01 
 9.46311640e-07  9.10000000e-01  4.02327055e-01 
 9.47311640e-07  9.10000000e-01  4.02321700e-01 
 9.48311640e-07  9.10000000e-01  4.02315242e-01 
 9.49311640e-07  9.10000000e-01  4.02307881e-01 
 9.50311640e-07  9.10000000e-01  4.02299840e-01 
 9.51311640e-07  9.10000000e-01  4.02291358e-01 
 9.52311640e-07  9.10000000e-01  4.02282683e-01 
 9.53311640e-07  9.10000000e-01  4.02274066e-01 
 9.54311640e-07  9.10000000e-01  4.02265752e-01 
 9.55311640e-07  9.10000000e-01  4.02257977e-01 
 9.56311640e-07  9.10000000e-01  4.02250958e-01 
 9.57311640e-07  9.10000000e-01  4.02244888e-01 
 9.58311640e-07  9.10000000e-01  4.02239932e-01 
 9.59311640e-07  9.10000000e-01  4.02236222e-01 
 9.60311640e-07  9.10000000e-01  4.02233853e-01 
 9.61311640e-07  9.10000000e-01  4.02232880e-01 
 9.62311640e-07  9.10000000e-01  4.02233317e-01 
 9.63311640e-07  9.10000000e-01  4.02235139e-01 
 9.64311640e-07  9.10000000e-01  4.02238278e-01 
 9.65311640e-07  9.10000000e-01  4.02242629e-01 
 9.66311640e-07  9.10000000e-01  4.02248053e-01 
 9.67311640e-07  9.10000000e-01  4.02254380e-01 
 9.68311640e-07  9.10000000e-01  4.02261415e-01 
 9.69311640e-07  9.10000000e-01  4.02268944e-01 
 9.70311640e-07  9.10000000e-01  4.02276740e-01 
 9.71311640e-07  9.10000000e-01  4.02284572e-01 
 9.72311640e-07  9.10000000e-01  4.02292210e-01 
 9.73311640e-07  9.10000000e-01  4.02299432e-01 
 9.74311640e-07  9.10000000e-01  4.02306031e-01 
 9.75311640e-07  9.10000000e-01  4.02311824e-01 
 9.76311640e-07  9.10000000e-01  4.02316650e-01 
 9.77311640e-07  9.10000000e-01  4.02320383e-01 
 9.78311640e-07  9.10000000e-01  4.02322928e-01 
 9.79311640e-07  9.10000000e-01  4.02324228e-01 
 9.80311640e-07  9.10000000e-01  4.02324262e-01 
 9.81311640e-07  9.10000000e-01  4.02323045e-01 
 9.82311640e-07  9.10000000e-01  4.02320631e-01 
 9.83311640e-07  9.10000000e-01  4.02317105e-01 
 9.84311640e-07  9.10000000e-01  4.02312584e-01 
 9.85311640e-07  9.10000000e-01  4.02307210e-01 
 9.86311640e-07  9.10000000e-01  4.02301150e-01 
 9.87311640e-07  9.10000000e-01  4.02294586e-01 
 9.88311640e-07  9.10000000e-01  4.02287713e-01 
 9.89311640e-07  9.10000000e-01  4.02280732e-01 
 9.90311640e-07  9.10000000e-01  4.02273843e-01 
 9.91311640e-07  9.10000000e-01  4.02267245e-01 
 9.92311640e-07  9.10000000e-01  4.02261124e-01 
 9.93311640e-07  9.10000000e-01  4.02255649e-01 
 9.94311640e-07  9.10000000e-01  4.02250973e-01 
 9.95311640e-07  9.10000000e-01  4.02247220e-01 
 9.96311640e-07  9.10000000e-01  4.02244491e-01 
 9.97311640e-07  9.10000000e-01  4.02242853e-01 
 9.98311640e-07  9.10000000e-01  4.02242342e-01 
 9.99311640e-07  9.10000000e-01  4.02242962e-01 
 1.00000000e-06  9.10000000e-01  4.02244035e-01 
