 v-sweep         Vin             Vout           
 0.00000000e+00  0.00000000e+00  8.92412723e-08 
 1.80000000e-03  1.80000000e-03  9.11713501e-08 
 3.60000000e-03  3.60000000e-03  9.32538016e-08 
 5.40000000e-03  5.40000000e-03  9.54462191e-08 
 7.20000000e-03  7.20000000e-03  9.77544439e-08 
 9.00000000e-03  9.00000000e-03  1.00184629e-07 
 1.08000000e-02  1.08000000e-02  1.02743258e-07 
 1.26000000e-02  1.26000000e-02  1.05437157e-07 
 1.44000000e-02  1.44000000e-02  1.08273522e-07 
 1.62000000e-02  1.62000000e-02  1.11259929e-07 
 1.80000000e-02  1.80000000e-02  1.14404364e-07 
 1.98000000e-02  1.98000000e-02  1.17715235e-07 
 2.16000000e-02  2.16000000e-02  1.21201405e-07 
 2.34000000e-02  2.34000000e-02  1.24872208e-07 
 2.52000000e-02  2.52000000e-02  1.28737479e-07 
 2.70000000e-02  2.70000000e-02  1.32807580e-07 
 2.88000000e-02  2.88000000e-02  1.37093426e-07 
 3.06000000e-02  3.06000000e-02  1.41606520e-07 
 3.24000000e-02  3.24000000e-02  1.46358980e-07 
 3.42000000e-02  3.42000000e-02  1.51363572e-07 
 3.60000000e-02  3.60000000e-02  1.56633750e-07 
 3.78000000e-02  3.78000000e-02  1.62183686e-07 
 3.96000000e-02  3.96000000e-02  1.68028315e-07 
 4.14000000e-02  4.14000000e-02  1.74183372e-07 
 4.32000000e-02  4.32000000e-02  1.80665438e-07 
 4.50000000e-02  4.50000000e-02  1.87491983e-07 
 4.68000000e-02  4.68000000e-02  1.94681414e-07 
 4.86000000e-02  4.86000000e-02  2.02253131e-07 
 5.04000000e-02  5.04000000e-02  2.10227571e-07 
 5.22000000e-02  5.22000000e-02  2.18626274e-07 
 5.40000000e-02  5.40000000e-02  2.27471934e-07 
 5.58000000e-02  5.58000000e-02  2.36788469e-07 
 5.76000000e-02  5.76000000e-02  2.46601080e-07 
 5.94000000e-02  5.94000000e-02  2.56936327e-07 
 6.12000000e-02  6.12000000e-02  2.67822196e-07 
 6.30000000e-02  6.30000000e-02  2.79288181e-07 
 6.48000000e-02  6.48000000e-02  2.91365363e-07 
 6.66000000e-02  6.66000000e-02  3.04086498e-07 
 6.84000000e-02  6.84000000e-02  3.17486105e-07 
 7.02000000e-02  7.02000000e-02  3.31600563e-07 
 7.20000000e-02  7.20000000e-02  3.46468212e-07 
 7.38000000e-02  7.38000000e-02  3.62129457e-07 
 7.56000000e-02  7.56000000e-02  3.78626883e-07 
 7.74000000e-02  7.74000000e-02  3.96005370e-07 
 7.92000000e-02  7.92000000e-02  4.14312220e-07 
 8.10000000e-02  8.10000000e-02  4.33597287e-07 
 8.28000000e-02  8.28000000e-02  4.53913113e-07 
 8.46000000e-02  8.46000000e-02  4.75315078e-07 
 8.64000000e-02  8.64000000e-02  4.97861552e-07 
 8.82000000e-02  8.82000000e-02  5.21614056e-07 
 9.00000000e-02  9.00000000e-02  5.46637435e-07 
 9.18000000e-02  9.18000000e-02  5.73000036e-07 
 9.36000000e-02  9.36000000e-02  6.00773900e-07 
 9.54000000e-02  9.54000000e-02  6.30034962e-07 
 9.72000000e-02  9.72000000e-02  6.60863262e-07 
 9.90000000e-02  9.90000000e-02  6.93343167e-07 
 1.00800000e-01  1.00800000e-01  7.27563608e-07 
 1.02600000e-01  1.02600000e-01  7.63618329e-07 
 1.04400000e-01  1.04400000e-01  8.01606142e-07 
 1.06200000e-01  1.06200000e-01  8.41631211e-07 
 1.08000000e-01  1.08000000e-01  8.83803336e-07 
 1.09800000e-01  1.09800000e-01  9.28238265e-07 
 1.11600000e-01  1.11600000e-01  9.75058010e-07 
 1.13400000e-01  1.13400000e-01  1.02439120e-06 
 1.15200000e-01  1.15200000e-01  1.07637342e-06 
 1.17000000e-01  1.17000000e-01  1.13114762e-06 
 1.18800000e-01  1.18800000e-01  1.18886448e-06 
 1.20600000e-01  1.20600000e-01  1.24968286e-06 
 1.22400000e-01  1.22400000e-01  1.31377024e-06 
 1.24200000e-01  1.24200000e-01  1.38130317e-06 
 1.26000000e-01  1.26000000e-01  1.45246778e-06 
 1.27800000e-01  1.27800000e-01  1.52746031e-06 
 1.29600000e-01  1.29600000e-01  1.60648764e-06 
 1.31400000e-01  1.31400000e-01  1.68976787e-06 
 1.33200000e-01  1.33200000e-01  1.77753097e-06 
 1.35000000e-01  1.35000000e-01  1.87001936e-06 
 1.36800000e-01  1.36800000e-01  1.96748866e-06 
 1.38600000e-01  1.38600000e-01  2.07020836e-06 
 1.40400000e-01  1.40400000e-01  2.17846259e-06 
 1.42200000e-01  1.42200000e-01  2.29255092e-06 
 1.44000000e-01  1.44000000e-01  2.41278921e-06 
 1.45800000e-01  1.45800000e-01  2.53951049e-06 
 1.47600000e-01  1.47600000e-01  2.67306588e-06 
 1.49400000e-01  1.49400000e-01  2.81382562e-06 
 1.51200000e-01  1.51200000e-01  2.96218007e-06 
 1.53000000e-01  1.53000000e-01  3.11854083e-06 
 1.54800000e-01  1.54800000e-01  3.28334188e-06 
 1.56600000e-01  1.56600000e-01  3.45704084e-06 
 1.58400000e-01  1.58400000e-01  3.64012023e-06 
 1.60200000e-01  1.60200000e-01  3.83308882e-06 
 1.62000000e-01  1.62000000e-01  4.03648308e-06 
 1.63800000e-01  1.63800000e-01  4.25086871e-06 
 1.65600000e-01  1.65600000e-01  4.47684220e-06 
 1.67400000e-01  1.67400000e-01  4.71503252e-06 
 1.69200000e-01  1.69200000e-01  4.96610292e-06 
 1.71000000e-01  1.71000000e-01  5.23075277e-06 
 1.72800000e-01  1.72800000e-01  5.50971954e-06 
 1.74600000e-01  1.74600000e-01  5.80378090e-06 
 1.76400000e-01  1.76400000e-01  6.11375689e-06 
 1.78200000e-01  1.78200000e-01  6.44051223e-06 
 1.80000000e-01  1.80000000e-01  6.78495881e-06 
 1.81800000e-01  1.81800000e-01  7.14805819e-06 
 1.83600000e-01  1.83600000e-01  7.53082438e-06 
 1.85400000e-01  1.85400000e-01  7.93432665e-06 
 1.87200000e-01  1.87200000e-01  8.35969259e-06 
 1.89000000e-01  1.89000000e-01  8.80811127e-06 
 1.90800000e-01  1.90800000e-01  9.28083658e-06 
 1.92600000e-01  1.92600000e-01  9.77919081e-06 
 1.94400000e-01  1.94400000e-01  1.03045684e-05 
 1.96200000e-01  1.96200000e-01  1.08584397e-05 
 1.98000000e-01  1.98000000e-01  1.14423553e-05 
 1.99800000e-01  1.99800000e-01  1.20579506e-05 
 2.01600000e-01  2.01600000e-01  1.27069497e-05 
 2.03400000e-01  2.03400000e-01  1.33911713e-05 
 2.05200000e-01  2.05200000e-01  1.41125326e-05 
 2.07000000e-01  2.07000000e-01  1.48730560e-05 
 2.08800000e-01  2.08800000e-01  1.56748738e-05 
 2.10600000e-01  2.10600000e-01  1.65202346e-05 
 2.12400000e-01  2.12400000e-01  1.74115097e-05 
 2.14200000e-01  2.14200000e-01  1.83511995e-05 
 2.16000000e-01  2.16000000e-01  1.93419407e-05 
 2.17800000e-01  2.17800000e-01  2.03865138e-05 
 2.19600000e-01  2.19600000e-01  2.14878507e-05 
 2.21400000e-01  2.21400000e-01  2.26490431e-05 
 2.23200000e-01  2.23200000e-01  2.38733510e-05 
 2.25000000e-01  2.25000000e-01  2.51642118e-05 
 2.26800000e-01  2.26800000e-01  2.65252503e-05 
 2.28600000e-01  2.28600000e-01  2.79602883e-05 
 2.30400000e-01  2.30400000e-01  2.94733557e-05 
 2.32200000e-01  2.32200000e-01  3.10687014e-05 
 2.34000000e-01  2.34000000e-01  3.27508053e-05 
 2.35800000e-01  2.35800000e-01  3.45243909e-05 
 2.37600000e-01  2.37600000e-01  3.63944381e-05 
 2.39400000e-01  2.39400000e-01  3.83661974e-05 
 2.41200000e-01  2.41200000e-01  4.04452039e-05 
 2.43000000e-01  2.43000000e-01  4.26372931e-05 
 2.44800000e-01  2.44800000e-01  4.49486167e-05 
 2.46600000e-01  2.46600000e-01  4.73856598e-05 
 2.48400000e-01  2.48400000e-01  4.99552585e-05 
 2.50200000e-01  2.50200000e-01  5.26646184e-05 
 2.52000000e-01  2.52000000e-01  5.55213349e-05 
 2.53800000e-01  2.53800000e-01  5.85334136e-05 
 2.55600000e-01  2.55600000e-01  6.17092917e-05 
 2.57400000e-01  2.57400000e-01  6.50578616e-05 
 2.59200000e-01  2.59200000e-01  6.85884945e-05 
 2.61000000e-01  2.61000000e-01  7.23110655e-05 
 2.62800000e-01  2.62800000e-01  7.62359804e-05 
 2.64600000e-01  2.64600000e-01  8.03742037e-05 
 2.66400000e-01  2.66400000e-01  8.47372871e-05 
 2.68200000e-01  2.68200000e-01  8.93374009e-05 
 2.70000000e-01  2.70000000e-01  9.41873657e-05 
 2.71800000e-01  2.71800000e-01  9.93006862e-05 
 2.73600000e-01  2.73600000e-01  1.04691586e-04 
 2.75400000e-01  2.75400000e-01  1.10375047e-04 
 2.77200000e-01  2.77200000e-01  1.16366843e-04 
 2.79000000e-01  2.79000000e-01  1.22683586e-04 
 2.80800000e-01  2.80800000e-01  1.29342765e-04 
 2.82600000e-01  2.82600000e-01  1.36362792e-04 
 2.84400000e-01  2.84400000e-01  1.43763048e-04 
 2.86200000e-01  2.86200000e-01  1.51563928e-04 
 2.88000000e-01  2.88000000e-01  1.59786900e-04 
 2.89800000e-01  2.89800000e-01  1.68454547e-04 
 2.91600000e-01  2.91600000e-01  1.77590631e-04 
 2.93400000e-01  2.93400000e-01  1.87220144e-04 
 2.95200000e-01  2.95200000e-01  1.97369372e-04 
 2.97000000e-01  2.97000000e-01  2.08065955e-04 
 2.98800000e-01  2.98800000e-01  2.19338948e-04 
 3.00600000e-01  3.00600000e-01  2.31218895e-04 
 3.02400000e-01  3.02400000e-01  2.43737894e-04 
 3.04200000e-01  3.04200000e-01  2.56929666e-04 
 3.06000000e-01  3.06000000e-01  2.70829636e-04 
 3.07800000e-01  3.07800000e-01  2.85475005e-04 
 3.09600000e-01  3.09600000e-01  3.00904830e-04 
 3.11400000e-01  3.11400000e-01  3.17160105e-04 
 3.13200000e-01  3.13200000e-01  3.34283849e-04 
 3.15000000e-01  3.15000000e-01  3.52321187e-04 
 3.16800000e-01  3.16800000e-01  3.71319440e-04 
 3.18600000e-01  3.18600000e-01  3.91328220e-04 
 3.20400000e-01  3.20400000e-01  4.12399514e-04 
 3.22200000e-01  3.22200000e-01  4.34587787e-04 
 3.24000000e-01  3.24000000e-01  4.57950071e-04 
 3.25800000e-01  3.25800000e-01  4.82546068e-04 
 3.27600000e-01  3.27600000e-01  5.08438243e-04 
 3.29400000e-01  3.29400000e-01  5.35691926e-04 
 3.31200000e-01  3.31200000e-01  5.64375411e-04 
 3.33000000e-01  3.33000000e-01  5.94560055e-04 
 3.34800000e-01  3.34800000e-01  6.26320375e-04 
 3.36600000e-01  3.36600000e-01  6.59734152e-04 
 3.38400000e-01  3.38400000e-01  6.94882521e-04 
 3.40200000e-01  3.40200000e-01  7.31850068e-04 
 3.42000000e-01  3.42000000e-01  7.70724925e-04 
 3.43800000e-01  3.43800000e-01  8.11598854e-04 
 3.45600000e-01  3.45600000e-01  8.54567334e-04 
 3.47400000e-01  3.47400000e-01  8.99729642e-04 
 3.49200000e-01  3.49200000e-01  9.47188924e-04 
 3.51000000e-01  3.51000000e-01  9.97052264e-04 
 3.52800000e-01  3.52800000e-01  1.04943075e-03 
 3.54600000e-01  3.54600000e-01  1.10443950e-03 
 3.56400000e-01  3.56400000e-01  1.16219775e-03 
 3.58200000e-01  3.58200000e-01  1.22282884e-03 
 3.60000000e-01  3.60000000e-01  1.28646026e-03 
 3.61800000e-01  3.61800000e-01  1.35322365e-03 
 3.63600000e-01  3.63600000e-01  1.42325478e-03 
 3.65400000e-01  3.65400000e-01  1.49669356e-03 
 3.67200000e-01  3.67200000e-01  1.57368397e-03 
 3.69000000e-01  3.69000000e-01  1.65437402e-03 
 3.70800000e-01  3.70800000e-01  1.73891567e-03 
 3.72600000e-01  3.72600000e-01  1.82746477e-03 
 3.74400000e-01  3.74400000e-01  1.92018088e-03 
 3.76200000e-01  3.76200000e-01  2.01722721e-03 
 3.78000000e-01  3.78000000e-01  2.11877044e-03 
 3.79800000e-01  3.79800000e-01  2.22498053e-03 
 3.81600000e-01  3.81600000e-01  2.33603054e-03 
 3.83400000e-01  3.83400000e-01  2.45209641e-03 
 3.85200000e-01  3.85200000e-01  2.57335673e-03 
 3.87000000e-01  3.87000000e-01  2.69999246e-03 
 3.88800000e-01  3.88800000e-01  2.83218665e-03 
 3.90600000e-01  3.90600000e-01  2.97012416e-03 
 3.92400000e-01  3.92400000e-01  3.11399131e-03 
 3.94200000e-01  3.94200000e-01  3.26397555e-03 
 3.96000000e-01  3.96000000e-01  3.42026513e-03 
 3.97800000e-01  3.97800000e-01  3.58304867e-03 
 3.99600000e-01  3.99600000e-01  3.75251483e-03 
 4.01400000e-01  4.01400000e-01  3.92885188e-03 
 4.03200000e-01  4.03200000e-01  4.11224732e-03 
 4.05000000e-01  4.05000000e-01  4.30288745e-03 
 4.06800000e-01  4.06800000e-01  4.50095696e-03 
 4.08600000e-01  4.08600000e-01  4.70663854e-03 
 4.10400000e-01  4.10400000e-01  4.92011242e-03 
 4.12200000e-01  4.12200000e-01  5.14155599e-03 
 4.14000000e-01  4.14000000e-01  5.37114341e-03 
 4.15800000e-01  4.15800000e-01  5.60904518e-03 
 4.17600000e-01  4.17600000e-01  5.85542781e-03 
 4.19400000e-01  4.19400000e-01  6.11045342e-03 
 4.21200000e-01  4.21200000e-01  6.37427941e-03 
 4.23000000e-01  4.23000000e-01  6.64705815e-03 
 4.24800000e-01  4.24800000e-01  6.92893664e-03 
 4.26600000e-01  4.26600000e-01  7.22005628e-03 
 4.28400000e-01  4.28400000e-01  7.52055259e-03 
 4.30200000e-01  4.30200000e-01  7.83055499e-03 
 4.32000000e-01  4.32000000e-01  8.15018660e-03 
 4.33800000e-01  4.33800000e-01  8.47956410e-03 
 4.35600000e-01  4.35600000e-01  8.81879754e-03 
 4.37400000e-01  4.37400000e-01  9.16799029e-03 
 4.39200000e-01  4.39200000e-01  9.52723892e-03 
 4.41000000e-01  4.41000000e-01  9.89663315e-03 
 4.42800000e-01  4.42800000e-01  1.02762559e-02 
 4.44600000e-01  4.44600000e-01  1.06661830e-02 
 4.46400000e-01  4.46400000e-01  1.10664839e-02 
 4.48200000e-01  4.48200000e-01  1.14772208e-02 
 4.50000000e-01  4.50000000e-01  1.18984496e-02 
 4.51800000e-01  4.51800000e-01  1.23302192e-02 
 4.53600000e-01  4.53600000e-01  1.27725724e-02 
 4.55400000e-01  4.55400000e-01  1.32255456e-02 
 4.57200000e-01  4.57200000e-01  1.36891687e-02 
 4.59000000e-01  4.59000000e-01  1.41634659e-02 
 4.60800000e-01  4.60800000e-01  1.46484557e-02 
 4.62600000e-01  4.62600000e-01  1.51441505e-02 
 4.64400000e-01  4.64400000e-01  1.56505577e-02 
 4.66200000e-01  4.66200000e-01  1.61676793e-02 
 4.68000000e-01  4.68000000e-01  1.66955123e-02 
 4.69800000e-01  4.69800000e-01  1.72340491e-02 
 4.71600000e-01  4.71600000e-01  1.77832772e-02 
 4.73400000e-01  4.73400000e-01  1.83431800e-02 
 4.75200000e-01  4.75200000e-01  1.89137370e-02 
 4.77000000e-01  4.77000000e-01  1.94949234e-02 
 4.78800000e-01  4.78800000e-01  2.00867111e-02 
 4.80600000e-01  4.80600000e-01  2.06890685e-02 
 4.82400000e-01  4.82400000e-01  2.13019606e-02 
 4.84200000e-01  4.84200000e-01  2.19253497e-02 
 4.86000000e-01  4.86000000e-01  2.25591952e-02 
 4.87800000e-01  4.87800000e-01  2.32034538e-02 
 4.89600000e-01  4.89600000e-01  2.38580800e-02 
 4.91400000e-01  4.91400000e-01  2.45230261e-02 
 4.93200000e-01  4.93200000e-01  2.51982423e-02 
 4.95000000e-01  4.95000000e-01  2.58836770e-02 
 4.96800000e-01  4.96800000e-01  2.65792769e-02 
 4.98600000e-01  4.98600000e-01  2.72849894e-02 
 5.00400000e-01  5.00400000e-01  2.80007549e-02 
 5.02200000e-01  5.02200000e-01  2.87265177e-02 
 5.04000000e-01  5.04000000e-01  2.94622195e-02 
 5.05800000e-01  5.05800000e-01  3.02078011e-02 
 5.07600000e-01  5.07600000e-01  3.09632022e-02 
 5.09400000e-01  5.09400000e-01  3.17283620e-02 
 5.11200000e-01  5.11200000e-01  3.25032193e-02 
 5.13000000e-01  5.13000000e-01  3.32877119e-02 
 5.14800000e-01  5.14800000e-01  3.40817775e-02 
 5.16600000e-01  5.16600000e-01  3.48853534e-02 
 5.18400000e-01  5.18400000e-01  3.56983766e-02 
 5.20200000e-01  5.20200000e-01  3.65207839e-02 
 5.22000000e-01  5.22000000e-01  3.73525116e-02 
 5.23800000e-01  5.23800000e-01  3.81934963e-02 
 5.25600000e-01  5.25600000e-01  3.90436740e-02 
 5.27400000e-01  5.27400000e-01  3.99029808e-02 
 5.29200000e-01  5.29200000e-01  4.07713525e-02 
 5.31000000e-01  5.31000000e-01  4.16487246e-02 
 5.32800000e-01  5.32800000e-01  4.25350326e-02 
 5.34600000e-01  5.34600000e-01  4.34302112e-02 
 5.36400000e-01  5.36400000e-01  4.43341948e-02 
 5.38200000e-01  5.38200000e-01  4.52469170e-02 
 5.40000000e-01  5.40000000e-01  4.61683104e-02 
 5.41800000e-01  5.41800000e-01  4.70983060e-02 
 5.43600000e-01  5.43600000e-01  4.80368333e-02 
 5.45400000e-01  5.45400000e-01  4.89838188e-02 
 5.47200000e-01  5.47200000e-01  4.99391858e-02 
 5.49000000e-01  5.49000000e-01  5.09028526e-02 
 5.50800000e-01  5.50800000e-01  5.18747309e-02 
 5.52600000e-01  5.52600000e-01  5.28547225e-02 
 5.54400000e-01  5.54400000e-01  5.38427157e-02 
 5.56200000e-01  5.56200000e-01  5.48385786e-02 
 5.58000000e-01  5.58000000e-01  5.58421484e-02 
 5.59800000e-01  5.59800000e-01  5.68532139e-02 
 5.61600000e-01  5.61600000e-01  5.78714820e-02 
 5.63400000e-01  5.63400000e-01  5.88995986e-02 
 5.65200000e-01  5.65200000e-01  5.99305594e-02 
 5.67000000e-01  5.67000000e-01  6.09902378e-02 
 5.68800000e-01  5.68800000e-01  6.24635677e-02 
 5.70600000e-01  5.70600000e-01  6.41706227e-02 
 5.72400000e-01  5.72400000e-01  6.59173464e-02 
 5.74200000e-01  5.74200000e-01  6.76802575e-02 
 5.76000000e-01  5.76000000e-01  6.94475784e-02 
 5.77800000e-01  5.77800000e-01  7.12247097e-02 
 5.79600000e-01  5.79600000e-01  7.30038217e-02 
 5.81400000e-01  5.81400000e-01  7.47853894e-02 
 5.83200000e-01  5.83200000e-01  7.65687023e-02 
 5.85000000e-01  5.85000000e-01  7.83534239e-02 
 5.86800000e-01  5.86800000e-01  8.01392913e-02 
 5.88600000e-01  5.88600000e-01  8.19261115e-02 
 5.90400000e-01  5.90400000e-01  8.37137370e-02 
 5.92200000e-01  5.92200000e-01  8.55020527e-02 
 5.94000000e-01  5.94000000e-01  8.72909670e-02 
 5.95800000e-01  5.95800000e-01  8.90804062e-02 
 5.97600000e-01  5.97600000e-01  9.08703097e-02 
 5.99400000e-01  5.99400000e-01  9.26606272e-02 
 6.01200000e-01  6.01200000e-01  9.44513166e-02 
 6.03000000e-01  6.03000000e-01  9.62423421e-02 
 6.04800000e-01  6.04800000e-01  9.80336731e-02 
 6.06600000e-01  6.06600000e-01  9.98252833e-02 
 6.08400000e-01  6.08400000e-01  1.01617150e-01 
 6.10200000e-01  6.10200000e-01  1.03409253e-01 
 6.12000000e-01  6.12000000e-01  1.05201574e-01 
 6.13800000e-01  6.13800000e-01  1.06994099e-01 
 6.15600000e-01  6.15600000e-01  1.08786813e-01 
 6.17400000e-01  6.17400000e-01  1.10579705e-01 
 6.19200000e-01  6.19200000e-01  1.12372762e-01 
 6.21000000e-01  6.21000000e-01  1.14165975e-01 
 6.22800000e-01  6.22800000e-01  1.15959335e-01 
 6.24600000e-01  6.24600000e-01  1.17752833e-01 
 6.26400000e-01  6.26400000e-01  1.19546463e-01 
 6.28200000e-01  6.28200000e-01  1.21340216e-01 
 6.30000000e-01  6.30000000e-01  1.23134088e-01 
 6.31800000e-01  6.31800000e-01  1.24928072e-01 
 6.33600000e-01  6.33600000e-01  1.26722162e-01 
 6.35400000e-01  6.35400000e-01  1.28516355e-01 
 6.37200000e-01  6.37200000e-01  1.30310644e-01 
 6.39000000e-01  6.39000000e-01  1.32105027e-01 
 6.40800000e-01  6.40800000e-01  1.33899498e-01 
 6.42600000e-01  6.42600000e-01  1.35694055e-01 
 6.44400000e-01  6.44400000e-01  1.37488693e-01 
 6.46200000e-01  6.46200000e-01  1.39283409e-01 
 6.48000000e-01  6.48000000e-01  1.41078200e-01 
 6.49800000e-01  6.49800000e-01  1.42873063e-01 
 6.51600000e-01  6.51600000e-01  1.44667996e-01 
 6.53400000e-01  6.53400000e-01  1.46462995e-01 
 6.55200000e-01  6.55200000e-01  1.48258058e-01 
 6.57000000e-01  6.57000000e-01  1.50053183e-01 
 6.58800000e-01  6.58800000e-01  1.51848367e-01 
 6.60600000e-01  6.60600000e-01  1.53643608e-01 
 6.62400000e-01  6.62400000e-01  1.55438905e-01 
 6.64200000e-01  6.64200000e-01  1.57234254e-01 
 6.66000000e-01  6.66000000e-01  1.59029654e-01 
 6.67800000e-01  6.67800000e-01  1.60825103e-01 
 6.69600000e-01  6.69600000e-01  1.62620600e-01 
 6.71400000e-01  6.71400000e-01  1.64416143e-01 
 6.73200000e-01  6.73200000e-01  1.66211729e-01 
 6.75000000e-01  6.75000000e-01  1.68007359e-01 
 6.76800000e-01  6.76800000e-01  1.69803029e-01 
 6.78600000e-01  6.78600000e-01  1.71598739e-01 
 6.80400000e-01  6.80400000e-01  1.73394487e-01 
 6.82200000e-01  6.82200000e-01  1.75190273e-01 
 6.84000000e-01  6.84000000e-01  1.76986094e-01 
 6.85800000e-01  6.85800000e-01  1.78781950e-01 
 6.87600000e-01  6.87600000e-01  1.80577840e-01 
 6.89400000e-01  6.89400000e-01  1.82373763e-01 
 6.91200000e-01  6.91200000e-01  1.84169717e-01 
 6.93000000e-01  6.93000000e-01  1.85965701e-01 
 6.94800000e-01  6.94800000e-01  1.87761716e-01 
 6.96600000e-01  6.96600000e-01  1.89557759e-01 
 6.98400000e-01  6.98400000e-01  1.91353830e-01 
 7.00200000e-01  7.00200000e-01  1.93149928e-01 
 7.02000000e-01  7.02000000e-01  1.94946052e-01 
 7.03800000e-01  7.03800000e-01  1.96742201e-01 
 7.05600000e-01  7.05600000e-01  1.98538375e-01 
 7.07400000e-01  7.07400000e-01  2.00334573e-01 
 7.09200000e-01  7.09200000e-01  2.02130793e-01 
 7.11000000e-01  7.11000000e-01  2.03927036e-01 
 7.12800000e-01  7.12800000e-01  2.05723299e-01 
 7.14600000e-01  7.14600000e-01  2.07519584e-01 
 7.16400000e-01  7.16400000e-01  2.09315888e-01 
 7.18200000e-01  7.18200000e-01  2.11112211e-01 
 7.20000000e-01  7.20000000e-01  2.12908552e-01 
 7.21800000e-01  7.21800000e-01  2.14704911e-01 
 7.23600000e-01  7.23600000e-01  2.16501287e-01 
 7.25400000e-01  7.25400000e-01  2.18297678e-01 
 7.27200000e-01  7.27200000e-01  2.20094085e-01 
 7.29000000e-01  7.29000000e-01  2.21890507e-01 
 7.30800000e-01  7.30800000e-01  2.23686943e-01 
 7.32600000e-01  7.32600000e-01  2.25483392e-01 
 7.34400000e-01  7.34400000e-01  2.27279854e-01 
 7.36200000e-01  7.36200000e-01  2.29076328e-01 
 7.38000000e-01  7.38000000e-01  2.30872814e-01 
 7.39800000e-01  7.39800000e-01  2.32669310e-01 
 7.41600000e-01  7.41600000e-01  2.34465817e-01 
 7.43400000e-01  7.43400000e-01  2.36262333e-01 
 7.45200000e-01  7.45200000e-01  2.38058858e-01 
 7.47000000e-01  7.47000000e-01  2.39855393e-01 
 7.48800000e-01  7.48800000e-01  2.41651935e-01 
 7.50600000e-01  7.50600000e-01  2.43448484e-01 
 7.52400000e-01  7.52400000e-01  2.45245041e-01 
 7.54200000e-01  7.54200000e-01  2.47041605e-01 
 7.56000000e-01  7.56000000e-01  2.48838174e-01 
 7.57800000e-01  7.57800000e-01  2.50634750e-01 
 7.59600000e-01  7.59600000e-01  2.52431330e-01 
 7.61400000e-01  7.61400000e-01  2.54227916e-01 
 7.63200000e-01  7.63200000e-01  2.56024505e-01 
 7.65000000e-01  7.65000000e-01  2.57821099e-01 
 7.66800000e-01  7.66800000e-01  2.59617697e-01 
 7.68600000e-01  7.68600000e-01  2.61414298e-01 
 7.70400000e-01  7.70400000e-01  2.63210901e-01 
 7.72200000e-01  7.72200000e-01  2.65007508e-01 
 7.74000000e-01  7.74000000e-01  2.66804116e-01 
 7.75800000e-01  7.75800000e-01  2.68600727e-01 
 7.77600000e-01  7.77600000e-01  2.70397339e-01 
 7.79400000e-01  7.79400000e-01  2.72193952e-01 
 7.81200000e-01  7.81200000e-01  2.73990566e-01 
 7.83000000e-01  7.83000000e-01  2.75787181e-01 
 7.84800000e-01  7.84800000e-01  2.77583796e-01 
 7.86600000e-01  7.86600000e-01  2.79380412e-01 
 7.88400000e-01  7.88400000e-01  2.81177027e-01 
 7.90200000e-01  7.90200000e-01  2.82973642e-01 
 7.92000000e-01  7.92000000e-01  2.84770257e-01 
 7.93800000e-01  7.93800000e-01  2.86566871e-01 
 7.95600000e-01  7.95600000e-01  2.88363483e-01 
 7.97400000e-01  7.97400000e-01  2.90160095e-01 
 7.99200000e-01  7.99200000e-01  2.91956706e-01 
 8.01000000e-01  8.01000000e-01  2.93753315e-01 
 8.02800000e-01  8.02800000e-01  2.95549922e-01 
 8.04600000e-01  8.04600000e-01  2.97346528e-01 
 8.06400000e-01  8.06400000e-01  2.99143132e-01 
 8.08200000e-01  8.08200000e-01  3.00939734e-01 
 8.10000000e-01  8.10000000e-01  3.02736334e-01 
 8.11800000e-01  8.11800000e-01  3.04532932e-01 
 8.13600000e-01  8.13600000e-01  3.06329528e-01 
 8.15400000e-01  8.15400000e-01  3.08126121e-01 
 8.17200000e-01  8.17200000e-01  3.09922712e-01 
 8.19000000e-01  8.19000000e-01  3.11719301e-01 
 8.20800000e-01  8.20800000e-01  3.13515887e-01 
 8.22600000e-01  8.22600000e-01  3.15312470e-01 
 8.24400000e-01  8.24400000e-01  3.17109051e-01 
 8.26200000e-01  8.26200000e-01  3.18905630e-01 
 8.28000000e-01  8.28000000e-01  3.20702205e-01 
 8.29800000e-01  8.29800000e-01  3.22498778e-01 
 8.31600000e-01  8.31600000e-01  3.24295348e-01 
 8.33400000e-01  8.33400000e-01  3.26091915e-01 
 8.35200000e-01  8.35200000e-01  3.27888479e-01 
 8.37000000e-01  8.37000000e-01  3.29685040e-01 
 8.38800000e-01  8.38800000e-01  3.31481598e-01 
 8.40600000e-01  8.40600000e-01  3.33278154e-01 
 8.42400000e-01  8.42400000e-01  3.35074706e-01 
 8.44200000e-01  8.44200000e-01  3.36871255e-01 
 8.46000000e-01  8.46000000e-01  3.38667801e-01 
 8.47800000e-01  8.47800000e-01  3.40464344e-01 
 8.49600000e-01  8.49600000e-01  3.42260884e-01 
 8.51400000e-01  8.51400000e-01  3.44057421e-01 
 8.53200000e-01  8.53200000e-01  3.45853954e-01 
 8.55000000e-01  8.55000000e-01  3.47650485e-01 
 8.56800000e-01  8.56800000e-01  3.49447012e-01 
 8.58600000e-01  8.58600000e-01  3.51243536e-01 
 8.60400000e-01  8.60400000e-01  3.53040057e-01 
 8.62200000e-01  8.62200000e-01  3.54836574e-01 
 8.64000000e-01  8.64000000e-01  3.56633088e-01 
 8.65800000e-01  8.65800000e-01  3.58429599e-01 
 8.67600000e-01  8.67600000e-01  3.60226107e-01 
 8.69400000e-01  8.69400000e-01  3.62022611e-01 
 8.71200000e-01  8.71200000e-01  3.63819112e-01 
 8.73000000e-01  8.73000000e-01  3.65615609e-01 
 8.74800000e-01  8.74800000e-01  3.67412103e-01 
 8.76600000e-01  8.76600000e-01  3.69208594e-01 
 8.78400000e-01  8.78400000e-01  3.71005081e-01 
 8.80200000e-01  8.80200000e-01  3.72801565e-01 
 8.82000000e-01  8.82000000e-01  3.74598045e-01 
 8.83800000e-01  8.83800000e-01  3.76394522e-01 
 8.85600000e-01  8.85600000e-01  3.78190995e-01 
 8.87400000e-01  8.87400000e-01  3.79987465e-01 
 8.89200000e-01  8.89200000e-01  3.81783932e-01 
 8.91000000e-01  8.91000000e-01  3.83580394e-01 
 8.92800000e-01  8.92800000e-01  3.85376854e-01 
 8.94600000e-01  8.94600000e-01  3.87173309e-01 
 8.96400000e-01  8.96400000e-01  3.88969761e-01 
 8.98200000e-01  8.98200000e-01  3.90766210e-01 
 9.00000000e-01  9.00000000e-01  3.92562655e-01 
 9.01800000e-01  9.01800000e-01  3.94359096e-01 
 9.03600000e-01  9.03600000e-01  3.96155534e-01 
 9.05400000e-01  9.05400000e-01  3.97951968e-01 
 9.07200000e-01  9.07200000e-01  3.99748399e-01 
 9.09000000e-01  9.09000000e-01  4.01544825e-01 
 9.10800000e-01  9.10800000e-01  4.03341249e-01 
 9.12600000e-01  9.12600000e-01  4.05137668e-01 
 9.14400000e-01  9.14400000e-01  4.06934084e-01 
 9.16200000e-01  9.16200000e-01  4.08730496e-01 
 9.18000000e-01  9.18000000e-01  4.10526904e-01 
 9.19800000e-01  9.19800000e-01  4.12323308e-01 
 9.21600000e-01  9.21600000e-01  4.14119709e-01 
 9.23400000e-01  9.23400000e-01  4.15916106e-01 
 9.25200000e-01  9.25200000e-01  4.17712499e-01 
 9.27000000e-01  9.27000000e-01  4.19508888e-01 
 9.28800000e-01  9.28800000e-01  4.21305274e-01 
 9.30600000e-01  9.30600000e-01  4.23101656e-01 
 9.32400000e-01  9.32400000e-01  4.24898034e-01 
 9.34200000e-01  9.34200000e-01  4.26694408e-01 
 9.36000000e-01  9.36000000e-01  4.28490778e-01 
 9.37800000e-01  9.37800000e-01  4.30287144e-01 
 9.39600000e-01  9.39600000e-01  4.32083506e-01 
 9.41400000e-01  9.41400000e-01  4.33879865e-01 
 9.43200000e-01  9.43200000e-01  4.35676219e-01 
 9.45000000e-01  9.45000000e-01  4.37472570e-01 
 9.46800000e-01  9.46800000e-01  4.39268916e-01 
 9.48600000e-01  9.48600000e-01  4.41065259e-01 
 9.50400000e-01  9.50400000e-01  4.42861598e-01 
 9.52200000e-01  9.52200000e-01  4.44657932e-01 
 9.54000000e-01  9.54000000e-01  4.46454263e-01 
 9.55800000e-01  9.55800000e-01  4.48250590e-01 
 9.57600000e-01  9.57600000e-01  4.50046912e-01 
 9.59400000e-01  9.59400000e-01  4.51843231e-01 
 9.61200000e-01  9.61200000e-01  4.53639545e-01 
 9.63000000e-01  9.63000000e-01  4.55435856e-01 
 9.64800000e-01  9.64800000e-01  4.57232162e-01 
 9.66600000e-01  9.66600000e-01  4.59028464e-01 
 9.68400000e-01  9.68400000e-01  4.60824762e-01 
 9.70200000e-01  9.70200000e-01  4.62621056e-01 
 9.72000000e-01  9.72000000e-01  4.64417346e-01 
 9.73800000e-01  9.73800000e-01  4.66213631e-01 
 9.75600000e-01  9.75600000e-01  4.68009913e-01 
 9.77400000e-01  9.77400000e-01  4.69806190e-01 
 9.79200000e-01  9.79200000e-01  4.71602463e-01 
 9.81000000e-01  9.81000000e-01  4.73398732e-01 
 9.82800000e-01  9.82800000e-01  4.75194996e-01 
 9.84600000e-01  9.84600000e-01  4.76991257e-01 
 9.86400000e-01  9.86400000e-01  4.78787513e-01 
 9.88200000e-01  9.88200000e-01  4.80583765e-01 
 9.90000000e-01  9.90000000e-01  4.82380012e-01 
 9.91800000e-01  9.91800000e-01  4.84176255e-01 
 9.93600000e-01  9.93600000e-01  4.85972494e-01 
 9.95400000e-01  9.95400000e-01  4.87768728e-01 
 9.97200000e-01  9.97200000e-01  4.89564958e-01 
 9.99000000e-01  9.99000000e-01  4.91361184e-01 
 1.00080000e+00  1.00080000e+00  4.93157405e-01 
 1.00260000e+00  1.00260000e+00  4.94953622e-01 
 1.00440000e+00  1.00440000e+00  4.96749835e-01 
 1.00620000e+00  1.00620000e+00  4.98546043e-01 
 1.00800000e+00  1.00800000e+00  5.00342246e-01 
 1.00980000e+00  1.00980000e+00  5.02138445e-01 
 1.01160000e+00  1.01160000e+00  5.03934640e-01 
 1.01340000e+00  1.01340000e+00  5.05730830e-01 
 1.01520000e+00  1.01520000e+00  5.07527016e-01 
 1.01700000e+00  1.01700000e+00  5.09323197e-01 
 1.01880000e+00  1.01880000e+00  5.11119373e-01 
 1.02060000e+00  1.02060000e+00  5.12915545e-01 
 1.02240000e+00  1.02240000e+00  5.14711712e-01 
 1.02420000e+00  1.02420000e+00  5.16507875e-01 
 1.02600000e+00  1.02600000e+00  5.18304033e-01 
 1.02780000e+00  1.02780000e+00  5.20100187e-01 
 1.02960000e+00  1.02960000e+00  5.21896335e-01 
 1.03140000e+00  1.03140000e+00  5.23692480e-01 
 1.03320000e+00  1.03320000e+00  5.25488619e-01 
 1.03500000e+00  1.03500000e+00  5.27284754e-01 
 1.03680000e+00  1.03680000e+00  5.29080884e-01 
 1.03860000e+00  1.03860000e+00  5.30877009e-01 
 1.04040000e+00  1.04040000e+00  5.32673130e-01 
 1.04220000e+00  1.04220000e+00  5.34469245e-01 
 1.04400000e+00  1.04400000e+00  5.36265356e-01 
 1.04580000e+00  1.04580000e+00  5.38061462e-01 
 1.04760000e+00  1.04760000e+00  5.39857564e-01 
 1.04940000e+00  1.04940000e+00  5.41653660e-01 
 1.05120000e+00  1.05120000e+00  5.43449752e-01 
 1.05300000e+00  1.05300000e+00  5.45245839e-01 
 1.05480000e+00  1.05480000e+00  5.47041920e-01 
 1.05660000e+00  1.05660000e+00  5.48837997e-01 
 1.05840000e+00  1.05840000e+00  5.50634069e-01 
 1.06020000e+00  1.06020000e+00  5.52430136e-01 
 1.06200000e+00  1.06200000e+00  5.54226198e-01 
 1.06380000e+00  1.06380000e+00  5.56022255e-01 
 1.06560000e+00  1.06560000e+00  5.57818307e-01 
 1.06740000e+00  1.06740000e+00  5.59614354e-01 
 1.06920000e+00  1.06920000e+00  5.61410396e-01 
 1.07100000e+00  1.07100000e+00  5.63206433e-01 
 1.07280000e+00  1.07280000e+00  5.65002465e-01 
 1.07460000e+00  1.07460000e+00  5.66798492e-01 
 1.07640000e+00  1.07640000e+00  5.68594513e-01 
 1.07820000e+00  1.07820000e+00  5.70390530e-01 
 1.08000000e+00  1.08000000e+00  5.72186541e-01 
 1.08180000e+00  1.08180000e+00  5.73982547e-01 
 1.08360000e+00  1.08360000e+00  5.75778548e-01 
 1.08540000e+00  1.08540000e+00  5.77574544e-01 
 1.08720000e+00  1.08720000e+00  5.79370534e-01 
 1.08900000e+00  1.08900000e+00  5.81166519e-01 
 1.09080000e+00  1.09080000e+00  5.82962499e-01 
 1.09260000e+00  1.09260000e+00  5.84758474e-01 
 1.09440000e+00  1.09440000e+00  5.86554443e-01 
 1.09620000e+00  1.09620000e+00  5.88350407e-01 
 1.09800000e+00  1.09800000e+00  5.90146365e-01 
 1.09980000e+00  1.09980000e+00  5.91942318e-01 
 1.10160000e+00  1.10160000e+00  5.93738266e-01 
 1.10340000e+00  1.10340000e+00  5.95534208e-01 
 1.10520000e+00  1.10520000e+00  5.97330145e-01 
 1.10700000e+00  1.10700000e+00  5.99126076e-01 
 1.10880000e+00  1.10880000e+00  6.00922002e-01 
 1.11060000e+00  1.11060000e+00  6.02717923e-01 
 1.11240000e+00  1.11240000e+00  6.04513837e-01 
 1.11420000e+00  1.11420000e+00  6.06309747e-01 
 1.11600000e+00  1.11600000e+00  6.08105650e-01 
 1.11780000e+00  1.11780000e+00  6.09901548e-01 
 1.11960000e+00  1.11960000e+00  6.11697441e-01 
 1.12140000e+00  1.12140000e+00  6.13493327e-01 
 1.12320000e+00  1.12320000e+00  6.15289208e-01 
 1.12500000e+00  1.12500000e+00  6.17085084e-01 
 1.12680000e+00  1.12680000e+00  6.18880953e-01 
 1.12860000e+00  1.12860000e+00  6.20676817e-01 
 1.13040000e+00  1.13040000e+00  6.22472675e-01 
 1.13220000e+00  1.13220000e+00  6.24268528e-01 
 1.13400000e+00  1.13400000e+00  6.26064374e-01 
 1.13580000e+00  1.13580000e+00  6.27860215e-01 
 1.13760000e+00  1.13760000e+00  6.29656050e-01 
 1.13940000e+00  1.13940000e+00  6.31451879e-01 
 1.14120000e+00  1.14120000e+00  6.33247702e-01 
 1.14300000e+00  1.14300000e+00  6.35043519e-01 
 1.14480000e+00  1.14480000e+00  6.36839330e-01 
 1.14660000e+00  1.14660000e+00  6.38635135e-01 
 1.14840000e+00  1.14840000e+00  6.40430935e-01 
 1.15020000e+00  1.15020000e+00  6.42226728e-01 
 1.15200000e+00  1.15200000e+00  6.44022515e-01 
 1.15380000e+00  1.15380000e+00  6.45818296e-01 
 1.15560000e+00  1.15560000e+00  6.47614071e-01 
 1.15740000e+00  1.15740000e+00  6.49409839e-01 
 1.15920000e+00  1.15920000e+00  6.51205602e-01 
 1.16100000e+00  1.16100000e+00  6.53001358e-01 
 1.16280000e+00  1.16280000e+00  6.54797109e-01 
 1.16460000e+00  1.16460000e+00  6.56592852e-01 
 1.16640000e+00  1.16640000e+00  6.58388590e-01 
 1.16820000e+00  1.16820000e+00  6.60184322e-01 
 1.17000000e+00  1.17000000e+00  6.61980047e-01 
 1.17180000e+00  1.17180000e+00  6.63775765e-01 
 1.17360000e+00  1.17360000e+00  6.65571478e-01 
 1.17540000e+00  1.17540000e+00  6.67367184e-01 
 1.17720000e+00  1.17720000e+00  6.69162883e-01 
 1.17900000e+00  1.17900000e+00  6.70958576e-01 
 1.18080000e+00  1.18080000e+00  6.72754263e-01 
 1.18260000e+00  1.18260000e+00  6.74549943e-01 
 1.18440000e+00  1.18440000e+00  6.76345616e-01 
 1.18620000e+00  1.18620000e+00  6.78141283e-01 
 1.18800000e+00  1.18800000e+00  6.79936944e-01 
 1.18980000e+00  1.18980000e+00  6.81732597e-01 
 1.19160000e+00  1.19160000e+00  6.83528245e-01 
 1.19340000e+00  1.19340000e+00  6.85323885e-01 
 1.19520000e+00  1.19520000e+00  6.87119519e-01 
 1.19700000e+00  1.19700000e+00  6.88915146e-01 
 1.19880000e+00  1.19880000e+00  6.90710766e-01 
 1.20060000e+00  1.20060000e+00  6.92506379e-01 
 1.20240000e+00  1.20240000e+00  6.94301986e-01 
 1.20420000e+00  1.20420000e+00  6.96097585e-01 
 1.20600000e+00  1.20600000e+00  6.97893178e-01 
 1.20780000e+00  1.20780000e+00  6.99688764e-01 
 1.20960000e+00  1.20960000e+00  7.01484343e-01 
 1.21140000e+00  1.21140000e+00  7.03279915e-01 
 1.21320000e+00  1.21320000e+00  7.05075479e-01 
 1.21500000e+00  1.21500000e+00  7.06871037e-01 
 1.21680000e+00  1.21680000e+00  7.08666588e-01 
 1.21860000e+00  1.21860000e+00  7.10462132e-01 
 1.22040000e+00  1.22040000e+00  7.12257668e-01 
 1.22220000e+00  1.22220000e+00  7.14053197e-01 
 1.22400000e+00  1.22400000e+00  7.15848719e-01 
 1.22580000e+00  1.22580000e+00  7.17644234e-01 
 1.22760000e+00  1.22760000e+00  7.19439742e-01 
 1.22940000e+00  1.22940000e+00  7.21235242e-01 
 1.23120000e+00  1.23120000e+00  7.23030735e-01 
 1.23300000e+00  1.23300000e+00  7.24826220e-01 
 1.23480000e+00  1.23480000e+00  7.26621698e-01 
 1.23660000e+00  1.23660000e+00  7.28417169e-01 
 1.23840000e+00  1.23840000e+00  7.30212632e-01 
 1.24020000e+00  1.24020000e+00  7.32008087e-01 
 1.24200000e+00  1.24200000e+00  7.33803535e-01 
 1.24380000e+00  1.24380000e+00  7.35598976e-01 
 1.24560000e+00  1.24560000e+00  7.37394409e-01 
 1.24740000e+00  1.24740000e+00  7.39189834e-01 
 1.24920000e+00  1.24920000e+00  7.40985251e-01 
 1.25100000e+00  1.25100000e+00  7.42780661e-01 
 1.25280000e+00  1.25280000e+00  7.44576063e-01 
 1.25460000e+00  1.25460000e+00  7.46371457e-01 
 1.25640000e+00  1.25640000e+00  7.48166843e-01 
 1.25820000e+00  1.25820000e+00  7.49962221e-01 
 1.26000000e+00  1.26000000e+00  7.51757591e-01 
 1.26180000e+00  1.26180000e+00  7.53552954e-01 
 1.26360000e+00  1.26360000e+00  7.55348308e-01 
 1.26540000e+00  1.26540000e+00  7.57143654e-01 
 1.26720000e+00  1.26720000e+00  7.58938993e-01 
 1.26900000e+00  1.26900000e+00  7.60734323e-01 
 1.27080000e+00  1.27080000e+00  7.62529645e-01 
 1.27260000e+00  1.27260000e+00  7.64324958e-01 
 1.27440000e+00  1.27440000e+00  7.66120264e-01 
 1.27620000e+00  1.27620000e+00  7.67915561e-01 
 1.27800000e+00  1.27800000e+00  7.69710850e-01 
 1.27980000e+00  1.27980000e+00  7.71506130e-01 
 1.28160000e+00  1.28160000e+00  7.73301402e-01 
 1.28340000e+00  1.28340000e+00  7.75096666e-01 
 1.28520000e+00  1.28520000e+00  7.76891921e-01 
 1.28700000e+00  1.28700000e+00  7.78687167e-01 
 1.28880000e+00  1.28880000e+00  7.80482405e-01 
 1.29060000e+00  1.29060000e+00  7.82277635e-01 
 1.29240000e+00  1.29240000e+00  7.84072855e-01 
 1.29420000e+00  1.29420000e+00  7.85868067e-01 
 1.29600000e+00  1.29600000e+00  7.87663270e-01 
 1.29780000e+00  1.29780000e+00  7.89458464e-01 
 1.29960000e+00  1.29960000e+00  7.91253650e-01 
 1.30140000e+00  1.30140000e+00  7.93048826e-01 
 1.30320000e+00  1.30320000e+00  7.94843994e-01 
 1.30500000e+00  1.30500000e+00  7.96639152e-01 
 1.30680000e+00  1.30680000e+00  7.98434302e-01 
 1.30860000e+00  1.30860000e+00  8.00229442e-01 
 1.31040000e+00  1.31040000e+00  8.02024574e-01 
 1.31220000e+00  1.31220000e+00  8.03819696e-01 
 1.31400000e+00  1.31400000e+00  8.05614809e-01 
 1.31580000e+00  1.31580000e+00  8.07409912e-01 
 1.31760000e+00  1.31760000e+00  8.09205006e-01 
 1.31940000e+00  1.31940000e+00  8.11000091e-01 
 1.32120000e+00  1.32120000e+00  8.12795166e-01 
 1.32300000e+00  1.32300000e+00  8.14590232e-01 
 1.32480000e+00  1.32480000e+00  8.16385289e-01 
 1.32660000e+00  1.32660000e+00  8.18180335e-01 
 1.32840000e+00  1.32840000e+00  8.19975372e-01 
 1.33020000e+00  1.33020000e+00  8.21770400e-01 
 1.33200000e+00  1.33200000e+00  8.23565417e-01 
 1.33380000e+00  1.33380000e+00  8.25360425e-01 
 1.33560000e+00  1.33560000e+00  8.27155423e-01 
 1.33740000e+00  1.33740000e+00  8.28950411e-01 
 1.33920000e+00  1.33920000e+00  8.30745389e-01 
 1.34100000e+00  1.34100000e+00  8.32540357e-01 
 1.34280000e+00  1.34280000e+00  8.34335315e-01 
 1.34460000e+00  1.34460000e+00  8.36130263e-01 
 1.34640000e+00  1.34640000e+00  8.37925200e-01 
 1.34820000e+00  1.34820000e+00  8.39720127e-01 
 1.35000000e+00  1.35000000e+00  8.41515044e-01 
 1.35180000e+00  1.35180000e+00  8.43309951e-01 
 1.35360000e+00  1.35360000e+00  8.45104847e-01 
 1.35540000e+00  1.35540000e+00  8.46899733e-01 
 1.35720000e+00  1.35720000e+00  8.48694608e-01 
 1.35900000e+00  1.35900000e+00  8.50489472e-01 
 1.36080000e+00  1.36080000e+00  8.52284326e-01 
 1.36260000e+00  1.36260000e+00  8.54079169e-01 
 1.36440000e+00  1.36440000e+00  8.55874001e-01 
 1.36620000e+00  1.36620000e+00  8.57668823e-01 
 1.36800000e+00  1.36800000e+00  8.59463633e-01 
 1.36980000e+00  1.36980000e+00  8.61258432e-01 
 1.37160000e+00  1.37160000e+00  8.63053221e-01 
 1.37340000e+00  1.37340000e+00  8.64847998e-01 
 1.37520000e+00  1.37520000e+00  8.66642764e-01 
 1.37700000e+00  1.37700000e+00  8.68437519e-01 
 1.37880000e+00  1.37880000e+00  8.70232262e-01 
 1.38060000e+00  1.38060000e+00  8.72026994e-01 
 1.38240000e+00  1.38240000e+00  8.73821715e-01 
 1.38420000e+00  1.38420000e+00  8.75616424e-01 
 1.38600000e+00  1.38600000e+00  8.77411121e-01 
 1.38780000e+00  1.38780000e+00  8.79205807e-01 
 1.38960000e+00  1.38960000e+00  8.81000480e-01 
 1.39140000e+00  1.39140000e+00  8.82795143e-01 
 1.39320000e+00  1.39320000e+00  8.84589793e-01 
 1.39500000e+00  1.39500000e+00  8.86384431e-01 
 1.39680000e+00  1.39680000e+00  8.88179057e-01 
 1.39860000e+00  1.39860000e+00  8.89973671e-01 
 1.40040000e+00  1.40040000e+00  8.91768273e-01 
 1.40220000e+00  1.40220000e+00  8.93562862e-01 
 1.40400000e+00  1.40400000e+00  8.95357439e-01 
 1.40580000e+00  1.40580000e+00  8.97152004e-01 
 1.40760000e+00  1.40760000e+00  8.98946556e-01 
 1.40940000e+00  1.40940000e+00  9.00741095e-01 
 1.41120000e+00  1.41120000e+00  9.02535622e-01 
 1.41300000e+00  1.41300000e+00  9.04330136e-01 
 1.41480000e+00  1.41480000e+00  9.06124637e-01 
 1.41660000e+00  1.41660000e+00  9.07919125e-01 
 1.41840000e+00  1.41840000e+00  9.09713600e-01 
 1.42020000e+00  1.42020000e+00  9.11508062e-01 
 1.42200000e+00  1.42200000e+00  9.13302511e-01 
 1.42380000e+00  1.42380000e+00  9.15096946e-01 
 1.42560000e+00  1.42560000e+00  9.16891368e-01 
 1.42740000e+00  1.42740000e+00  9.18685777e-01 
 1.42920000e+00  1.42920000e+00  9.20480171e-01 
 1.43100000e+00  1.43100000e+00  9.22274553e-01 
 1.43280000e+00  1.43280000e+00  9.24068920e-01 
 1.43460000e+00  1.43460000e+00  9.25863273e-01 
 1.43640000e+00  1.43640000e+00  9.27657613e-01 
 1.43820000e+00  1.43820000e+00  9.29451938e-01 
 1.44000000e+00  1.44000000e+00  9.31246249e-01 
 1.44180000e+00  1.44180000e+00  9.33040546e-01 
 1.44360000e+00  1.44360000e+00  9.34834829e-01 
 1.44540000e+00  1.44540000e+00  9.36629096e-01 
 1.44720000e+00  1.44720000e+00  9.38423350e-01 
 1.44900000e+00  1.44900000e+00  9.40217588e-01 
 1.45080000e+00  1.45080000e+00  9.42011812e-01 
 1.45260000e+00  1.45260000e+00  9.43806020e-01 
 1.45440000e+00  1.45440000e+00  9.45600214e-01 
 1.45620000e+00  1.45620000e+00  9.47394392e-01 
 1.45800000e+00  1.45800000e+00  9.49188555e-01 
 1.45980000e+00  1.45980000e+00  9.50982702e-01 
 1.46160000e+00  1.46160000e+00  9.52776834e-01 
 1.46340000e+00  1.46340000e+00  9.54570950e-01 
 1.46520000e+00  1.46520000e+00  9.56365050e-01 
 1.46700000e+00  1.46700000e+00  9.58159134e-01 
 1.46880000e+00  1.46880000e+00  9.59953202e-01 
 1.47060000e+00  1.47060000e+00  9.61747253e-01 
 1.47240000e+00  1.47240000e+00  9.63541288e-01 
 1.47420000e+00  1.47420000e+00  9.65335306e-01 
 1.47600000e+00  1.47600000e+00  9.67129308e-01 
 1.47780000e+00  1.47780000e+00  9.68923292e-01 
 1.47960000e+00  1.47960000e+00  9.70717259e-01 
 1.48140000e+00  1.48140000e+00  9.72511209e-01 
 1.48320000e+00  1.48320000e+00  9.74305141e-01 
 1.48500000e+00  1.48500000e+00  9.76099055e-01 
 1.48680000e+00  1.48680000e+00  9.77892951e-01 
 1.48860000e+00  1.48860000e+00  9.79686829e-01 
 1.49040000e+00  1.49040000e+00  9.81480688e-01 
 1.49220000e+00  1.49220000e+00  9.83274529e-01 
 1.49400000e+00  1.49400000e+00  9.85068351e-01 
 1.49580000e+00  1.49580000e+00  9.86862153e-01 
 1.49760000e+00  1.49760000e+00  9.88655936e-01 
 1.49940000e+00  1.49940000e+00  9.90449698e-01 
 1.50120000e+00  1.50120000e+00  9.92243441e-01 
 1.50300000e+00  1.50300000e+00  9.94037162e-01 
 1.50480000e+00  1.50480000e+00  9.95830863e-01 
 1.50660000e+00  1.50660000e+00  9.97624542e-01 
 1.50840000e+00  1.50840000e+00  9.99418199e-01 
 1.51020000e+00  1.51020000e+00  1.00121183e+00 
 1.51200000e+00  1.51200000e+00  1.00300544e+00 
 1.51380000e+00  1.51380000e+00  1.00479903e+00 
 1.51560000e+00  1.51560000e+00  1.00659259e+00 
 1.51740000e+00  1.51740000e+00  1.00838613e+00 
 1.51920000e+00  1.51920000e+00  1.01017964e+00 
 1.52100000e+00  1.52100000e+00  1.01197313e+00 
 1.52280000e+00  1.52280000e+00  1.01376659e+00 
 1.52460000e+00  1.52460000e+00  1.01556001e+00 
 1.52640000e+00  1.52640000e+00  1.01735341e+00 
 1.52820000e+00  1.52820000e+00  1.01914677e+00 
 1.53000000e+00  1.53000000e+00  1.02094010e+00 
 1.53180000e+00  1.53180000e+00  1.02273340e+00 
 1.53360000e+00  1.53360000e+00  1.02452666e+00 
 1.53540000e+00  1.53540000e+00  1.02631987e+00 
 1.53720000e+00  1.53720000e+00  1.02811305e+00 
 1.53900000e+00  1.53900000e+00  1.02990617e+00 
 1.54080000e+00  1.54080000e+00  1.03169925e+00 
 1.54260000e+00  1.54260000e+00  1.03349228e+00 
 1.54440000e+00  1.54440000e+00  1.03528525e+00 
 1.54620000e+00  1.54620000e+00  1.03707815e+00 
 1.54800000e+00  1.54800000e+00  1.03887099e+00 
 1.54980000e+00  1.54980000e+00  1.04066376e+00 
 1.55160000e+00  1.55160000e+00  1.04245646e+00 
 1.55340000e+00  1.55340000e+00  1.04424907e+00 
 1.55520000e+00  1.55520000e+00  1.04604159e+00 
 1.55700000e+00  1.55700000e+00  1.04783402e+00 
 1.55880000e+00  1.55880000e+00  1.04962636e+00 
 1.56060000e+00  1.56060000e+00  1.05141858e+00 
 1.56240000e+00  1.56240000e+00  1.05321070e+00 
 1.56420000e+00  1.56420000e+00  1.05500270e+00 
 1.56600000e+00  1.56600000e+00  1.05679457e+00 
 1.56780000e+00  1.56780000e+00  1.05858632e+00 
 1.56960000e+00  1.56960000e+00  1.06037793e+00 
 1.57140000e+00  1.57140000e+00  1.06216939e+00 
 1.57320000e+00  1.57320000e+00  1.06396071e+00 
 1.57500000e+00  1.57500000e+00  1.06575186e+00 
 1.57680000e+00  1.57680000e+00  1.06754285e+00 
 1.57860000e+00  1.57860000e+00  1.06933366e+00 
 1.58040000e+00  1.58040000e+00  1.07112428e+00 
 1.58220000e+00  1.58220000e+00  1.07291471e+00 
 1.58400000e+00  1.58400000e+00  1.07470493e+00 
 1.58580000e+00  1.58580000e+00  1.07649492e+00 
 1.58760000e+00  1.58760000e+00  1.07828468e+00 
 1.58940000e+00  1.58940000e+00  1.08007420e+00 
 1.59120000e+00  1.59120000e+00  1.08186345e+00 
 1.59300000e+00  1.59300000e+00  1.08365241e+00 
 1.59480000e+00  1.59480000e+00  1.08544109e+00 
 1.59660000e+00  1.59660000e+00  1.08722944e+00 
 1.59840000e+00  1.59840000e+00  1.08901746e+00 
 1.60020000e+00  1.60020000e+00  1.09080512e+00 
 1.60200000e+00  1.60200000e+00  1.09259239e+00 
 1.60380000e+00  1.60380000e+00  1.09437927e+00 
 1.60560000e+00  1.60560000e+00  1.09616570e+00 
 1.60740000e+00  1.60740000e+00  1.09795168e+00 
 1.60920000e+00  1.60920000e+00  1.09973717e+00 
 1.61100000e+00  1.61100000e+00  1.10152213e+00 
 1.61280000e+00  1.61280000e+00  1.10330653e+00 
 1.61460000e+00  1.61460000e+00  1.10509033e+00 
 1.61640000e+00  1.61640000e+00  1.10687349e+00 
 1.61820000e+00  1.61820000e+00  1.10865598e+00 
 1.62000000e+00  1.62000000e+00  1.11043774e+00 
 1.62180000e+00  1.62180000e+00  1.11221873e+00 
 1.62360000e+00  1.62360000e+00  1.11399889e+00 
 1.62540000e+00  1.62540000e+00  1.11577817e+00 
 1.62720000e+00  1.62720000e+00  1.11755650e+00 
 1.62900000e+00  1.62900000e+00  1.11933384e+00 
 1.63080000e+00  1.63080000e+00  1.12111009e+00 
 1.63260000e+00  1.63260000e+00  1.12288521e+00 
 1.63440000e+00  1.63440000e+00  1.12465910e+00 
 1.63620000e+00  1.63620000e+00  1.12643168e+00 
 1.63800000e+00  1.63800000e+00  1.12820288e+00 
 1.63980000e+00  1.63980000e+00  1.12997258e+00 
 1.64160000e+00  1.64160000e+00  1.13174070e+00 
 1.64340000e+00  1.64340000e+00  1.13350713e+00 
 1.64520000e+00  1.64520000e+00  1.13527175e+00 
 1.64700000e+00  1.64700000e+00  1.13703445e+00 
 1.64880000e+00  1.64880000e+00  1.13879509e+00 
 1.65060000e+00  1.65060000e+00  1.14055354e+00 
 1.65240000e+00  1.65240000e+00  1.14230965e+00 
 1.65420000e+00  1.65420000e+00  1.14406328e+00 
 1.65600000e+00  1.65600000e+00  1.14581426e+00 
 1.65780000e+00  1.65780000e+00  1.14756241e+00 
 1.65960000e+00  1.65960000e+00  1.14930756e+00 
 1.66140000e+00  1.66140000e+00  1.15104950e+00 
 1.66320000e+00  1.66320000e+00  1.15278804e+00 
 1.66500000e+00  1.66500000e+00  1.15452296e+00 
 1.66680000e+00  1.66680000e+00  1.15625403e+00 
 1.66860000e+00  1.66860000e+00  1.15798100e+00 
 1.67040000e+00  1.67040000e+00  1.15970363e+00 
 1.67220000e+00  1.67220000e+00  1.16142164e+00 
 1.67400000e+00  1.67400000e+00  1.16313476e+00 
 1.67580000e+00  1.67580000e+00  1.16484269e+00 
 1.67760000e+00  1.67760000e+00  1.16654512e+00 
 1.67940000e+00  1.67940000e+00  1.16824172e+00 
 1.68120000e+00  1.68120000e+00  1.16993215e+00 
 1.68300000e+00  1.68300000e+00  1.17161607e+00 
 1.68480000e+00  1.68480000e+00  1.17329311e+00 
 1.68660000e+00  1.68660000e+00  1.17496287e+00 
 1.68840000e+00  1.68840000e+00  1.17662497e+00 
 1.69020000e+00  1.69020000e+00  1.17827898e+00 
 1.69200000e+00  1.69200000e+00  1.17992449e+00 
 1.69380000e+00  1.69380000e+00  1.18156105e+00 
 1.69560000e+00  1.69560000e+00  1.18318821e+00 
 1.69740000e+00  1.69740000e+00  1.18480551e+00 
 1.69920000e+00  1.69920000e+00  1.18641247e+00 
 1.70100000e+00  1.70100000e+00  1.18800860e+00 
 1.70280000e+00  1.70280000e+00  1.18959342e+00 
 1.70460000e+00  1.70460000e+00  1.19116642e+00 
 1.70640000e+00  1.70640000e+00  1.19272710e+00 
 1.70820000e+00  1.70820000e+00  1.19427494e+00 
 1.71000000e+00  1.71000000e+00  1.19580944e+00 
 1.71180000e+00  1.71180000e+00  1.19733007e+00 
 1.71360000e+00  1.71360000e+00  1.19883633e+00 
 1.71540000e+00  1.71540000e+00  1.20032772e+00 
 1.71720000e+00  1.71720000e+00  1.20180373e+00 
 1.71900000e+00  1.71900000e+00  1.20326387e+00 
 1.72080000e+00  1.72080000e+00  1.20470765e+00 
 1.72260000e+00  1.72260000e+00  1.20613462e+00 
 1.72440000e+00  1.72440000e+00  1.20754432e+00 
 1.72620000e+00  1.72620000e+00  1.20893630e+00 
 1.72800000e+00  1.72800000e+00  1.21031016e+00 
 1.72980000e+00  1.72980000e+00  1.21166548e+00 
 1.73160000e+00  1.73160000e+00  1.21300190e+00 
 1.73340000e+00  1.73340000e+00  1.21431906e+00 
 1.73520000e+00  1.73520000e+00  1.21561663e+00 
 1.73700000e+00  1.73700000e+00  1.21689431e+00 
 1.73880000e+00  1.73880000e+00  1.21815180e+00 
 1.74060000e+00  1.74060000e+00  1.21938886e+00 
 1.74240000e+00  1.74240000e+00  1.22060525e+00 
 1.74420000e+00  1.74420000e+00  1.22180077e+00 
 1.74600000e+00  1.74600000e+00  1.22297525e+00 
 1.74780000e+00  1.74780000e+00  1.22412854e+00 
 1.74960000e+00  1.74960000e+00  1.22526052e+00 
 1.75140000e+00  1.75140000e+00  1.22637110e+00 
 1.75320000e+00  1.75320000e+00  1.22746022e+00 
 1.75500000e+00  1.75500000e+00  1.22852785e+00 
 1.75680000e+00  1.75680000e+00  1.22957398e+00 
 1.75860000e+00  1.75860000e+00  1.23059865e+00 
 1.76040000e+00  1.76040000e+00  1.23160193e+00 
 1.76220000e+00  1.76220000e+00  1.23258389e+00 
 1.76400000e+00  1.76400000e+00  1.23354465e+00 
 1.76580000e+00  1.76580000e+00  1.23448437e+00 
 1.76760000e+00  1.76760000e+00  1.23540320e+00 
 1.76940000e+00  1.76940000e+00  1.23630136e+00 
 1.77120000e+00  1.77120000e+00  1.23717906e+00 
 1.77300000e+00  1.77300000e+00  1.23803653e+00 
 1.77480000e+00  1.77480000e+00  1.23887405e+00 
 1.77660000e+00  1.77660000e+00  1.23969188e+00 
 1.77840000e+00  1.77840000e+00  1.24049033e+00 
 1.78020000e+00  1.78020000e+00  1.24126970e+00 
 1.78200000e+00  1.78200000e+00  1.24203031e+00 
 1.78380000e+00  1.78380000e+00  1.24277250e+00 
 1.78560000e+00  1.78560000e+00  1.24349660e+00 
 1.78740000e+00  1.78740000e+00  1.24420298e+00 
 1.78920000e+00  1.78920000e+00  1.24489197e+00 
 1.79100000e+00  1.79100000e+00  1.24556395e+00 
 1.79280000e+00  1.79280000e+00  1.24621928e+00 
 1.79460000e+00  1.79460000e+00  1.24685832e+00 
 1.79640000e+00  1.79640000e+00  1.24748143e+00 
 1.79820000e+00  1.79820000e+00  1.24808900e+00 
 1.80000000e+00  1.80000000e+00  1.24868138e+00 
