 frequency       AmagdB          Aphdeg         
 1.00000000e+05 -1.68892649e-02 -1.22225251e-02 
 1.01152151e+05 -1.68865724e-02 -1.23633517e-02 
 1.02317577e+05 -1.68838175e-02 -1.25058010e-02 
 1.03496431e+05 -1.68809987e-02 -1.26498917e-02 
 1.04688866e+05 -1.68781147e-02 -1.27956427e-02 
 1.05895041e+05 -1.68751638e-02 -1.29430732e-02 
 1.07115112e+05 -1.68721445e-02 -1.30922024e-02 
 1.08349240e+05 -1.68690552e-02 -1.32430501e-02 
 1.09597588e+05 -1.68658943e-02 -1.33956359e-02 
 1.10860318e+05 -1.68626602e-02 -1.35499800e-02 
 1.12137597e+05 -1.68593511e-02 -1.37061025e-02 
 1.13429592e+05 -1.68559653e-02 -1.38640241e-02 
 1.14736472e+05 -1.68525011e-02 -1.40237653e-02 
 1.16058410e+05 -1.68489566e-02 -1.41853473e-02 
 1.17395579e+05 -1.68453299e-02 -1.43487912e-02 
 1.18748154e+05 -1.68416191e-02 -1.45141184e-02 
 1.20116312e+05 -1.68378224e-02 -1.46813507e-02 
 1.21500234e+05 -1.68339377e-02 -1.48505101e-02 
 1.22900101e+05 -1.68299629e-02 -1.50216187e-02 
 1.24316096e+05 -1.68258960e-02 -1.51946990e-02 
 1.25748406e+05 -1.68217349e-02 -1.53697738e-02 
 1.27197218e+05 -1.68174773e-02 -1.55468660e-02 
 1.28662722e+05 -1.68131211e-02 -1.57259989e-02 
 1.30145112e+05 -1.68086639e-02 -1.59071960e-02 
 1.31644581e+05 -1.68041033e-02 -1.60904811e-02 
 1.33161325e+05 -1.67994371e-02 -1.62758783e-02 
 1.34695546e+05 -1.67946628e-02 -1.64634120e-02 
 1.36247442e+05 -1.67897778e-02 -1.66531066e-02 
 1.37817219e+05 -1.67847795e-02 -1.68449873e-02 
 1.39405082e+05 -1.67796655e-02 -1.70390791e-02 
 1.41011240e+05 -1.67744329e-02 -1.72354075e-02 
 1.42635903e+05 -1.67690790e-02 -1.74339984e-02 
 1.44279285e+05 -1.67636011e-02 -1.76348778e-02 
 1.45941600e+05 -1.67579962e-02 -1.78380721e-02 
 1.47623069e+05 -1.67522613e-02 -1.80436080e-02 
 1.49323910e+05 -1.67463936e-02 -1.82515125e-02 
 1.51044348e+05 -1.67403899e-02 -1.84618129e-02 
 1.52784607e+05 -1.67342470e-02 -1.86745368e-02 
 1.54544917e+05 -1.67279618e-02 -1.88897121e-02 
 1.56325509e+05 -1.67215309e-02 -1.91073672e-02 
 1.58126615e+05 -1.67149510e-02 -1.93275305e-02 
 1.59948473e+05 -1.67082185e-02 -1.95502311e-02 
 1.61791322e+05 -1.67013300e-02 -1.97754982e-02 
 1.63655403e+05 -1.66942819e-02 -2.00033614e-02 
 1.65540961e+05 -1.66870704e-02 -2.02338505e-02 
 1.67448244e+05 -1.66796918e-02 -2.04669960e-02 
 1.69377501e+05 -1.66721422e-02 -2.07028284e-02 
 1.71328986e+05 -1.66644176e-02 -2.09413786e-02 
 1.73302956e+05 -1.66565139e-02 -2.11826781e-02 
 1.75299668e+05 -1.66484271e-02 -2.14267586e-02 
 1.77319386e+05 -1.66401529e-02 -2.16736521e-02 
 1.79362374e+05 -1.66316868e-02 -2.19233910e-02 
 1.81428900e+05 -1.66230246e-02 -2.21760082e-02 
 1.83519236e+05 -1.66141616e-02 -2.24315369e-02 
 1.85633655e+05 -1.66050932e-02 -2.26900105e-02 
 1.87772436e+05 -1.65958146e-02 -2.29514632e-02 
 1.89935859e+05 -1.65863210e-02 -2.32159293e-02 
 1.92124208e+05 -1.65766073e-02 -2.34834435e-02 
 1.94337770e+05 -1.65666685e-02 -2.37540409e-02 
 1.96576835e+05 -1.65564993e-02 -2.40277572e-02 
 1.98841698e+05 -1.65460945e-02 -2.43046282e-02 
 2.01132655e+05 -1.65354485e-02 -2.45846905e-02 
 2.03450008e+05 -1.65245558e-02 -2.48679808e-02 
 2.05794060e+05 -1.65134106e-02 -2.51545363e-02 
 2.08165120e+05 -1.65020070e-02 -2.54443947e-02 
 2.10563497e+05 -1.64903392e-02 -2.57375941e-02 
 2.12989507e+05 -1.64784010e-02 -2.60341731e-02 
 2.15443469e+05 -1.64661860e-02 -2.63341706e-02 
 2.17925704e+05 -1.64536880e-02 -2.66376261e-02 
 2.20436538e+05 -1.64409003e-02 -2.69445795e-02 
 2.22976301e+05 -1.64278162e-02 -2.72550711e-02 
 2.25545326e+05 -1.64144288e-02 -2.75691418e-02 
 2.28143949e+05 -1.64007312e-02 -2.78868328e-02 
 2.30772513e+05 -1.63867161e-02 -2.82081860e-02 
 2.33431362e+05 -1.63723761e-02 -2.85332435e-02 
 2.36120845e+05 -1.63577038e-02 -2.88620481e-02 
 2.38841315e+05 -1.63426914e-02 -2.91946432e-02 
 2.41593128e+05 -1.63273311e-02 -2.95310723e-02 
 2.44376647e+05 -1.63116147e-02 -2.98713798e-02 
 2.47192236e+05 -1.62955341e-02 -3.02156104e-02 
 2.50040265e+05 -1.62790808e-02 -3.05638095e-02 
 2.52921107e+05 -1.62622461e-02 -3.09160227e-02 
 2.55835142e+05 -1.62450212e-02 -3.12722965e-02 
 2.58782750e+05 -1.62273971e-02 -3.16326777e-02 
 2.61764319e+05 -1.62093645e-02 -3.19972138e-02 
 2.64780240e+05 -1.61909140e-02 -3.23659526e-02 
 2.67830910e+05 -1.61720358e-02 -3.27389427e-02 
 2.70916727e+05 -1.61527200e-02 -3.31162333e-02 
 2.74038098e+05 -1.61329566e-02 -3.34978738e-02 
 2.77195432e+05 -1.61127350e-02 -3.38839147e-02 
 2.80389144e+05 -1.60920448e-02 -3.42744066e-02 
 2.83619651e+05 -1.60708750e-02 -3.46694011e-02 
 2.86887379e+05 -1.60492145e-02 -3.50689500e-02 
 2.90192756e+05 -1.60270520e-02 -3.54731059e-02 
 2.93536216e+05 -1.60043758e-02 -3.58819222e-02 
 2.96918198e+05 -1.59811739e-02 -3.62954526e-02 
 3.00339145e+05 -1.59574343e-02 -3.67137515e-02 
 3.03799507e+05 -1.59331445e-02 -3.71368741e-02 
 3.07299737e+05 -1.59082916e-02 -3.75648761e-02 
 3.10840296e+05 -1.58828627e-02 -3.79978138e-02 
 3.14421647e+05 -1.58568443e-02 -3.84357442e-02 
 3.18044260e+05 -1.58302229e-02 -3.88787251e-02 
 3.21708612e+05 -1.58029844e-02 -3.93268148e-02 
 3.25415182e+05 -1.57751146e-02 -3.97800724e-02 
 3.29164458e+05 -1.57465988e-02 -4.02385575e-02 
 3.32956931e+05 -1.57174220e-02 -4.07023307e-02 
 3.36793099e+05 -1.56875689e-02 -4.11714529e-02 
 3.40673466e+05 -1.56570238e-02 -4.16459860e-02 
 3.44598540e+05 -1.56257707e-02 -4.21259927e-02 
 3.48568837e+05 -1.55937932e-02 -4.26115361e-02 
 3.52584878e+05 -1.55610745e-02 -4.31026802e-02 
 3.56647189e+05 -1.55275973e-02 -4.35994900e-02 
 3.60756305e+05 -1.54933442e-02 -4.41020307e-02 
 3.64912764e+05 -1.54582970e-02 -4.46103688e-02 
 3.69117112e+05 -1.54224375e-02 -4.51245713e-02 
 3.73369900e+05 -1.53857468e-02 -4.56447059e-02 
 3.77671687e+05 -1.53482055e-02 -4.61708414e-02 
 3.82023036e+05 -1.53097941e-02 -4.67030472e-02 
 3.86424520e+05 -1.52704922e-02 -4.72413934e-02 
 3.90876716e+05 -1.52302793e-02 -4.77859511e-02 
 3.95380208e+05 -1.51891343e-02 -4.83367923e-02 
 3.99935587e+05 -1.51470355e-02 -4.88939896e-02 
 4.04543450e+05 -1.51039608e-02 -4.94576166e-02 
 4.09204403e+05 -1.50598876e-02 -5.00277477e-02 
 4.13919058e+05 -1.50147927e-02 -5.06044583e-02 
 4.18688032e+05 -1.49686525e-02 -5.11878244e-02 
 4.23511952e+05 -1.49214427e-02 -5.17779232e-02 
 4.28391452e+05 -1.48731385e-02 -5.23748327e-02 
 4.33327170e+05 -1.48237146e-02 -5.29786316e-02 
 4.38319755e+05 -1.47731449e-02 -5.35893999e-02 
 4.43369862e+05 -1.47214029e-02 -5.42072183e-02 
 4.48478155e+05 -1.46684614e-02 -5.48321684e-02 
 4.53645302e+05 -1.46142927e-02 -5.54643329e-02 
 4.58871983e+05 -1.45588682e-02 -5.61037954e-02 
 4.64158883e+05 -1.45021588e-02 -5.67506405e-02 
 4.69506697e+05 -1.44441348e-02 -5.74049538e-02 
 4.74916125e+05 -1.43847656e-02 -5.80668218e-02 
 4.80387878e+05 -1.43240200e-02 -5.87363322e-02 
 4.85922674e+05 -1.42618662e-02 -5.94135737e-02 
 4.91521239e+05 -1.41982715e-02 -6.00986358e-02 
 4.97184308e+05 -1.41332025e-02 -6.07916093e-02 
 5.02912624e+05 -1.40666249e-02 -6.14925861e-02 
 5.08706939e+05 -1.39985038e-02 -6.22016589e-02 
 5.14568013e+05 -1.39288033e-02 -6.29189218e-02 
 5.20496616e+05 -1.38574870e-02 -6.36444698e-02 
 5.26493525e+05 -1.37845172e-02 -6.43783992e-02 
 5.32559528e+05 -1.37098557e-02 -6.51208072e-02 
 5.38695420e+05 -1.36334631e-02 -6.58717924e-02 
 5.44902008e+05 -1.35552994e-02 -6.66314544e-02 
 5.51180104e+05 -1.34753235e-02 -6.73998940e-02 
 5.57530533e+05 -1.33934933e-02 -6.81772132e-02 
 5.63954130e+05 -1.33097659e-02 -6.89635153e-02 
 5.70451735e+05 -1.32240971e-02 -6.97589046e-02 
 5.77024203e+05 -1.31364421e-02 -7.05634869e-02 
 5.83672396e+05 -1.30467546e-02 -7.13773691e-02 
 5.90397186e+05 -1.29549877e-02 -7.22006594e-02 
 5.97199455e+05 -1.28610929e-02 -7.30334673e-02 
 6.04080098e+05 -1.27650210e-02 -7.38759034e-02 
 6.11040015e+05 -1.26667215e-02 -7.47280801e-02 
 6.18080121e+05 -1.25661427e-02 -7.55901105e-02 
 6.25201340e+05 -1.24632317e-02 -7.64621096e-02 
 6.32404607e+05 -1.23579343e-02 -7.73441935e-02 
 6.39690866e+05 -1.22501953e-02 -7.82364796e-02 
 6.47061073e+05 -1.21399580e-02 -7.91390870e-02 
 6.54516197e+05 -1.20271644e-02 -8.00521359e-02 
 6.62057214e+05 -1.19117553e-02 -8.09757482e-02 
 6.69685116e+05 -1.17936698e-02 -8.19100470e-02 
 6.77400903e+05 -1.16728460e-02 -8.28551571e-02 
 6.85205587e+05 -1.15492202e-02 -8.38112046e-02 
 6.93100193e+05 -1.14227275e-02 -8.47783174e-02 
 7.01085757e+05 -1.12933013e-02 -8.57566245e-02 
 7.09163327e+05 -1.11608736e-02 -8.67462569e-02 
 7.17333962e+05 -1.10253747e-02 -8.77473469e-02 
 7.25598736e+05 -1.08867333e-02 -8.87600284e-02 
 7.33958732e+05 -1.07448765e-02 -8.97844369e-02 
 7.42415048e+05 -1.05997296e-02 -9.08207098e-02 
 7.50968794e+05 -1.04512164e-02 -9.18689858e-02 
 7.59621092e+05 -1.02992586e-02 -9.29294054e-02 
 7.68373077e+05 -1.01437764e-02 -9.40021110e-02 
 7.77225899e+05 -9.98468783e-03 -9.50872463e-02 
 7.86180718e+05 -9.82190927e-03 -9.61849572e-02 
 7.95238711e+05 -9.65535504e-03 -9.72953911e-02 
 8.04401065e+05 -9.48493749e-03 -9.84186971e-02 
 8.13668983e+05 -9.31056692e-03 -9.95550264e-02 
 8.23043682e+05 -9.13215157e-03 -1.00704532e-01 
 8.32526392e+05 -8.94959752e-03 -1.01867368e-01 
 8.42118357e+05 -8.76280867e-03 -1.03043692e-01 
 8.51820836e+05 -8.57168670e-03 -1.04233662e-01 
 8.61635102e+05 -8.37613098e-03 -1.05437438e-01 
 8.71562443e+05 -8.17603856e-03 -1.06655184e-01 
 8.81604162e+05 -7.97130409e-03 -1.07887063e-01 
 8.91761577e+05 -7.76181974e-03 -1.09133242e-01 
 9.02036021e+05 -7.54747522e-03 -1.10393889e-01 
 9.12428842e+05 -7.32815763e-03 -1.11669175e-01 
 9.22941404e+05 -7.10375147e-03 -1.12959273e-01 
 9.33575087e+05 -6.87413853e-03 -1.14264357e-01 
 9.44331286e+05 -6.63919786e-03 -1.15584605e-01 
 9.55211412e+05 -6.39880570e-03 -1.16920195e-01 
 9.66216894e+05 -6.15283539e-03 -1.18271309e-01 
 9.77349176e+05 -5.90115733e-03 -1.19638131e-01 
 9.88609719e+05 -5.64363891e-03 -1.21020846e-01 
 1.00000000e+06 -5.38014441e-03 -1.22419642e-01 
 1.01152151e+06 -5.11053496e-03 -1.23834711e-01 
 1.02317577e+06 -4.83466846e-03 -1.25266246e-01 
 1.03496431e+06 -4.55239949e-03 -1.26714441e-01 
 1.04688866e+06 -4.26357924e-03 -1.28179494e-01 
 1.05895041e+06 -3.96805544e-03 -1.29661606e-01 
 1.07115112e+06 -3.66567226e-03 -1.31160979e-01 
 1.08349240e+06 -3.35627024e-03 -1.32677819e-01 
 1.09597588e+06 -3.03968621e-03 -1.34212334e-01 
 1.10860318e+06 -2.71575317e-03 -1.35764735e-01 
 1.12137597e+06 -2.38430026e-03 -1.37335234e-01 
 1.13429592e+06 -2.04515260e-03 -1.38924049e-01 
 1.14736472e+06 -1.69813126e-03 -1.40531396e-01 
 1.16058410e+06 -1.34305310e-03 -1.42157499e-01 
 1.17395579e+06 -9.79730742e-04 -1.43802581e-01 
 1.18748154e+06 -6.07972405e-04 -1.45466870e-01 
 1.20116312e+06 -2.27581844e-04 -1.47150595e-01 
 1.21500234e+06  1.61641772e-04 -1.48853991e-01 
 1.22900101e+06  5.59903963e-04 -1.50577292e-01 
 1.24316096e+06  9.67415053e-04 -1.52320739e-01 
 1.25748406e+06  1.38439028e-03 -1.54084573e-01 
 1.27197218e+06  1.81104990e-03 -1.55869041e-01 
 1.28662722e+06  2.24761935e-03 -1.57674390e-01 
 1.30145112e+06  2.69432929e-03 -1.59500873e-01 
 1.31644581e+06  3.15141582e-03 -1.61348744e-01 
 1.33161325e+06  3.61912053e-03 -1.63218263e-01 
 1.34695546e+06  4.09769067e-03 -1.65109691e-01 
 1.36247442e+06  4.58737928e-03 -1.67023294e-01 
 1.37817219e+06  5.08844533e-03 -1.68959340e-01 
 1.39405082e+06  5.60115383e-03 -1.70918103e-01 
 1.41011240e+06  6.12577601e-03 -1.72899858e-01 
 1.42635903e+06  6.66258944e-03 -1.74904885e-01 
 1.44279285e+06  7.21187822e-03 -1.76933468e-01 
 1.45941600e+06  7.77393307e-03 -1.78985894e-01 
 1.47623069e+06  8.34905155e-03 -1.81062454e-01 
 1.49323910e+06  8.93753818e-03 -1.83163444e-01 
 1.51044348e+06  9.53970463e-03 -1.85289163e-01 
 1.52784607e+06  1.01558699e-02 -1.87439913e-01 
 1.54544917e+06  1.07863604e-02 -1.89616004e-01 
 1.56325509e+06  1.14315103e-02 -1.91817746e-01 
 1.58126615e+06  1.20916615e-02 -1.94045454e-01 
 1.59948473e+06  1.27671641e-02 -1.96299451e-01 
 1.61791322e+06  1.34583763e-02 -1.98580059e-01 
 1.63655403e+06  1.41656646e-02 -2.00887610e-01 
 1.65540961e+06  1.48894044e-02 -2.03222435e-01 
 1.67448244e+06  1.56299798e-02 -2.05584875e-01 
 1.69377501e+06  1.63877837e-02 -2.07975271e-01 
 1.71328986e+06  1.71632187e-02 -2.10393973e-01 
 1.73302956e+06  1.79566965e-02 -2.12841333e-01 
 1.75299668e+06  1.87686386e-02 -2.15317710e-01 
 1.77319386e+06  1.95994765e-02 -2.17823467e-01 
 1.79362374e+06  2.04496518e-02 -2.20358972e-01 
 1.81428900e+06  2.13196166e-02 -2.22924599e-01 
 1.83519236e+06  2.22098334e-02 -2.25520727e-01 
 1.85633655e+06  2.31207760e-02 -2.28147740e-01 
 1.87772436e+06  2.40529291e-02 -2.30806030e-01 
 1.89935859e+06  2.50067889e-02 -2.33495992e-01 
 1.92124208e+06  2.59828633e-02 -2.36218027e-01 
 1.94337770e+06  2.69816724e-02 -2.38972545e-01 
 1.96576835e+06  2.80037482e-02 -2.41759957e-01 
 1.98841698e+06  2.90496357e-02 -2.44580685e-01 
 2.01132655e+06  3.01198926e-02 -2.47435155e-01 
 2.03450008e+06  3.12150897e-02 -2.50323800e-01 
 2.05794060e+06  3.23358115e-02 -2.53247058e-01 
 2.08165120e+06  3.34826563e-02 -2.56205376e-01 
 2.10563497e+06  3.46562365e-02 -2.59199206e-01 
 2.12989507e+06  3.58571792e-02 -2.62229009e-01 
 2.15443469e+06  3.70861262e-02 -2.65295251e-01 
 2.17925704e+06  3.83437346e-02 -2.68398406e-01 
 2.20436538e+06  3.96306771e-02 -2.71538956e-01 
 2.22976301e+06  4.09476426e-02 -2.74717390e-01 
 2.25545326e+06  4.22953360e-02 -2.77934205e-01 
 2.28143949e+06  4.36744792e-02 -2.81189905e-01 
 2.30772513e+06  4.50858114e-02 -2.84485004e-01 
 2.33431362e+06  4.65300892e-02 -2.87820021e-01 
 2.36120845e+06  4.80080874e-02 -2.91195487e-01 
 2.38841315e+06  4.95205991e-02 -2.94611940e-01 
 2.41593128e+06  5.10684366e-02 -2.98069926e-01 
 2.44376647e+06  5.26524313e-02 -3.01570001e-01 
 2.47192236e+06  5.42734347e-02 -3.05112730e-01 
 2.50040265e+06  5.59323187e-02 -3.08698688e-01 
 2.52921107e+06  5.76299759e-02 -3.12328458e-01 
 2.55835142e+06  5.93673204e-02 -3.16002634e-01 
 2.58782750e+06  6.11452882e-02 -3.19721819e-01 
 2.61764319e+06  6.29648378e-02 -3.23486629e-01 
 2.64780240e+06  6.48269506e-02 -3.27297688e-01 
 2.67830910e+06  6.67326317e-02 -3.31155630e-01 
 2.70916727e+06  6.86829104e-02 -3.35061103e-01 
 2.74038098e+06  7.06788407e-02 -3.39014764e-01 
 2.77195432e+06  7.27215021e-02 -3.43017282e-01 
 2.80389144e+06  7.48120000e-02 -3.47069339e-01 
 2.83619651e+06  7.69514666e-02 -3.51171628e-01 
 2.86887379e+06  7.91410614e-02 -3.55324855e-01 
 2.90192756e+06  8.13819720e-02 -3.59529738e-01 
 2.93536216e+06  8.36754147e-02 -3.63787009e-01 
 2.96918198e+06  8.60226354e-02 -3.68097412e-01 
 3.00339145e+06  8.84249100e-02 -3.72461707e-01 
 3.03799507e+06  9.08835456e-02 -3.76880667e-01 
 3.07299737e+06  9.33998809e-02 -3.81355078e-01 
 3.10840296e+06  9.59752874e-02 -3.85885742e-01 
 3.14421647e+06  9.86111699e-02 -3.90473478e-01 
 3.18044260e+06  1.01308967e-01 -3.95119117e-01 
 3.21708612e+06  1.04070154e-01 -3.99823510e-01 
 3.25415182e+06  1.06896240e-01 -4.04587521e-01 
 3.29164458e+06  1.09788773e-01 -4.09412032e-01 
 3.32956931e+06  1.12749338e-01 -4.14297944e-01 
 3.36793099e+06  1.15779559e-01 -4.19246174e-01 
 3.40673466e+06  1.18881099e-01 -4.24257659e-01 
 3.44598540e+06  1.22055665e-01 -4.29333351e-01 
 3.48568837e+06  1.25305002e-01 -4.34474227e-01 
 3.52584878e+06  1.28630901e-01 -4.39681280e-01 
 3.56647189e+06  1.32035196e-01 -4.44955523e-01 
 3.60756305e+06  1.35519766e-01 -4.50297994e-01 
 3.64912764e+06  1.39086539e-01 -4.55709749e-01 
 3.69117112e+06  1.42737487e-01 -4.61191867e-01 
 3.73369900e+06  1.46474635e-01 -4.66745452e-01 
 3.77671687e+06  1.50300055e-01 -4.72371628e-01 
 3.82023036e+06  1.54215873e-01 -4.78071547e-01 
 3.86424520e+06  1.58224267e-01 -4.83846384e-01 
 3.90876716e+06  1.62327470e-01 -4.89697340e-01 
 3.95380208e+06  1.66527770e-01 -4.95625642e-01 
 3.99935587e+06  1.70827515e-01 -5.01632547e-01 
 4.04543450e+06  1.75229108e-01 -5.07719336e-01 
 4.09204403e+06  1.79735016e-01 -5.13887322e-01 
 4.13919058e+06  1.84347768e-01 -5.20137849e-01 
 4.18688032e+06  1.89069954e-01 -5.26472288e-01 
 4.23511952e+06  1.93904234e-01 -5.32892045e-01 
 4.28391452e+06  1.98853332e-01 -5.39398558e-01 
 4.33327170e+06  2.03920042e-01 -5.45993299e-01 
 4.38319755e+06  2.09107231e-01 -5.52677774e-01 
 4.43369862e+06  2.14417839e-01 -5.59453528e-01 
 4.48478155e+06  2.19854878e-01 -5.66322139e-01 
 4.53645302e+06  2.25421442e-01 -5.73285227e-01 
 4.58871983e+06  2.31120702e-01 -5.80344451e-01 
 4.64158883e+06  2.36955910e-01 -5.87501511e-01 
 4.69506697e+06  2.42930404e-01 -5.94758149e-01 
 4.74916125e+06  2.49047609e-01 -6.02116151e-01 
 4.80387878e+06  2.55311036e-01 -6.09577349e-01 
 4.85922674e+06  2.61724289e-01 -6.17143623e-01 
 4.91521239e+06  2.68291068e-01 -6.24816898e-01 
 4.97184308e+06  2.75015167e-01 -6.32599154e-01 
 5.02912624e+06  2.81900482e-01 -6.40492420e-01 
 5.08706939e+06  2.88951009e-01 -6.48498779e-01 
 5.14568013e+06  2.96170851e-01 -6.56620370e-01 
 5.20496616e+06  3.03564220e-01 -6.64859392e-01 
 5.26493525e+06  3.11135440e-01 -6.73218100e-01 
 5.32559528e+06  3.18888948e-01 -6.81698815e-01 
 5.38695420e+06  3.26829303e-01 -6.90303919e-01 
 5.44902008e+06  3.34961182e-01 -6.99035861e-01 
 5.51180104e+06  3.43289392e-01 -7.07897162e-01 
 5.57530533e+06  3.51818866e-01 -7.16890411e-01 
 5.63954130e+06  3.60554674e-01 -7.26018274e-01 
 5.70451735e+06  3.69502021e-01 -7.35283492e-01 
 5.77024203e+06  3.78666254e-01 -7.44688887e-01 
 5.83672396e+06  3.88052868e-01 -7.54237365e-01 
 5.90397186e+06  3.97667508e-01 -7.63931917e-01 
 5.97199455e+06  4.07515973e-01 -7.73775624e-01 
 6.04080098e+06  4.17604226e-01 -7.83771661e-01 
 6.11040015e+06  4.27938391e-01 -7.93923297e-01 
 6.18080121e+06  4.38524765e-01 -8.04233906e-01 
 6.25201340e+06  4.49369823e-01 -8.14706963e-01 
 6.32404607e+06  4.60480219e-01 -8.25346054e-01 
 6.39690866e+06  4.71862795e-01 -8.36154877e-01 
 6.47061073e+06  4.83524589e-01 -8.47137250e-01 
 6.54516197e+06  4.95472838e-01 -8.58297111e-01 
 6.62057214e+06  5.07714985e-01 -8.69638527e-01 
 6.69685116e+06  5.20258687e-01 -8.81165700e-01 
 6.77400903e+06  5.33111825e-01 -8.92882968e-01 
 6.85205587e+06  5.46282503e-01 -9.04794816e-01 
 6.93100193e+06  5.59779066e-01 -9.16905879e-01 
 7.01085757e+06  5.73610101e-01 -9.29220949e-01 
 7.09163327e+06  5.87784447e-01 -9.41744984e-01 
 7.17333962e+06  6.02311205e-01 -9.54483112e-01 
 7.25598736e+06  6.17199748e-01 -9.67440641e-01 
 7.33958732e+06  6.32459726e-01 -9.80623065e-01 
 7.42415048e+06  6.48101082e-01 -9.94036075e-01 
 7.50968794e+06  6.64134057e-01 -1.00768556e+00 
 7.59621092e+06  6.80569205e-01 -1.02157764e+00 
 7.68373077e+06  6.97417400e-01 -1.03571864e+00 
 7.77225899e+06  7.14689853e-01 -1.05011513e+00 
 7.86180718e+06  7.32398120e-01 -1.06477391e+00 
 7.95238711e+06  7.50554117e-01 -1.07970206e+00 
 8.04401065e+06  7.69170132e-01 -1.09490690e+00 
 8.13668983e+06  7.88258841e-01 -1.11039607e+00 
 8.23043682e+06  8.07833322e-01 -1.12617746e+00 
 8.32526392e+06  8.27907070e-01 -1.14225931e+00 
 8.42118357e+06  8.48494014e-01 -1.15865017e+00 
 8.51820836e+06  8.69608531e-01 -1.17535891e+00 
 8.61635102e+06  8.91265471e-01 -1.19239480e+00 
 8.71562443e+06  9.13480168e-01 -1.20976745e+00 
 8.81604162e+06  9.36268463e-01 -1.22748689e+00 
 8.91761577e+06  9.59646724e-01 -1.24556355e+00 
 9.02036021e+06  9.83631869e-01 -1.26400832e+00 
 9.12428842e+06  1.00824139e+00 -1.28283253e+00 
 9.22941404e+06  1.03349337e+00 -1.30204800e+00 
 9.33575087e+06  1.05940651e+00 -1.32166707e+00 
 9.44331286e+06  1.08600017e+00 -1.34170263e+00 
 9.55211412e+06  1.11329438e+00 -1.36216812e+00 
 9.66216894e+06  1.14130988e+00 -1.38307759e+00 
 9.77349176e+06  1.17006812e+00 -1.40444574e+00 
 9.88609719e+06  1.19959136e+00 -1.42628791e+00 
 1.00000000e+07  1.22990264e+00 -1.44862018e+00 
 1.01152151e+07  1.26102583e+00 -1.47145938e+00 
 1.02317577e+07  1.29298571e+00 -1.49482313e+00 
 1.03496431e+07  1.32580794e+00 -1.51872988e+00 
 1.04688866e+07  1.35951919e+00 -1.54319900e+00 
 1.05895041e+07  1.39414710e+00 -1.56825079e+00 
 1.07115112e+07  1.42972038e+00 -1.59390658e+00 
 1.08349240e+07  1.46626887e+00 -1.62018873e+00 
 1.09597588e+07  1.50382354e+00 -1.64712079e+00 
 1.10860318e+07  1.54241661e+00 -1.67472748e+00 
 1.12137597e+07  1.58208157e+00 -1.70303483e+00 
 1.13429592e+07  1.62285327e+00 -1.73207022e+00 
 1.14736472e+07  1.66476798e+00 -1.76186252e+00 
 1.16058410e+07  1.70786345e+00 -1.79244216e+00 
 1.17395579e+07  1.75217903e+00 -1.82384122e+00 
 1.18748154e+07  1.79775572e+00 -1.85609357e+00 
 1.20116312e+07  1.84463626e+00 -1.88923500e+00 
 1.21500234e+07  1.89286527e+00 -1.92330333e+00 
 1.22900101e+07  1.94248929e+00 -1.95833858e+00 
 1.24316096e+07  1.99355695e+00 -1.99438312e+00 
 1.25748406e+07  2.04611905e+00 -2.03148183e+00 
 1.27197218e+07  2.10022871e+00 -2.06968231e+00 
 1.28662722e+07  2.15594150e+00 -2.10903509e+00 
 1.30145112e+07  2.21331559e+00 -2.14959383e+00 
 1.31644581e+07  2.27241192e+00 -2.19141558e+00 
 1.33161325e+07  2.33329435e+00 -2.23456107e+00 
 1.34695546e+07  2.39602985e+00 -2.27909498e+00 
 1.36247442e+07  2.46068874e+00 -2.32508625e+00 
 1.37817219e+07  2.52734486e+00 -2.37260850e+00 
 1.39405082e+07  2.59607582e+00 -2.42174035e+00 
 1.41011240e+07  2.66696325e+00 -2.47256593e+00 
 1.42635903e+07  2.74009312e+00 -2.52517528e+00 
 1.44279285e+07  2.81555598e+00 -2.57966496e+00 
 1.45941600e+07  2.89344732e+00 -2.63613859e+00 
 1.47623069e+07  2.97386793e+00 -2.69470753e+00 
 1.49323910e+07  3.05692429e+00 -2.75549159e+00 
 1.51044348e+07  3.14272900e+00 -2.81861988e+00 
 1.52784607e+07  3.23140123e+00 -2.88423167e+00 
 1.54544917e+07  3.32306726e+00 -2.95247747e+00 
 1.56325509e+07  3.41786104e+00 -3.02352014e+00 
 1.58126615e+07  3.51592479e+00 -3.09753615e+00 
 1.59948473e+07  3.61740975e+00 -3.17471710e+00 
 1.61791322e+07  3.72247686e+00 -3.25527131e+00 
 1.63655403e+07  3.83129765e+00 -3.33942569e+00 
 1.65540961e+07  3.94405520e+00 -3.42742788e+00 
 1.67448244e+07  4.06094511e+00 -3.51954859e+00 
 1.69377501e+07  4.18217674e+00 -3.61608443e+00 
 1.71328986e+07  4.30797445e+00 -3.71736099e+00 
 1.73302956e+07  4.43857907e+00 -3.82373653e+00 
 1.75299668e+07  4.57424955e+00 -3.93560606e+00 
 1.77319386e+07  4.71526479e+00 -4.05340628e+00 
 1.79362374e+07  4.86192571e+00 -4.17762111e+00 
 1.81428900e+07  5.01455762e+00 -4.30878826e+00 
 1.83519236e+07  5.17351287e+00 -4.44750689e+00 
 1.85633655e+07  5.33917394e+00 -4.59444658e+00 
 1.87772436e+07  5.51195686e+00 -4.75035799e+00 
 1.89935859e+07  5.69231528e+00 -4.91608543e+00 
 1.92124208e+07  5.88074504e+00 -5.09258184e+00 
 1.94337770e+07  6.07778948e+00 -5.28092684e+00 
 1.96576835e+07  6.28404565e+00 -5.48234829e+00 
 1.98841698e+07  6.50017153e+00 -5.69824862e+00 
 2.01132655e+07  6.72689439e+00 -5.93023677e+00 
 2.03450008e+07  6.96502082e+00 -6.18016741e+00 
 2.05794060e+07  7.21544837e+00 -6.45018953e+00 
 2.08165120e+07  7.47917951e+00 -6.74280673e+00 
 2.10563497e+07  7.75733828e+00 -7.06095314e+00 
 2.12989507e+07  8.05119025e+00 -7.40808930e+00 
 2.15443469e+07  8.36216663e+00 -7.78832488e+00 
 2.17925704e+07  8.69189361e+00 -8.20657696e+00 
 2.20436538e+07  9.04222812e+00 -8.66877658e+00 
 2.22976301e+07  9.41530185e+00 -9.18214140e+00 
 2.25545326e+07  9.81357561e+00 -9.75554020e+00 
 2.28143949e+07  1.02399069e+01 -1.03999870e+01 
 2.30772513e+07  1.06976339e+01 -1.11293205e+01 
 2.33431362e+07  1.11906812e+01 -1.19611551e+01 
 2.36120845e+07  1.17236901e+01 -1.29182332e+01 
 2.38841315e+07  1.23021815e+01 -1.40303889e+01 
 2.41593128e+07  1.29327506e+01 -1.53374552e+01 
 2.44376647e+07  1.36232913e+01 -1.68936690e+01 
 2.47192236e+07  1.43832198e+01 -1.87744950e+01 
 2.50040265e+07  1.52236081e+01 -2.10874422e+01 
 2.52921107e+07  1.61569762e+01 -2.39895373e+01 
 2.55835142e+07  1.71960743e+01 -2.77158032e+01 
 2.58782750e+07  1.83499062e+01 -3.26247814e+01 
 2.61764319e+07  1.96125712e+01 -3.92641739e+01 
 2.64780240e+07  2.09349555e+01 -4.84297269e+01 
 2.67830910e+07  2.21653767e+01 -6.10592776e+01 
 2.70916727e+07  2.29841991e+01 -7.75126779e+01 
 2.74038098e+07  2.30096861e+01 -9.61389780e+01 
 2.77195432e+07  2.21767512e+01 -1.13465083e+02 
 2.80389144e+07  2.08206217e+01 -1.27166282e+02 
 2.83619651e+07  1.93025093e+01 -1.37192536e+02 
 2.86887379e+07  1.78160143e+01 -1.44434950e+02 
 2.90192756e+07  1.64310189e+01 -1.49753911e+02 
 2.93536216e+07  1.51613879e+01 -1.53761562e+02 
 2.96918198e+07  1.40006158e+01 -1.56861145e+02 
 3.00339145e+07  1.29363950e+01 -1.59316196e+02 
 3.03799507e+07  1.19559496e+01 -1.61301719e+02 
 3.07299737e+07  1.10477641e+01 -1.62936713e+02 
 3.10840296e+07  1.02019725e+01 -1.64304143e+02 
 3.14421647e+07  9.41028374e+00 -1.65463260e+02 
 3.18044260e+07  8.66576852e+00 -1.66457334e+02 
 3.21708612e+07  7.96263166e+00 -1.67318603e+02 
 3.25415182e+07  7.29600745e+00 -1.68071529e+02 
 3.29164458e+07  6.66178854e+00 -1.68734978e+02 
 3.32956931e+07  6.05648681e+00 -1.69323717e+02 
 3.36793099e+07  5.47712163e+00 -1.69849457e+02 
 3.40673466e+07  4.92113029e+00 -1.70321599e+02 
 3.44598540e+07  4.38629630e+00 -1.70747774e+02 
 3.48568837e+07  3.87069173e+00 -1.71134235e+02 
 3.52584878e+07  3.37263056e+00 -1.71486153e+02 
 3.56647189e+07  2.89063086e+00 -1.71807843e+02 
 3.60756305e+07  2.42338382e+00 -1.72102929e+02 
 3.64912764e+07  1.96972834e+00 -1.72374477e+02 
 3.69117112e+07  1.52863000e+00 -1.72625102e+02 
 3.73369900e+07  1.09916355e+00 -1.72857042e+02 
 3.77671687e+07  6.80498336e-01 -1.73072227e+02 
 3.82023036e+07  2.71885975e-01 -1.73272328e+02 
 3.86424520e+07 -1.27350009e-01 -1.73458800e+02 
 3.90876716e+07 -5.17823008e-01 -1.73632915e+02 
 3.95380208e+07 -9.00090852e-01 -1.73795791e+02 
 3.99935587e+07 -1.27466225e+00 -1.73948413e+02 
 4.04543450e+07 -1.64200233e+00 -1.74091651e+02 
 4.09204403e+07 -2.00253746e+00 -1.74226280e+02 
 4.13919058e+07 -2.35665935e+00 -1.74352991e+02 
 4.18688032e+07 -2.70472874e+00 -1.74472399e+02 
 4.23511952e+07 -3.04707849e+00 -1.74585057e+02 
 4.28391452e+07 -3.38401640e+00 -1.74691463e+02 
 4.33327170e+07 -3.71582764e+00 -1.74792064e+02 
 4.38319755e+07 -4.04277689e+00 -1.74887265e+02 
 4.43369862e+07 -4.36511023e+00 -1.74977433e+02 
 4.48478155e+07 -4.68305686e+00 -1.75062901e+02 
 4.53645302e+07 -4.99683058e+00 -1.75143972e+02 
 4.58871983e+07 -5.30663113e+00 -1.75220923e+02 
 4.64158883e+07 -5.61264540e+00 -1.75294006e+02 
 4.69506697e+07 -5.91504848e+00 -1.75363451e+02 
 4.74916125e+07 -6.21400465e+00 -1.75429472e+02 
 4.80387878e+07 -6.50966822e+00 -1.75492262e+02 
 4.85922674e+07 -6.80218436e+00 -1.75552001e+02 
 4.91521239e+07 -7.09168975e+00 -1.75608853e+02 
 4.97184308e+07 -7.37831325e+00 -1.75662972e+02 
 5.02912624e+07 -7.66217650e+00 -1.75714498e+02 
 5.08706939e+07 -7.94339440e+00 -1.75763560e+02 
 5.14568013e+07 -8.22207564e+00 -1.75810281e+02 
 5.20496616e+07 -8.49832313e+00 -1.75854771e+02 
 5.26493525e+07 -8.77223436e+00 -1.75897136e+02 
 5.32559528e+07 -9.04390183e+00 -1.75937471e+02 
 5.38695420e+07 -9.31341334e+00 -1.75975867e+02 
 5.44902008e+07 -9.58085233e+00 -1.76012408e+02 
 5.51180104e+07 -9.84629814e+00 -1.76047172e+02 
 5.57530533e+07 -1.01098263e+01 -1.76080233e+02 
 5.63954130e+07 -1.03715087e+01 -1.76111658e+02 
 5.70451735e+07 -1.06314139e+01 -1.76141511e+02 
 5.77024203e+07 -1.08896073e+01 -1.76169853e+02 
 5.83672396e+07 -1.11461514e+01 -1.76196739e+02 
 5.90397186e+07 -1.14011058e+01 -1.76222222e+02 
 5.97199455e+07 -1.16545276e+01 -1.76246351e+02 
 6.04080098e+07 -1.19064712e+01 -1.76269173e+02 
 6.11040015e+07 -1.21569889e+01 -1.76290731e+02 
 6.18080121e+07 -1.24061307e+01 -1.76311066e+02 
 6.25201340e+07 -1.26539446e+01 -1.76330216e+02 
 6.32404607e+07 -1.29004764e+01 -1.76348217e+02 
 6.39690866e+07 -1.31457703e+01 -1.76365103e+02 
 6.47061073e+07 -1.33898687e+01 -1.76380907e+02 
 6.54516197e+07 -1.36328122e+01 -1.76395659e+02 
 6.62057214e+07 -1.38746399e+01 -1.76409386e+02 
 6.69685116e+07 -1.41153895e+01 -1.76422115e+02 
 6.77400903e+07 -1.43550970e+01 -1.76433873e+02 
 6.85205587e+07 -1.45937974e+01 -1.76444682e+02 
 6.93100193e+07 -1.48315243e+01 -1.76454565e+02 
 7.01085757e+07 -1.50683098e+01 -1.76463542e+02 
 7.09163327e+07 -1.53041853e+01 -1.76471635e+02 
 7.17333962e+07 -1.55391808e+01 -1.76478861e+02 
 7.25598736e+07 -1.57733254e+01 -1.76485238e+02 
 7.33958732e+07 -1.60066470e+01 -1.76490783e+02 
 7.42415048e+07 -1.62391728e+01 -1.76495512e+02 
 7.50968794e+07 -1.64709289e+01 -1.76499439e+02 
 7.59621092e+07 -1.67019408e+01 -1.76502577e+02 
 7.68373077e+07 -1.69322328e+01 -1.76504941e+02 
 7.77225899e+07 -1.71618287e+01 -1.76506542e+02 
 7.86180718e+07 -1.73907514e+01 -1.76507392e+02 
 7.95238711e+07 -1.76190232e+01 -1.76507501e+02 
 8.04401065e+07 -1.78466657e+01 -1.76506880e+02 
 8.13668983e+07 -1.80736998e+01 -1.76505539e+02 
 8.23043682e+07 -1.83001457e+01 -1.76503484e+02 
 8.32526392e+07 -1.85260232e+01 -1.76500726e+02 
 8.42118357e+07 -1.87513514e+01 -1.76497272e+02 
 8.51820836e+07 -1.89761489e+01 -1.76493128e+02 
 8.61635102e+07 -1.92004337e+01 -1.76488302e+02 
 8.71562443e+07 -1.94242234e+01 -1.76482799e+02 
 8.81604162e+07 -1.96475352e+01 -1.76476625e+02 
 8.91761577e+07 -1.98703856e+01 -1.76469785e+02 
 9.02036021e+07 -2.00927909e+01 -1.76462284e+02 
 9.12428842e+07 -2.03147669e+01 -1.76454125e+02 
 9.22941404e+07 -2.05363289e+01 -1.76445314e+02 
 9.33575087e+07 -2.07574921e+01 -1.76435852e+02 
 9.44331286e+07 -2.09782709e+01 -1.76425743e+02 
 9.55211412e+07 -2.11986798e+01 -1.76414990e+02 
 9.66216894e+07 -2.14187328e+01 -1.76403594e+02 
 9.77349176e+07 -2.16384435e+01 -1.76391558e+02 
 9.88609719e+07 -2.18578253e+01 -1.76378883e+02 
 1.00000000e+08 -2.20768912e+01 -1.76365570e+02 
 1.01152151e+08 -2.22956541e+01 -1.76351620e+02 
 1.02317577e+08 -2.25141265e+01 -1.76337033e+02 
 1.03496431e+08 -2.27323207e+01 -1.76321809e+02 
 1.04688866e+08 -2.29502489e+01 -1.76305949e+02 
 1.05895041e+08 -2.31679227e+01 -1.76289452e+02 
 1.07115112e+08 -2.33853538e+01 -1.76272316e+02 
 1.08349240e+08 -2.36025537e+01 -1.76254540e+02 
 1.09597588e+08 -2.38195336e+01 -1.76236124e+02 
 1.10860318e+08 -2.40363045e+01 -1.76217065e+02 
 1.12137597e+08 -2.42528773e+01 -1.76197362e+02 
 1.13429592e+08 -2.44692627e+01 -1.76177011e+02 
 1.14736472e+08 -2.46854712e+01 -1.76156010e+02 
 1.16058410e+08 -2.49015134e+01 -1.76134356e+02 
 1.17395579e+08 -2.51173993e+01 -1.76112045e+02 
 1.18748154e+08 -2.53331393e+01 -1.76089075e+02 
 1.20116312e+08 -2.55487433e+01 -1.76065441e+02 
 1.21500234e+08 -2.57642213e+01 -1.76041139e+02 
 1.22900101e+08 -2.59795830e+01 -1.76016165e+02 
 1.24316096e+08 -2.61948382e+01 -1.75990513e+02 
 1.25748406e+08 -2.64099965e+01 -1.75964178e+02 
 1.27197218e+08 -2.66250675e+01 -1.75937156e+02 
 1.28662722e+08 -2.68400608e+01 -1.75909439e+02 
 1.30145112e+08 -2.70549856e+01 -1.75881023e+02 
 1.31644581e+08 -2.72698514e+01 -1.75851901e+02 
 1.33161325e+08 -2.74846675e+01 -1.75822065e+02 
 1.34695546e+08 -2.76994433e+01 -1.75791510e+02 
 1.36247442e+08 -2.79141879e+01 -1.75760227e+02 
 1.37817219e+08 -2.81289105e+01 -1.75728209e+02 
 1.39405082e+08 -2.83436204e+01 -1.75695447e+02 
 1.41011240e+08 -2.85583268e+01 -1.75661934e+02 
 1.42635903e+08 -2.87730389e+01 -1.75627659e+02 
 1.44279285e+08 -2.89877658e+01 -1.75592615e+02 
 1.45941600e+08 -2.92025167e+01 -1.75556792e+02 
 1.47623069e+08 -2.94173010e+01 -1.75520179e+02 
 1.49323910e+08 -2.96321277e+01 -1.75482766e+02 
 1.51044348e+08 -2.98470061e+01 -1.75444542e+02 
 1.52784607e+08 -3.00619457e+01 -1.75405497e+02 
 1.54544917e+08 -3.02769556e+01 -1.75365618e+02 
 1.56325509e+08 -3.04920454e+01 -1.75324893e+02 
 1.58126615e+08 -3.07072244e+01 -1.75283310e+02 
 1.59948473e+08 -3.09225023e+01 -1.75240855e+02 
 1.61791322e+08 -3.11378885e+01 -1.75197516e+02 
 1.63655403e+08 -3.13533928e+01 -1.75153278e+02 
 1.65540961e+08 -3.15690250e+01 -1.75108126e+02 
 1.67448244e+08 -3.17847949e+01 -1.75062045e+02 
 1.69377501e+08 -3.20007124e+01 -1.75015020e+02 
 1.71328986e+08 -3.22167878e+01 -1.74967035e+02 
 1.73302956e+08 -3.24330310e+01 -1.74918072e+02 
 1.75299668e+08 -3.26494526e+01 -1.74868114e+02 
 1.77319386e+08 -3.28660630e+01 -1.74817143e+02 
 1.79362374e+08 -3.30828728e+01 -1.74765139e+02 
 1.81428900e+08 -3.32998927e+01 -1.74712085e+02 
 1.83519236e+08 -3.35171337e+01 -1.74657958e+02 
 1.85633655e+08 -3.37346069e+01 -1.74602739e+02 
 1.87772436e+08 -3.39523236e+01 -1.74546406e+02 
 1.89935859e+08 -3.41702953e+01 -1.74488935e+02 
 1.92124208e+08 -3.43885336e+01 -1.74430304e+02 
 1.94337770e+08 -3.46070506e+01 -1.74370488e+02 
 1.96576835e+08 -3.48258582e+01 -1.74309462e+02 
 1.98841698e+08 -3.50449688e+01 -1.74247200e+02 
 2.01132655e+08 -3.52643952e+01 -1.74183675e+02 
 2.03450008e+08 -3.54841500e+01 -1.74118858e+02 
 2.05794060e+08 -3.57042466e+01 -1.74052720e+02 
 2.08165120e+08 -3.59246982e+01 -1.73985230e+02 
 2.10563497e+08 -3.61455186e+01 -1.73916358e+02 
 2.12989507e+08 -3.63667219e+01 -1.73846070e+02 
 2.15443469e+08 -3.65883224e+01 -1.73774332e+02 
 2.17925704e+08 -3.68103347e+01 -1.73701109e+02 
 2.20436538e+08 -3.70327740e+01 -1.73626363e+02 
 2.22976301e+08 -3.72556556e+01 -1.73550056e+02 
 2.25545326e+08 -3.74789954e+01 -1.73472148e+02 
 2.28143949e+08 -3.77028094e+01 -1.73392597e+02 
 2.30772513e+08 -3.79271145e+01 -1.73311361e+02 
 2.33431362e+08 -3.81519276e+01 -1.73228393e+02 
 2.36120845e+08 -3.83772662e+01 -1.73143648e+02 
 2.38841315e+08 -3.86031483e+01 -1.73057075e+02 
 2.41593128e+08 -3.88295925e+01 -1.72968623e+02 
 2.44376647e+08 -3.90566177e+01 -1.72878240e+02 
 2.47192236e+08 -3.92842435e+01 -1.72785870e+02 
 2.50040265e+08 -3.95124900e+01 -1.72691454e+02 
 2.52921107e+08 -3.97413779e+01 -1.72594932e+02 
 2.55835142e+08 -3.99709286e+01 -1.72496240e+02 
 2.58782750e+08 -4.02011641e+01 -1.72395312e+02 
 2.61764319e+08 -4.04321069e+01 -1.72292080e+02 
 2.64780240e+08 -4.06637804e+01 -1.72186469e+02 
 2.67830910e+08 -4.08962088e+01 -1.72078405e+02 
 2.70916727e+08 -4.11294167e+01 -1.71967808e+02 
 2.74038098e+08 -4.13634300e+01 -1.71854595e+02 
 2.77195432e+08 -4.15982751e+01 -1.71738679e+02 
 2.80389144e+08 -4.18339792e+01 -1.71619968e+02 
 2.83619651e+08 -4.20705708e+01 -1.71498366e+02 
 2.86887379e+08 -4.23080789e+01 -1.71373773e+02 
 2.90192756e+08 -4.25465339e+01 -1.71246083e+02 
 2.93536216e+08 -4.27859669e+01 -1.71115185e+02 
 2.96918198e+08 -4.30264103e+01 -1.70980961e+02 
 3.00339145e+08 -4.32678976e+01 -1.70843291e+02 
 3.03799507e+08 -4.35104635e+01 -1.70702043e+02 
 3.07299737e+08 -4.37541439e+01 -1.70557081e+02 
 3.10840296e+08 -4.39989760e+01 -1.70408263e+02 
 3.14421647e+08 -4.42449985e+01 -1.70255437e+02 
 3.18044260e+08 -4.44922514e+01 -1.70098443e+02 
 3.21708612e+08 -4.47407763e+01 -1.69937112e+02 
 3.25415182e+08 -4.49906162e+01 -1.69771267e+02 
 3.29164458e+08 -4.52418160e+01 -1.69600719e+02 
 3.32956931e+08 -4.54944222e+01 -1.69425268e+02 
 3.36793099e+08 -4.57484831e+01 -1.69244704e+02 
 3.40673466e+08 -4.60040490e+01 -1.69058802e+02 
 3.44598540e+08 -4.62611721e+01 -1.68867327e+02 
 3.48568837e+08 -4.65199067e+01 -1.68670025e+02 
 3.52584878e+08 -4.67803095e+01 -1.68466630e+02 
 3.56647189e+08 -4.70424392e+01 -1.68256857e+02 
 3.60756305e+08 -4.73063572e+01 -1.68040404e+02 
 3.64912764e+08 -4.75721273e+01 -1.67816949e+02 
 3.69117112e+08 -4.78398160e+01 -1.67586148e+02 
 3.73369900e+08 -4.81094927e+01 -1.67347635e+02 
 3.77671687e+08 -4.83812296e+01 -1.67101020e+02 
 3.82023036e+08 -4.86551022e+01 -1.66845884e+02 
 3.86424520e+08 -4.89311889e+01 -1.66581781e+02 
 3.90876716e+08 -4.92095718e+01 -1.66308230e+02 
 3.95380208e+08 -4.94903366e+01 -1.66024719e+02 
 3.99935587e+08 -4.97735724e+01 -1.65730697e+02 
 4.04543450e+08 -5.00593724e+01 -1.65425571e+02 
 4.09204403e+08 -5.03478340e+01 -1.65108705e+02 
 4.13919058e+08 -5.06390586e+01 -1.64779413e+02 
 4.18688032e+08 -5.09331521e+01 -1.64436956e+02 
 4.23511952e+08 -5.12302250e+01 -1.64080534e+02 
 4.28391452e+08 -5.15303927e+01 -1.63709287e+02 
 4.33327170e+08 -5.18337752e+01 -1.63322279e+02 
 4.38319755e+08 -5.21404979e+01 -1.62918501e+02 
 4.43369862e+08 -5.24506909e+01 -1.62496854e+02 
 4.48478155e+08 -5.27644901e+01 -1.62056147e+02 
 4.53645302e+08 -5.30820362e+01 -1.61595083e+02 
 4.58871983e+08 -5.34034754e+01 -1.61112250e+02 
 4.64158883e+08 -5.37289591e+01 -1.60606107e+02 
 4.69506697e+08 -5.40586436e+01 -1.60074970e+02 
 4.74916125e+08 -5.43926897e+01 -1.59516998e+02 
 4.80387878e+08 -5.47312627e+01 -1.58930176e+02 
 4.85922674e+08 -5.50745313e+01 -1.58312290e+02 
 4.91521239e+08 -5.54226666e+01 -1.57660910e+02 
 4.97184308e+08 -5.57758412e+01 -1.56973363e+02 
 5.02912624e+08 -5.61342271e+01 -1.56246706e+02 
 5.08706939e+08 -5.64979939e+01 -1.55477692e+02 
 5.14568013e+08 -5.68673056e+01 -1.54662737e+02 
 5.20496616e+08 -5.72423170e+01 -1.53797882e+02 
 5.26493525e+08 -5.76231689e+01 -1.52878746e+02 
 5.32559528e+08 -5.80099821e+01 -1.51900483e+02 
 5.38695420e+08 -5.84028496e+01 -1.50857729e+02 
 5.44902008e+08 -5.88018269e+01 -1.49744544e+02 
 5.51180104e+08 -5.92069198e+01 -1.48554357e+02 
 5.57530533e+08 -5.96180688e+01 -1.47279907e+02 
 5.63954130e+08 -6.00351299e+01 -1.45913183e+02 
 5.70451735e+08 -6.04578512e+01 -1.44445372e+02 
 5.77024203e+08 -6.08858429e+01 -1.42866820e+02 
 5.83672396e+08 -6.13185424e+01 -1.41167010e+02 
 5.90397186e+08 -6.17551705e+01 -1.39334581e+02 
 5.97199455e+08 -6.21946812e+01 -1.37357385e+02 
 6.04080098e+08 -6.26357025e+01 -1.35222635e+02 
 6.11040015e+08 -6.30764704e+01 -1.32917147e+02 
 6.18080121e+08 -6.35147584e+01 -1.30427724e+02 
 6.25201340e+08 -6.39478072e+01 -1.27741729e+02 
 6.32404607e+08 -6.43722629e+01 -1.24847870e+02 
 6.39690866e+08 -6.47841369e+01 -1.21737239e+02 
 6.47061073e+08 -6.51788046e+01 -1.18404608e+02 
 6.54516197e+08 -6.55510643e+01 -1.14849912e+02 
 6.62057214e+08 -6.58952785e+01 -1.11079831e+02 
 6.69685116e+08 -6.62056138e+01 -1.07109220e+02 
 6.77400903e+08 -6.64763839e+01 -1.02962122e+02 
 6.85205587e+08 -6.67024722e+01 -9.86720049e+01 
 6.93100193e+08 -6.68797884e+01 -9.42809447e+01 
 7.01085757e+08 -6.70056827e+01 -8.98376381e+01 
 7.09163327e+08 -6.70792389e+01 -8.53943905e+01 
 7.17333962e+08 -6.71013790e+01 -8.10035016e+01 
 7.25598736e+08 -6.70747580e+01 -7.67136525e+01 
 7.33958732e+08 -6.70034702e+01 -7.25668955e+01 
 7.42415048e+08 -6.68926349e+01 -6.85966704e+01 
 7.50968794e+08 -6.67479400e+01 -6.48269914e+01 
 7.59621092e+08 -6.65752188e+01 -6.12726889e+01 
 7.68373077e+08 -6.63801082e+01 -5.79404179e+01 
 7.77225899e+08 -6.61678088e+01 -5.48300979e+01 
 7.86180718e+08 -6.59429435e+01 -5.19364851e+01 
 7.95238711e+08 -6.57094993e+01 -4.92506641e+01 
 8.04401065e+08 -6.54708286e+01 -4.67613375e+01 
 8.13668983e+08 -6.52296893e+01 -4.44558640e+01 
 8.23043682e+08 -6.49883069e+01 -4.23210473e+01 
 8.32526392e+08 -6.47484442e+01 -4.03437033e+01 
 8.42118357e+08 -6.45114726e+01 -3.85110459e+01 
 8.51820836e+08 -6.42784376e+01 -3.68109314e+01 
 8.61635102e+08 -6.40501178e+01 -3.52319988e+01 
 8.71562443e+08 -6.38270758e+01 -3.37637347e+01 
 8.81604162e+08 -6.36097011e+01 -3.23964870e+01 
 8.91761577e+08 -6.33982457e+01 -3.11214459e+01 
 9.02036021e+08 -6.31928537e+01 -2.99306024e+01 
 9.12428842e+08 -6.29935845e+01 -2.88166967e+01 
 9.22941404e+08 -6.28004328e+01 -2.77731600e+01 
 9.33575087e+08 -6.26133432e+01 -2.67940551e+01 
 9.44331286e+08 -6.24322229e+01 -2.58740185e+01 
 9.55211412e+08 -6.22569515e+01 -2.50082048e+01 
 9.66216894e+08 -6.20873885e+01 -2.41922357e+01 
 9.77349176e+08 -6.19233795e+01 -2.34221520e+01 
 9.88609719e+08 -6.17647607e+01 -2.26943712e+01 
 1.00000000e+09 -6.16113631e+01 -2.20056477e+01 
