 frequency       AmagdB          Aphdeg         
 1.00000000e+02  1.05440644e+02  1.76786783e+02 
 1.01152151e+02  1.05440329e+02  1.76749841e+02 
 1.02317577e+02  1.05440006e+02  1.76712475e+02 
 1.03496431e+02  1.05439675e+02  1.76674682e+02 
 1.04688866e+02  1.05439337e+02  1.76636457e+02 
 1.05895041e+02  1.05438991e+02  1.76597794e+02 
 1.07115112e+02  1.05438638e+02  1.76558689e+02 
 1.08349240e+02  1.05438276e+02  1.76519136e+02 
 1.09597588e+02  1.05437905e+02  1.76479132e+02 
 1.10860318e+02  1.05437526e+02  1.76438669e+02 
 1.12137597e+02  1.05437139e+02  1.76397745e+02 
 1.13429592e+02  1.05436742e+02  1.76356352e+02 
 1.14736472e+02  1.05436336e+02  1.76314487e+02 
 1.16058410e+02  1.05435921e+02  1.76272143e+02 
 1.17395579e+02  1.05435496e+02  1.76229315e+02 
 1.18748154e+02  1.05435062e+02  1.76185998e+02 
 1.20116312e+02  1.05434617e+02  1.76142187e+02 
 1.21500234e+02  1.05434163e+02  1.76097875e+02 
 1.22900101e+02  1.05433697e+02  1.76053057e+02 
 1.24316096e+02  1.05433221e+02  1.76007729e+02 
 1.25748406e+02  1.05432734e+02  1.75961882e+02 
 1.27197218e+02  1.05432236e+02  1.75915513e+02 
 1.28662722e+02  1.05431726e+02  1.75868616e+02 
 1.30145112e+02  1.05431205e+02  1.75821183e+02 
 1.31644581e+02  1.05430671e+02  1.75773210e+02 
 1.33161325e+02  1.05430125e+02  1.75724690e+02 
 1.34695546e+02  1.05429567e+02  1.75675617e+02 
 1.36247442e+02  1.05428996e+02  1.75625985e+02 
 1.37817219e+02  1.05428412e+02  1.75575788e+02 
 1.39405082e+02  1.05427814e+02  1.75525020e+02 
 1.41011240e+02  1.05427202e+02  1.75473674e+02 
 1.42635903e+02  1.05426576e+02  1.75421744e+02 
 1.44279285e+02  1.05425936e+02  1.75369223e+02 
 1.45941600e+02  1.05425281e+02  1.75316105e+02 
 1.47623069e+02  1.05424611e+02  1.75262383e+02 
 1.49323910e+02  1.05423926e+02  1.75208050e+02 
 1.51044348e+02  1.05423225e+02  1.75153101e+02 
 1.52784607e+02  1.05422508e+02  1.75097527e+02 
 1.54544917e+02  1.05421774e+02  1.75041322e+02 
 1.56325509e+02  1.05421023e+02  1.74984480e+02 
 1.58126615e+02  1.05420255e+02  1.74926993e+02 
 1.59948473e+02  1.05419470e+02  1.74868853e+02 
 1.61791322e+02  1.05418666e+02  1.74810055e+02 
 1.63655403e+02  1.05417844e+02  1.74750590e+02 
 1.65540961e+02  1.05417003e+02  1.74690452e+02 
 1.67448244e+02  1.05416143e+02  1.74629633e+02 
 1.69377501e+02  1.05415263e+02  1.74568125e+02 
 1.71328986e+02  1.05414363e+02  1.74505921e+02 
 1.73302956e+02  1.05413442e+02  1.74443014e+02 
 1.75299668e+02  1.05412500e+02  1.74379396e+02 
 1.77319386e+02  1.05411536e+02  1.74315059e+02 
 1.79362374e+02  1.05410550e+02  1.74249995e+02 
 1.81428900e+02  1.05409542e+02  1.74184196e+02 
 1.83519236e+02  1.05408510e+02  1.74117655e+02 
 1.85633655e+02  1.05407455e+02  1.74050364e+02 
 1.87772436e+02  1.05406375e+02  1.73982314e+02 
 1.89935859e+02  1.05405271e+02  1.73913497e+02 
 1.92124208e+02  1.05404142e+02  1.73843906e+02 
 1.94337770e+02  1.05402987e+02  1.73773531e+02 
 1.96576835e+02  1.05401805e+02  1.73702364e+02 
 1.98841698e+02  1.05400596e+02  1.73630397e+02 
 2.01132655e+02  1.05399359e+02  1.73557622e+02 
 2.03450008e+02  1.05398095e+02  1.73484029e+02 
 2.05794060e+02  1.05396801e+02  1.73409610e+02 
 2.08165120e+02  1.05395478e+02  1.73334356e+02 
 2.10563497e+02  1.05394124e+02  1.73258259e+02 
 2.12989507e+02  1.05392740e+02  1.73181309e+02 
 2.15443469e+02  1.05391324e+02  1.73103498e+02 
 2.17925704e+02  1.05389875e+02  1.73024816e+02 
 2.20436538e+02  1.05388394e+02  1.72945255e+02 
 2.22976301e+02  1.05386878e+02  1.72864804e+02 
 2.25545326e+02  1.05385328e+02  1.72783456e+02 
 2.28143949e+02  1.05383743e+02  1.72701199e+02 
 2.30772513e+02  1.05382122e+02  1.72618026e+02 
 2.33431362e+02  1.05380463e+02  1.72533926e+02 
 2.36120845e+02  1.05378767e+02  1.72448890e+02 
 2.38841315e+02  1.05377032e+02  1.72362908e+02 
 2.41593128e+02  1.05375258e+02  1.72275971e+02 
 2.44376647e+02  1.05373444e+02  1.72188068e+02 
 2.47192236e+02  1.05371588e+02  1.72099190e+02 
 2.50040265e+02  1.05369690e+02  1.72009327e+02 
 2.52921107e+02  1.05367748e+02  1.71918469e+02 
 2.55835142e+02  1.05365763e+02  1.71826605e+02 
 2.58782750e+02  1.05363733e+02  1.71733726e+02 
 2.61764319e+02  1.05361656e+02  1.71639821e+02 
 2.64780240e+02  1.05359533e+02  1.71544880e+02 
 2.67830910e+02  1.05357361e+02  1.71448892e+02 
 2.70916727e+02  1.05355140e+02  1.71351848e+02 
 2.74038098e+02  1.05352869e+02  1.71253736e+02 
 2.77195432e+02  1.05350547e+02  1.71154547e+02 
 2.80389144e+02  1.05348171e+02  1.71054269e+02 
 2.83619651e+02  1.05345743e+02  1.70952891e+02 
 2.86887379e+02  1.05343259e+02  1.70850403e+02 
 2.90192756e+02  1.05340719e+02  1.70746795e+02 
 2.93536216e+02  1.05338122e+02  1.70642054e+02 
 2.96918198e+02  1.05335466e+02  1.70536171e+02 
 3.00339145e+02  1.05332751e+02  1.70429134e+02 
 3.03799507e+02  1.05329974e+02  1.70320932e+02 
 3.07299737e+02  1.05327135e+02  1.70211554e+02 
 3.10840296e+02  1.05324232e+02  1.70100989e+02 
 3.14421647e+02  1.05321263e+02  1.69989226e+02 
 3.18044260e+02  1.05318228e+02  1.69876253e+02 
 3.21708612e+02  1.05315125e+02  1.69762059e+02 
 3.25415182e+02  1.05311952e+02  1.69646633e+02 
 3.29164458e+02  1.05308708e+02  1.69529963e+02 
 3.32956931e+02  1.05305391e+02  1.69412038e+02 
 3.36793099e+02  1.05302000e+02  1.69292846e+02 
 3.40673466e+02  1.05298533e+02  1.69172376e+02 
 3.44598540e+02  1.05294989e+02  1.69050616e+02 
 3.48568837e+02  1.05291365e+02  1.68927555e+02 
 3.52584878e+02  1.05287661e+02  1.68803180e+02 
 3.56647189e+02  1.05283874e+02  1.68677482e+02 
 3.60756305e+02  1.05280003e+02  1.68550447e+02 
 3.64912764e+02  1.05276046e+02  1.68422063e+02 
 3.69117112e+02  1.05272000e+02  1.68292321e+02 
 3.73369900e+02  1.05267865e+02  1.68161207e+02 
 3.77671687e+02  1.05263638e+02  1.68028709e+02 
 3.82023036e+02  1.05259317e+02  1.67894817e+02 
 3.86424520e+02  1.05254901e+02  1.67759518e+02 
 3.90876716e+02  1.05250387e+02  1.67622801e+02 
 3.95380208e+02  1.05245773e+02  1.67484654e+02 
 3.99935587e+02  1.05241057e+02  1.67345065e+02 
 4.04543450e+02  1.05236238e+02  1.67204023e+02 
 4.09204403e+02  1.05231312e+02  1.67061515e+02 
 4.13919058e+02  1.05226277e+02  1.66917530e+02 
 4.18688032e+02  1.05221132e+02  1.66772057e+02 
 4.23511952e+02  1.05215875e+02  1.66625084e+02 
 4.28391452e+02  1.05210501e+02  1.66476600e+02 
 4.33327170e+02  1.05205011e+02  1.66326592e+02 
 4.38319755e+02  1.05199400e+02  1.66175049e+02 
 4.43369862e+02  1.05193666e+02  1.66021960e+02 
 4.48478155e+02  1.05187808e+02  1.65867314e+02 
 4.53645302e+02  1.05181822e+02  1.65711099e+02 
 4.58871983e+02  1.05175706e+02  1.65553304e+02 
 4.64158883e+02  1.05169456e+02  1.65393917e+02 
 4.69506697e+02  1.05163072e+02  1.65232929e+02 
 4.74916125e+02  1.05156549e+02  1.65070327e+02 
 4.80387878e+02  1.05149885e+02  1.64906101e+02 
 4.85922674e+02  1.05143077e+02  1.64740240e+02 
 4.91521239e+02  1.05136122e+02  1.64572734e+02 
 4.97184308e+02  1.05129018e+02  1.64403571e+02 
 5.02912624e+02  1.05121761e+02  1.64232742e+02 
 5.08706939e+02  1.05114349e+02  1.64060236e+02 
 5.14568013e+02  1.05106777e+02  1.63886043e+02 
 5.20496616e+02  1.05099044e+02  1.63710152e+02 
 5.26493525e+02  1.05091146e+02  1.63532555e+02 
 5.32559528e+02  1.05083080e+02  1.63353241e+02 
 5.38695420e+02  1.05074842e+02  1.63172201e+02 
 5.44902008e+02  1.05066430e+02  1.62989426e+02 
 5.51180104e+02  1.05057839e+02  1.62804906e+02 
 5.57530533e+02  1.05049067e+02  1.62618632e+02 
 5.63954130e+02  1.05040109e+02  1.62430596e+02 
 5.70451735e+02  1.05030964e+02  1.62240789e+02 
 5.77024203e+02  1.05021626e+02  1.62049203e+02 
 5.83672396e+02  1.05012092e+02  1.61855830e+02 
 5.90397186e+02  1.05002359e+02  1.61660662e+02 
 5.97199455e+02  1.04992424e+02  1.61463691e+02 
 6.04080098e+02  1.04982281e+02  1.61264911e+02 
 6.11040015e+02  1.04971928e+02  1.61064313e+02 
 6.18080121e+02  1.04961360e+02  1.60861892e+02 
 6.25201340e+02  1.04950574e+02  1.60657642e+02 
 6.32404607e+02  1.04939565e+02  1.60451555e+02 
 6.39690866e+02  1.04928331e+02  1.60243626e+02 
 6.47061073e+02  1.04916866e+02  1.60033850e+02 
 6.54516197e+02  1.04905166e+02  1.59822222e+02 
 6.62057214e+02  1.04893228e+02  1.59608737e+02 
 6.69685116e+02  1.04881047e+02  1.59393390e+02 
 6.77400903e+02  1.04868619e+02  1.59176178e+02 
 6.85205587e+02  1.04855940e+02  1.58957096e+02 
 6.93100193e+02  1.04843005e+02  1.58736143e+02 
 7.01085757e+02  1.04829809e+02  1.58513314e+02 
 7.09163327e+02  1.04816350e+02  1.58288608e+02 
 7.17333962e+02  1.04802622e+02  1.58062023e+02 
 7.25598736e+02  1.04788620e+02  1.57833556e+02 
 7.33958732e+02  1.04774340e+02  1.57603208e+02 
 7.42415048e+02  1.04759778e+02  1.57370978e+02 
 7.50968794e+02  1.04744929e+02  1.57136865e+02 
 7.59621092e+02  1.04729788e+02  1.56900871e+02 
 7.68373077e+02  1.04714350e+02  1.56662995e+02 
 7.77225899e+02  1.04698611e+02  1.56423240e+02 
 7.86180718e+02  1.04682567e+02  1.56181607e+02 
 7.95238711e+02  1.04666211e+02  1.55938100e+02 
 8.04401065e+02  1.04649540e+02  1.55692720e+02 
 8.13668983e+02  1.04632549e+02  1.55445473e+02 
 8.23043682e+02  1.04615232e+02  1.55196362e+02 
 8.32526392e+02  1.04597586e+02  1.54945392e+02 
 8.42118357e+02  1.04579604e+02  1.54692568e+02 
 8.51820836e+02  1.04561282e+02  1.54437897e+02 
 8.61635102e+02  1.04542615e+02  1.54181385e+02 
 8.71562443e+02  1.04523599e+02  1.53923040e+02 
 8.81604162e+02  1.04504227e+02  1.53662870e+02 
 8.91761577e+02  1.04484495e+02  1.53400882e+02 
 9.02036021e+02  1.04464399e+02  1.53137088e+02 
 9.12428842e+02  1.04443932e+02  1.52871495e+02 
 9.22941404e+02  1.04423091e+02  1.52604116e+02 
 9.33575087e+02  1.04401870e+02  1.52334962e+02 
 9.44331286e+02  1.04380263e+02  1.52064044e+02 
 9.55211412e+02  1.04358267e+02  1.51791375e+02 
 9.66216894e+02  1.04335875e+02  1.51516969e+02 
 9.77349176e+02  1.04313084e+02  1.51240840e+02 
 9.88609719e+02  1.04289887e+02  1.50963003e+02 
 1.00000000e+03  1.04266280e+02  1.50683473e+02 
 1.01152151e+03  1.04242259e+02  1.50402267e+02 
 1.02317577e+03  1.04217817e+02  1.50119403e+02 
 1.03496431e+03  1.04192950e+02  1.49834896e+02 
 1.04688866e+03  1.04167654e+02  1.49548767e+02 
 1.05895041e+03  1.04141923e+02  1.49261035e+02 
 1.07115112e+03  1.04115752e+02  1.48971720e+02 
 1.08349240e+03  1.04089138e+02  1.48680842e+02 
 1.09597588e+03  1.04062074e+02  1.48388423e+02 
 1.10860318e+03  1.04034556e+02  1.48094486e+02 
 1.12137597e+03  1.04006580e+02  1.47799054e+02 
 1.13429592e+03  1.03978141e+02  1.47502150e+02 
 1.14736472e+03  1.03949234e+02  1.47203799e+02 
 1.16058410e+03  1.03919855e+02  1.46904027e+02 
 1.17395579e+03  1.03890000e+02  1.46602859e+02 
 1.18748154e+03  1.03859664e+02  1.46300322e+02 
 1.20116312e+03  1.03828842e+02  1.45996444e+02 
 1.21500234e+03  1.03797531e+02  1.45691253e+02 
 1.22900101e+03  1.03765726e+02  1.45384778e+02 
 1.24316096e+03  1.03733423e+02  1.45077048e+02 
 1.25748406e+03  1.03700618e+02  1.44768095e+02 
 1.27197218e+03  1.03667308e+02  1.44457949e+02 
 1.28662722e+03  1.03633488e+02  1.44146641e+02 
 1.30145112e+03  1.03599155e+02  1.43834205e+02 
 1.31644581e+03  1.03564305e+02  1.43520673e+02 
 1.33161325e+03  1.03528934e+02  1.43206078e+02 
 1.34695546e+03  1.03493039e+02  1.42890456e+02 
 1.36247442e+03  1.03456617e+02  1.42573840e+02 
 1.37817219e+03  1.03419664e+02  1.42256268e+02 
 1.39405082e+03  1.03382178e+02  1.41937773e+02 
 1.41011240e+03  1.03344154e+02  1.41618394e+02 
 1.42635903e+03  1.03305591e+02  1.41298167e+02 
 1.44279285e+03  1.03266486e+02  1.40977130e+02 
 1.45941600e+03  1.03226835e+02  1.40655321e+02 
 1.47623069e+03  1.03186637e+02  1.40332779e+02 
 1.49323910e+03  1.03145888e+02  1.40009542e+02 
 1.51044348e+03  1.03104587e+02  1.39685651e+02 
 1.52784607e+03  1.03062732e+02  1.39361145e+02 
 1.54544917e+03  1.03020320e+02  1.39036065e+02 
 1.56325509e+03  1.02977349e+02  1.38710450e+02 
 1.58126615e+03  1.02933819e+02  1.38384343e+02 
 1.59948473e+03  1.02889726e+02  1.38057785e+02 
 1.61791322e+03  1.02845071e+02  1.37730817e+02 
 1.63655403e+03  1.02799851e+02  1.37403481e+02 
 1.65540961e+03  1.02754065e+02  1.37075819e+02 
 1.67448244e+03  1.02707712e+02  1.36747873e+02 
 1.69377501e+03  1.02660791e+02  1.36419686e+02 
 1.71328986e+03  1.02613302e+02  1.36091301e+02 
 1.73302956e+03  1.02565244e+02  1.35762761e+02 
 1.75299668e+03  1.02516617e+02  1.35434107e+02 
 1.77319386e+03  1.02467420e+02  1.35105384e+02 
 1.79362374e+03  1.02417653e+02  1.34776634e+02 
 1.81428900e+03  1.02367316e+02  1.34447900e+02 
 1.83519236e+03  1.02316409e+02  1.34119225e+02 
 1.85633655e+03  1.02264933e+02  1.33790652e+02 
 1.87772436e+03  1.02212888e+02  1.33462224e+02 
 1.89935859e+03  1.02160274e+02  1.33133984e+02 
 1.92124208e+03  1.02107093e+02  1.32805974e+02 
 1.94337770e+03  1.02053345e+02  1.32478237e+02 
 1.96576835e+03  1.01999031e+02  1.32150815e+02 
 1.98841698e+03  1.01944153e+02  1.31823749e+02 
 2.01132655e+03  1.01888712e+02  1.31497083e+02 
 2.03450008e+03  1.01832709e+02  1.31170858e+02 
 2.05794060e+03  1.01776145e+02  1.30845114e+02 
 2.08165120e+03  1.01719024e+02  1.30519893e+02 
 2.10563497e+03  1.01661346e+02  1.30195236e+02 
 2.12989507e+03  1.01603114e+02  1.29871182e+02 
 2.15443469e+03  1.01544329e+02  1.29547772e+02 
 2.17925704e+03  1.01484994e+02  1.29225044e+02 
 2.20436538e+03  1.01425112e+02  1.28903039e+02 
 2.22976301e+03  1.01364685e+02  1.28581795e+02 
 2.25545326e+03  1.01303715e+02  1.28261349e+02 
 2.28143949e+03  1.01242206e+02  1.27941740e+02 
 2.30772513e+03  1.01180161e+02  1.27623004e+02 
 2.33431362e+03  1.01117581e+02  1.27305178e+02 
 2.36120845e+03  1.01054472e+02  1.26988298e+02 
 2.38841315e+03  1.00990835e+02  1.26672399e+02 
 2.41593128e+03  1.00926674e+02  1.26357517e+02 
 2.44376647e+03  1.00861993e+02  1.26043685e+02 
 2.47192236e+03  1.00796795e+02  1.25730936e+02 
 2.50040265e+03  1.00731084e+02  1.25419305e+02 
 2.52921107e+03  1.00664863e+02  1.25108823e+02 
 2.55835142e+03  1.00598137e+02  1.24799521e+02 
 2.58782750e+03  1.00530910e+02  1.24491432e+02 
 2.61764319e+03  1.00463185e+02  1.24184584e+02 
 2.64780240e+03  1.00394966e+02  1.23879008e+02 
 2.67830910e+03  1.00326258e+02  1.23574732e+02 
 2.70916727e+03  1.00257065e+02  1.23271785e+02 
 2.74038098e+03  1.00187391e+02  1.22970194e+02 
 2.77195432e+03  1.00117241e+02  1.22669985e+02 
 2.80389144e+03  1.00046619e+02  1.22371185e+02 
 2.83619651e+03  9.99755299e+01  1.22073819e+02 
 2.86887379e+03  9.99039777e+01  1.21777912e+02 
 2.90192756e+03  9.98319674e+01  1.21483486e+02 
 2.93536216e+03  9.97595036e+01  1.21190566e+02 
 2.96918198e+03  9.96865910e+01  1.20899172e+02 
 3.00339145e+03  9.96132343e+01  1.20609328e+02 
 3.03799507e+03  9.95394385e+01  1.20321053e+02 
 3.07299737e+03  9.94652082e+01  1.20034367e+02 
 3.10840296e+03  9.93905485e+01  1.19749290e+02 
 3.14421647e+03  9.93154641e+01  1.19465840e+02 
 3.18044260e+03  9.92399600e+01  1.19184034e+02 
 3.21708612e+03  9.91640411e+01  1.18903891e+02 
 3.25415182e+03  9.90877125e+01  1.18625425e+02 
 3.29164458e+03  9.90109791e+01  1.18348653e+02 
 3.32956931e+03  9.89338458e+01  1.18073589e+02 
 3.36793099e+03  9.88563178e+01  1.17800248e+02 
 3.40673466e+03  9.87784000e+01  1.17528642e+02 
 3.44598540e+03  9.87000975e+01  1.17258784e+02 
 3.48568837e+03  9.86214152e+01  1.16990686e+02 
 3.52584878e+03  9.85423582e+01  1.16724360e+02 
 3.56647189e+03  9.84629316e+01  1.16459815e+02 
 3.60756305e+03  9.83831403e+01  1.16197062e+02 
 3.64912764e+03  9.83029893e+01  1.15936110e+02 
 3.69117112e+03  9.82224837e+01  1.15676967e+02 
 3.73369900e+03  9.81416284e+01  1.15419641e+02 
 3.77671687e+03  9.80604285e+01  1.15164140e+02 
 3.82023036e+03  9.79788888e+01  1.14910469e+02 
 3.86424520e+03  9.78970142e+01  1.14658635e+02 
 3.90876716e+03  9.78148098e+01  1.14408642e+02 
 3.95380208e+03  9.77322805e+01  1.14160497e+02 
 3.99935587e+03  9.76494310e+01  1.13914202e+02 
 4.04543450e+03  9.75662662e+01  1.13669762e+02 
 4.09204403e+03  9.74827909e+01  1.13427179e+02 
 4.13919058e+03  9.73990100e+01  1.13186456e+02 
 4.18688032e+03  9.73149281e+01  1.12947595e+02 
 4.23511952e+03  9.72305500e+01  1.12710596e+02 
 4.28391452e+03  9.71458804e+01  1.12475461e+02 
 4.33327170e+03  9.70609239e+01  1.12242190e+02 
 4.38319755e+03  9.69756851e+01  1.12010782e+02 
 4.43369862e+03  9.68901687e+01  1.11781238e+02 
 4.48478155e+03  9.68043791e+01  1.11553555e+02 
 4.53645302e+03  9.67183209e+01  1.11327733e+02 
 4.58871983e+03  9.66319984e+01  1.11103768e+02 
 4.64158883e+03  9.65454161e+01  1.10881660e+02 
 4.69506697e+03  9.64585785e+01  1.10661403e+02 
 4.74916125e+03  9.63714897e+01  1.10442996e+02 
 4.80387878e+03  9.62841541e+01  1.10226434e+02 
 4.85922674e+03  9.61965759e+01  1.10011713e+02 
 4.91521239e+03  9.61087594e+01  1.09798829e+02 
 4.97184308e+03  9.60207085e+01  1.09587777e+02 
 5.02912624e+03  9.59324276e+01  1.09378551e+02 
 5.08706939e+03  9.58439205e+01  1.09171145e+02 
 5.14568013e+03  9.57551913e+01  1.08965555e+02 
 5.20496616e+03  9.56662439e+01  1.08761773e+02 
 5.26493525e+03  9.55770823e+01  1.08559792e+02 
 5.32559528e+03  9.54877102e+01  1.08359607e+02 
 5.38695420e+03  9.53981316e+01  1.08161209e+02 
 5.44902008e+03  9.53083501e+01  1.07964591e+02 
 5.51180104e+03  9.52183694e+01  1.07769746e+02 
 5.57530533e+03  9.51281933e+01  1.07576665e+02 
 5.63954130e+03  9.50378253e+01  1.07385340e+02 
 5.70451735e+03  9.49472689e+01  1.07195763e+02 
 5.77024203e+03  9.48565278e+01  1.07007924e+02 
 5.83672396e+03  9.47656052e+01  1.06821816e+02 
 5.90397186e+03  9.46745047e+01  1.06637428e+02 
 5.97199455e+03  9.45832296e+01  1.06454752e+02 
 6.04080098e+03  9.44917832e+01  1.06273777e+02 
 6.11040015e+03  9.44001687e+01  1.06094494e+02 
 6.18080121e+03  9.43083894e+01  1.05916893e+02 
 6.25201340e+03  9.42164484e+01  1.05740964e+02 
 6.32404607e+03  9.41243488e+01  1.05566697e+02 
 6.39690866e+03  9.40320938e+01  1.05394081e+02 
 6.47061073e+03  9.39396862e+01  1.05223106e+02 
 6.54516197e+03  9.38471291e+01  1.05053761e+02 
 6.62057214e+03  9.37544254e+01  1.04886035e+02 
 6.69685116e+03  9.36615780e+01  1.04719918e+02 
 6.77400903e+03  9.35685896e+01  1.04555397e+02 
 6.85205587e+03  9.34754631e+01  1.04392463e+02 
 6.93100193e+03  9.33822012e+01  1.04231103e+02 
 7.01085757e+03  9.32888065e+01  1.04071307e+02 
 7.09163327e+03  9.31952818e+01  1.03913062e+02 
 7.17333962e+03  9.31016296e+01  1.03756359e+02 
 7.25598736e+03  9.30078524e+01  1.03601184e+02 
 7.33958732e+03  9.29139529e+01  1.03447526e+02 
 7.42415048e+03  9.28199333e+01  1.03295374e+02 
 7.50968794e+03  9.27257962e+01  1.03144715e+02 
 7.59621092e+03  9.26315439e+01  1.02995539e+02 
 7.68373077e+03  9.25371788e+01  1.02847832e+02 
 7.77225899e+03  9.24427031e+01  1.02701584e+02 
 7.86180718e+03  9.23481191e+01  1.02556782e+02 
 7.95238711e+03  9.22534291e+01  1.02413414e+02 
 8.04401065e+03  9.21586351e+01  1.02271468e+02 
 8.13668983e+03  9.20637393e+01  1.02130932e+02 
 8.23043682e+03  9.19687439e+01  1.01991795e+02 
 8.32526392e+03  9.18736508e+01  1.01854043e+02 
 8.42118357e+03  9.17784622e+01  1.01717665e+02 
 8.51820836e+03  9.16831798e+01  1.01582650e+02 
 8.61635102e+03  9.15878058e+01  1.01448984e+02 
 8.71562443e+03  9.14923420e+01  1.01316656e+02 
 8.81604162e+03  9.13967902e+01  1.01185653e+02 
 8.91761577e+03  9.13011524e+01  1.01055964e+02 
 9.02036021e+03  9.12054303e+01  1.00927577e+02 
 9.12428842e+03  9.11096256e+01  1.00800479e+02 
 9.22941404e+03  9.10137402e+01  1.00674659e+02 
 9.33575087e+03  9.09177756e+01  1.00550105e+02 
 9.44331286e+03  9.08217336e+01  1.00426804e+02 
 9.55211412e+03  9.07256158e+01  1.00304744e+02 
 9.66216894e+03  9.06294237e+01  1.00183915e+02 
 9.77349176e+03  9.05331591e+01  1.00064303e+02 
 9.88609719e+03  9.04368233e+01  9.99458971e+01 
 1.00000000e+04  9.03404179e+01  9.98286856e+01 
 1.01152151e+04  9.02439445e+01  9.97126565e+01 
 1.02317577e+04  9.01474043e+01  9.95977981e+01 
 1.03496431e+04  9.00507989e+01  9.94840988e+01 
 1.04688866e+04  8.99541296e+01  9.93715468e+01 
 1.05895041e+04  8.98573978e+01  9.92601306e+01 
 1.07115112e+04  8.97606049e+01  9.91498387e+01 
 1.08349240e+04  8.96637521e+01  9.90406595e+01 
 1.09597588e+04  8.95668407e+01  9.89325816e+01 
 1.10860318e+04  8.94698720e+01  9.88255936e+01 
 1.12137597e+04  8.93728472e+01  9.87196842e+01 
 1.13429592e+04  8.92757675e+01  9.86148420e+01 
 1.14736472e+04  8.91786341e+01  9.85110559e+01 
 1.16058410e+04  8.90814481e+01  9.84083146e+01 
 1.17395579e+04  8.89842108e+01  9.83066071e+01 
 1.18748154e+04  8.88869231e+01  9.82059223e+01 
 1.20116312e+04  8.87895862e+01  9.81062492e+01 
 1.21500234e+04  8.86922012e+01  9.80075769e+01 
 1.22900101e+04  8.85947690e+01  9.79098944e+01 
 1.24316096e+04  8.84972907e+01  9.78131911e+01 
 1.25748406e+04  8.83997673e+01  9.77174560e+01 
 1.27197218e+04  8.83021998e+01  9.76226787e+01 
 1.28662722e+04  8.82045892e+01  9.75288483e+01 
 1.30145112e+04  8.81069363e+01  9.74359545e+01 
 1.31644581e+04  8.80092421e+01  9.73439867e+01 
 1.33161325e+04  8.79115074e+01  9.72529344e+01 
 1.34695546e+04  8.78137333e+01  9.71627873e+01 
 1.36247442e+04  8.77159205e+01  9.70735352e+01 
 1.37817219e+04  8.76180698e+01  9.69851678e+01 
 1.39405082e+04  8.75201821e+01  9.68976750e+01 
 1.41011240e+04  8.74222582e+01  9.68110466e+01 
 1.42635903e+04  8.73242989e+01  9.67252727e+01 
 1.44279285e+04  8.72263050e+01  9.66403433e+01 
 1.45941600e+04  8.71282772e+01  9.65562485e+01 
 1.47623069e+04  8.70302163e+01  9.64729785e+01 
 1.49323910e+04  8.69321229e+01  9.63905236e+01 
 1.51044348e+04  8.68339978e+01  9.63088741e+01 
 1.52784607e+04  8.67358417e+01  9.62280204e+01 
 1.54544917e+04  8.66376552e+01  9.61479529e+01 
 1.56325509e+04  8.65394391e+01  9.60686622e+01 
 1.58126615e+04  8.64411939e+01  9.59901388e+01 
 1.59948473e+04  8.63429204e+01  9.59123734e+01 
 1.61791322e+04  8.62446191e+01  9.58353568e+01 
 1.63655403e+04  8.61462906e+01  9.57590798e+01 
 1.65540961e+04  8.60479355e+01  9.56835331e+01 
 1.67448244e+04  8.59495545e+01  9.56087078e+01 
 1.69377501e+04  8.58511480e+01  9.55345949e+01 
 1.71328986e+04  8.57527167e+01  9.54611853e+01 
 1.73302956e+04  8.56542610e+01  9.53884703e+01 
 1.75299668e+04  8.55557816e+01  9.53164411e+01 
 1.77319386e+04  8.54572789e+01  9.52450888e+01 
 1.79362374e+04  8.53587534e+01  9.51744049e+01 
 1.81428900e+04  8.52602057e+01  9.51043806e+01 
 1.83519236e+04  8.51616362e+01  9.50350076e+01 
 1.85633655e+04  8.50630454e+01  9.49662773e+01 
 1.87772436e+04  8.49644338e+01  9.48981812e+01 
 1.89935859e+04  8.48658018e+01  9.48307111e+01 
 1.92124208e+04  8.47671499e+01  9.47638586e+01 
 1.94337770e+04  8.46684784e+01  9.46976155e+01 
 1.96576835e+04  8.45697879e+01  9.46319737e+01 
 1.98841698e+04  8.44710788e+01  9.45669250e+01 
 2.01132655e+04  8.43723513e+01  9.45024615e+01 
 2.03450008e+04  8.42736061e+01  9.44385750e+01 
 2.05794060e+04  8.41748433e+01  9.43752578e+01 
 2.08165120e+04  8.40760635e+01  9.43125019e+01 
 2.10563497e+04  8.39772670e+01  9.42502995e+01 
 2.12989507e+04  8.38784541e+01  9.41886429e+01 
 2.15443469e+04  8.37796252e+01  9.41275244e+01 
 2.17925704e+04  8.36807806e+01  9.40669364e+01 
 2.20436538e+04  8.35819208e+01  9.40068712e+01 
 2.22976301e+04  8.34830459e+01  9.39473215e+01 
 2.25545326e+04  8.33841564e+01  9.38882796e+01 
 2.28143949e+04  8.32852526e+01  9.38297383e+01 
 2.30772513e+04  8.31863347e+01  9.37716901e+01 
 2.33431362e+04  8.30874031e+01  9.37141278e+01 
 2.36120845e+04  8.29884580e+01  9.36570441e+01 
 2.38841315e+04  8.28894998e+01  9.36004317e+01 
 2.41593128e+04  8.27905287e+01  9.35442837e+01 
 2.44376647e+04  8.26915451e+01  9.34885928e+01 
 2.47192236e+04  8.25925490e+01  9.34333521e+01 
 2.50040265e+04  8.24935410e+01  9.33785546e+01 
 2.52921107e+04  8.23945211e+01  9.33241932e+01 
 2.55835142e+04  8.22954896e+01  9.32702612e+01 
 2.58782750e+04  8.21964468e+01  9.32167516e+01 
 2.61764319e+04  8.20973930e+01  9.31636577e+01 
 2.64780240e+04  8.19983283e+01  9.31109728e+01 
 2.67830910e+04  8.18992529e+01  9.30586901e+01 
 2.70916727e+04  8.18001672e+01  9.30068030e+01 
 2.74038098e+04  8.17010713e+01  9.29553048e+01 
 2.77195432e+04  8.16019654e+01  9.29041891e+01 
 2.80389144e+04  8.15028497e+01  9.28534492e+01 
 2.83619651e+04  8.14037244e+01  9.28030788e+01 
 2.86887379e+04  8.13045898e+01  9.27530713e+01 
 2.90192756e+04  8.12054460e+01  9.27034203e+01 
 2.93536216e+04  8.11062932e+01  9.26541196e+01 
 2.96918198e+04  8.10071316e+01  9.26051628e+01 
 3.00339145e+04  8.09079613e+01  9.25565436e+01 
 3.03799507e+04  8.08087826e+01  9.25082559e+01 
 3.07299737e+04  8.07095956e+01  9.24602933e+01 
 3.10840296e+04  8.06104004e+01  9.24126498e+01 
 3.14421647e+04  8.05111973e+01  9.23653192e+01 
 3.18044260e+04  8.04119864e+01  9.23182954e+01 
 3.21708612e+04  8.03127677e+01  9.22715725e+01 
 3.25415182e+04  8.02135416e+01  9.22251443e+01 
 3.29164458e+04  8.01143081e+01  9.21790050e+01 
 3.32956931e+04  8.00150673e+01  9.21331485e+01 
 3.36793099e+04  7.99158194e+01  9.20875690e+01 
 3.40673466e+04  7.98165646e+01  9.20422606e+01 
 3.44598540e+04  7.97173029e+01  9.19972174e+01 
 3.48568837e+04  7.96180345e+01  9.19524337e+01 
 3.52584878e+04  7.95187596e+01  9.19079036e+01 
 3.56647189e+04  7.94194781e+01  9.18636214e+01 
 3.60756305e+04  7.93201903e+01  9.18195814e+01 
 3.64912764e+04  7.92208962e+01  9.17757779e+01 
 3.69117112e+04  7.91215960e+01  9.17322052e+01 
 3.73369900e+04  7.90222898e+01  9.16888577e+01 
 3.77671687e+04  7.89229776e+01  9.16457298e+01 
 3.82023036e+04  7.88236596e+01  9.16028158e+01 
 3.86424520e+04  7.87243359e+01  9.15601104e+01 
 3.90876716e+04  7.86250065e+01  9.15176078e+01 
 3.95380208e+04  7.85256716e+01  9.14753026e+01 
 3.99935587e+04  7.84263312e+01  9.14331894e+01 
 4.04543450e+04  7.83269854e+01  9.13912626e+01 
 4.09204403e+04  7.82276343e+01  9.13495169e+01 
 4.13919058e+04  7.81282780e+01  9.13079467e+01 
 4.18688032e+04  7.80289165e+01  9.12665468e+01 
 4.23511952e+04  7.79295500e+01  9.12253117e+01 
 4.28391452e+04  7.78301785e+01  9.11842361e+01 
 4.33327170e+04  7.77308020e+01  9.11433147e+01 
 4.38319755e+04  7.76314207e+01  9.11025421e+01 
 4.43369862e+04  7.75320346e+01  9.10619130e+01 
 4.48478155e+04  7.74326437e+01  9.10214222e+01 
 4.53645302e+04  7.73332482e+01  9.09810644e+01 
 4.58871983e+04  7.72338480e+01  9.09408344e+01 
 4.64158883e+04  7.71344432e+01  9.09007268e+01 
 4.69506697e+04  7.70350340e+01  9.08607366e+01 
 4.74916125e+04  7.69356202e+01  9.08208585e+01 
 4.80387878e+04  7.68362020e+01  9.07810873e+01 
 4.85922674e+04  7.67367795e+01  9.07414178e+01 
 4.91521239e+04  7.66373525e+01  9.07018449e+01 
 4.97184308e+04  7.65379213e+01  9.06623635e+01 
 5.02912624e+04  7.64384858e+01  9.06229683e+01 
 5.08706939e+04  7.63390461e+01  9.05836543e+01 
 5.14568013e+04  7.62396022e+01  9.05444163e+01 
 5.20496616e+04  7.61401541e+01  9.05052493e+01 
 5.26493525e+04  7.60407019e+01  9.04661481e+01 
 5.32559528e+04  7.59412456e+01  9.04271076e+01 
 5.38695420e+04  7.58417851e+01  9.03881228e+01 
 5.44902008e+04  7.57423207e+01  9.03491886e+01 
 5.51180104e+04  7.56428521e+01  9.03102998e+01 
 5.57530533e+04  7.55433795e+01  9.02714515e+01 
 5.63954130e+04  7.54439030e+01  9.02326386e+01 
 5.70451735e+04  7.53444224e+01  9.01938560e+01 
 5.77024203e+04  7.52449378e+01  9.01550986e+01 
 5.83672396e+04  7.51454492e+01  9.01163615e+01 
 5.90397186e+04  7.50459567e+01  9.00776395e+01 
 5.97199455e+04  7.49464602e+01  9.00389276e+01 
 6.04080098e+04  7.48469597e+01  9.00002208e+01 
 6.11040015e+04  7.47474553e+01  8.99615141e+01 
 6.18080121e+04  7.46479469e+01  8.99228023e+01 
 6.25201340e+04  7.45484346e+01  8.98840805e+01 
 6.32404607e+04  7.44489182e+01  8.98453435e+01 
 6.39690866e+04  7.43493979e+01  8.98065864e+01 
 6.47061073e+04  7.42498736e+01  8.97678041e+01 
 6.54516197e+04  7.41503453e+01  8.97289916e+01 
 6.62057214e+04  7.40508130e+01  8.96901437e+01 
 6.69685116e+04  7.39512766e+01  8.96512555e+01 
 6.77400903e+04  7.38517363e+01  8.96123218e+01 
 6.85205587e+04  7.37521918e+01  8.95733375e+01 
 6.93100193e+04  7.36526432e+01  8.95342977e+01 
 7.01085757e+04  7.35530906e+01  8.94951972e+01 
 7.09163327e+04  7.34535338e+01  8.94560310e+01 
 7.17333962e+04  7.33539728e+01  8.94167938e+01 
 7.25598736e+04  7.32544076e+01  8.93774807e+01 
 7.33958732e+04  7.31548382e+01  8.93380865e+01 
 7.42415048e+04  7.30552646e+01  8.92986061e+01 
 7.50968794e+04  7.29556866e+01  8.92590342e+01 
 7.59621092e+04  7.28561043e+01  8.92193659e+01 
 7.68373077e+04  7.27565176e+01  8.91795959e+01 
 7.77225899e+04  7.26569265e+01  8.91397190e+01 
 7.86180718e+04  7.25573309e+01  8.90997301e+01 
 7.95238711e+04  7.24577307e+01  8.90596239e+01 
 8.04401065e+04  7.23581260e+01  8.90193953e+01 
 8.13668983e+04  7.22585167e+01  8.89790389e+01 
 8.23043682e+04  7.21589027e+01  8.89385497e+01 
 8.32526392e+04  7.20592840e+01  8.88979222e+01 
 8.42118357e+04  7.19596604e+01  8.88571513e+01 
 8.51820836e+04  7.18600320e+01  8.88162315e+01 
 8.61635102e+04  7.17603987e+01  8.87751577e+01 
 8.71562443e+04  7.16607603e+01  8.87339245e+01 
 8.81604162e+04  7.15611169e+01  8.86925264e+01 
 8.91761577e+04  7.14614683e+01  8.86509582e+01 
 9.02036021e+04  7.13618146e+01  8.86092145e+01 
 9.12428842e+04  7.12621555e+01  8.85672898e+01 
 9.22941404e+04  7.11624910e+01  8.85251787e+01 
 9.33575087e+04  7.10628211e+01  8.84828758e+01 
 9.44331286e+04  7.09631456e+01  8.84403755e+01 
 9.55211412e+04  7.08634645e+01  8.83976723e+01 
 9.66216894e+04  7.07637777e+01  8.83547608e+01 
 9.77349176e+04  7.06640850e+01  8.83116353e+01 
 9.88609719e+04  7.05643864e+01  8.82682903e+01 
 1.00000000e+05  7.04646817e+01  8.82247202e+01 
 1.01152151e+05  7.03649710e+01  8.81809193e+01 
 1.02317577e+05  7.02652539e+01  8.81368821e+01 
 1.03496431e+05  7.01655306e+01  8.80926026e+01 
 1.04688866e+05  7.00658007e+01  8.80480754e+01 
 1.05895041e+05  6.99660643e+01  8.80032945e+01 
 1.07115112e+05  6.98663211e+01  8.79582543e+01 
 1.08349240e+05  6.97665711e+01  8.79129489e+01 
 1.09597588e+05  6.96668141e+01  8.78673725e+01 
 1.10860318e+05  6.95670501e+01  8.78215192e+01 
 1.12137597e+05  6.94672788e+01  8.77753831e+01 
 1.13429592e+05  6.93675001e+01  8.77289582e+01 
 1.14736472e+05  6.92677139e+01  8.76822387e+01 
 1.16058410e+05  6.91679201e+01  8.76352183e+01 
 1.17395579e+05  6.90681184e+01  8.75878912e+01 
 1.18748154e+05  6.89683088e+01  8.75402513e+01 
 1.20116312e+05  6.88684910e+01  8.74922923e+01 
 1.21500234e+05  6.87686649e+01  8.74440083e+01 
 1.22900101e+05  6.86688304e+01  8.73953929e+01 
 1.24316096e+05  6.85689872e+01  8.73464399e+01 
 1.25748406e+05  6.84691352e+01  8.72971431e+01 
 1.27197218e+05  6.83692743e+01  8.72474962e+01 
 1.28662722e+05  6.82694041e+01  8.71974927e+01 
 1.30145112e+05  6.81695246e+01  8.71471264e+01 
 1.31644581e+05  6.80696355e+01  8.70963907e+01 
 1.33161325e+05  6.79697366e+01  8.70452792e+01 
 1.34695546e+05  6.78698278e+01  8.69937854e+01 
 1.36247442e+05  6.77699088e+01  8.69419027e+01 
 1.37817219e+05  6.76699793e+01  8.68896245e+01 
 1.39405082e+05  6.75700393e+01  8.68369441e+01 
 1.41011240e+05  6.74700884e+01  8.67838549e+01 
 1.42635903e+05  6.73701265e+01  8.67303500e+01 
 1.44279285e+05  6.72701532e+01  8.66764228e+01 
 1.45941600e+05  6.71701684e+01  8.66220663e+01 
 1.47623069e+05  6.70701717e+01  8.65672737e+01 
 1.49323910e+05  6.69701630e+01  8.65120380e+01 
 1.51044348e+05  6.68701420e+01  8.64563522e+01 
 1.52784607e+05  6.67701084e+01  8.64002093e+01 
 1.54544917e+05  6.66700619e+01  8.63436023e+01 
 1.56325509e+05  6.65700023e+01  8.62865239e+01 
 1.58126615e+05  6.64699292e+01  8.62289669e+01 
 1.59948473e+05  6.63698424e+01  8.61709242e+01 
 1.61791322e+05  6.62697416e+01  8.61123885e+01 
 1.63655403e+05  6.61696264e+01  8.60533523e+01 
 1.65540961e+05  6.60694966e+01  8.59938082e+01 
 1.67448244e+05  6.59693518e+01  8.59337489e+01 
 1.69377501e+05  6.58691917e+01  8.58731668e+01 
 1.71328986e+05  6.57690160e+01  8.58120543e+01 
 1.73302956e+05  6.56688243e+01  8.57504037e+01 
 1.75299668e+05  6.55686162e+01  8.56882075e+01 
 1.77319386e+05  6.54683914e+01  8.56254578e+01 
 1.79362374e+05  6.53681495e+01  8.55621468e+01 
 1.81428900e+05  6.52678902e+01  8.54982668e+01 
 1.83519236e+05  6.51676130e+01  8.54338097e+01 
 1.85633655e+05  6.50673176e+01  8.53687676e+01 
 1.87772436e+05  6.49670036e+01  8.53031324e+01 
 1.89935859e+05  6.48666704e+01  8.52368961e+01 
 1.92124208e+05  6.47663178e+01  8.51700504e+01 
 1.94337770e+05  6.46659453e+01  8.51025872e+01 
 1.96576835e+05  6.45655524e+01  8.50344982e+01 
 1.98841698e+05  6.44651386e+01  8.49657749e+01 
 2.01132655e+05  6.43647036e+01  8.48964090e+01 
 2.03450008e+05  6.42642469e+01  8.48263921e+01 
 2.05794060e+05  6.41637678e+01  8.47557155e+01 
 2.08165120e+05  6.40632660e+01  8.46843707e+01 
 2.10563497e+05  6.39627410e+01  8.46123490e+01 
 2.12989507e+05  6.38621922e+01  8.45396416e+01 
 2.15443469e+05  6.37616191e+01  8.44662398e+01 
 2.17925704e+05  6.36610211e+01  8.43921347e+01 
 2.20436538e+05  6.35603977e+01  8.43173173e+01 
 2.22976301e+05  6.34597484e+01  8.42417786e+01 
 2.25545326e+05  6.33590725e+01  8.41655097e+01 
 2.28143949e+05  6.32583694e+01  8.40885013e+01 
 2.30772513e+05  6.31576386e+01  8.40107442e+01 
 2.33431362e+05  6.30568794e+01  8.39322292e+01 
 2.36120845e+05  6.29560912e+01  8.38529469e+01 
 2.38841315e+05  6.28552733e+01  8.37728880e+01 
 2.41593128e+05  6.27544251e+01  8.36920430e+01 
 2.44376647e+05  6.26535459e+01  8.36104022e+01 
 2.47192236e+05  6.25526350e+01  8.35279562e+01 
 2.50040265e+05  6.24516916e+01  8.34446952e+01 
 2.52921107e+05  6.23507152e+01  8.33606095e+01 
 2.55835142e+05  6.22497049e+01  8.32756892e+01 
 2.58782750e+05  6.21486600e+01  8.31899246e+01 
 2.61764319e+05  6.20475796e+01  8.31033056e+01 
 2.64780240e+05  6.19464631e+01  8.30158222e+01 
 2.67830910e+05  6.18453096e+01  8.29274643e+01 
 2.70916727e+05  6.17441183e+01  8.28382219e+01 
 2.74038098e+05  6.16428883e+01  8.27480846e+01 
 2.77195432e+05  6.15416188e+01  8.26570422e+01 
 2.80389144e+05  6.14403089e+01  8.25650843e+01 
 2.83619651e+05  6.13389577e+01  8.24722005e+01 
 2.86887379e+05  6.12375644e+01  8.23783803e+01 
 2.90192756e+05  6.11361278e+01  8.22836132e+01 
 2.93536216e+05  6.10346472e+01  8.21878886e+01 
 2.96918198e+05  6.09331215e+01  8.20911957e+01 
 3.00339145e+05  6.08315497e+01  8.19935238e+01 
 3.03799507e+05  6.07299308e+01  8.18948621e+01 
 3.07299737e+05  6.06282637e+01  8.17951997e+01 
 3.10840296e+05  6.05265475e+01  8.16945258e+01 
 3.14421647e+05  6.04247810e+01  8.15928293e+01 
 3.18044260e+05  6.03229631e+01  8.14900991e+01 
 3.21708612e+05  6.02210926e+01  8.13863241e+01 
 3.25415182e+05  6.01191685e+01  8.12814932e+01 
 3.29164458e+05  6.00171895e+01  8.11755951e+01 
 3.32956931e+05  5.99151545e+01  8.10686186e+01 
 3.36793099e+05  5.98130621e+01  8.09605522e+01 
 3.40673466e+05  5.97109112e+01  8.08513847e+01 
 3.44598540e+05  5.96087005e+01  8.07411045e+01 
 3.48568837e+05  5.95064287e+01  8.06297002e+01 
 3.52584878e+05  5.94040943e+01  8.05171602e+01 
 3.56647189e+05  5.93016961e+01  8.04034729e+01 
 3.60756305e+05  5.91992328e+01  8.02886266e+01 
 3.64912764e+05  5.90967027e+01  8.01726098e+01 
 3.69117112e+05  5.89941046e+01  8.00554106e+01 
 3.73369900e+05  5.88914369e+01  7.99370172e+01 
 3.77671687e+05  5.87886981e+01  7.98174180e+01 
 3.82023036e+05  5.86858868e+01  7.96966010e+01 
 3.86424520e+05  5.85830012e+01  7.95745543e+01 
 3.90876716e+05  5.84800399e+01  7.94512661e+01 
 3.95380208e+05  5.83770012e+01  7.93267244e+01 
 3.99935587e+05  5.82738834e+01  7.92009172e+01 
 4.04543450e+05  5.81706848e+01  7.90738325e+01 
 4.09204403e+05  5.80674037e+01  7.89454584e+01 
 4.13919058e+05  5.79640384e+01  7.88157828e+01 
 4.18688032e+05  5.78605871e+01  7.86847936e+01 
 4.23511952e+05  5.77570478e+01  7.85524788e+01 
 4.28391452e+05  5.76534188e+01  7.84188264e+01 
 4.33327170e+05  5.75496982e+01  7.82838242e+01 
 4.38319755e+05  5.74458839e+01  7.81474601e+01 
 4.43369862e+05  5.73419741e+01  7.80097222e+01 
 4.48478155e+05  5.72379667e+01  7.78705983e+01 
 4.53645302e+05  5.71338596e+01  7.77300763e+01 
 4.58871983e+05  5.70296508e+01  7.75881443e+01 
 4.64158883e+05  5.69253382e+01  7.74447902e+01 
 4.69506697e+05  5.68209195e+01  7.73000019e+01 
 4.74916125e+05  5.67163925e+01  7.71537675e+01 
 4.80387878e+05  5.66117551e+01  7.70060751e+01 
 4.85922674e+05  5.65070048e+01  7.68569127e+01 
 4.91521239e+05  5.64021395e+01  7.67062684e+01 
 4.97184308e+05  5.62971566e+01  7.65541304e+01 
 5.02912624e+05  5.61920538e+01  7.64004870e+01 
 5.08706939e+05  5.60868287e+01  7.62453264e+01 
 5.14568013e+05  5.59814786e+01  7.60886370e+01 
 5.20496616e+05  5.58760012e+01  7.59304070e+01 
 5.26493525e+05  5.57703936e+01  7.57706252e+01 
 5.32559528e+05  5.56646535e+01  7.56092799e+01 
 5.38695420e+05  5.55587779e+01  7.54463598e+01 
 5.44902008e+05  5.54527643e+01  7.52818537e+01 
 5.51180104e+05  5.53466099e+01  7.51157504e+01 
 5.57530533e+05  5.52403117e+01  7.49480389e+01 
 5.63954130e+05  5.51338670e+01  7.47787082e+01 
 5.70451735e+05  5.50272728e+01  7.46077474e+01 
 5.77024203e+05  5.49205263e+01  7.44351459e+01 
 5.83672396e+05  5.48136242e+01  7.42608932e+01 
 5.90397186e+05  5.47065637e+01  7.40849787e+01 
 5.97199455e+05  5.45993415e+01  7.39073923e+01 
 6.04080098e+05  5.44919546e+01  7.37281237e+01 
 6.11040015e+05  5.43843997e+01  7.35471632e+01 
 6.18080121e+05  5.42766735e+01  7.33645009e+01 
 6.25201340e+05  5.41687729e+01  7.31801271e+01 
 6.32404607e+05  5.40606943e+01  7.29940327e+01 
 6.39690866e+05  5.39524344e+01  7.28062082e+01 
 6.47061073e+05  5.38439898e+01  7.26166449e+01 
 6.54516197e+05  5.37353570e+01  7.24253338e+01 
 6.62057214e+05  5.36265323e+01  7.22322666e+01 
 6.69685116e+05  5.35175122e+01  7.20374348e+01 
 6.77400903e+05  5.34082930e+01  7.18408306e+01 
 6.85205587e+05  5.32988711e+01  7.16424460e+01 
 6.93100193e+05  5.31892426e+01  7.14422736e+01 
 7.01085757e+05  5.30794039e+01  7.12403062e+01 
 7.09163327e+05  5.29693509e+01  7.10365369e+01 
 7.17333962e+05  5.28590799e+01  7.08309590e+01 
 7.25598736e+05  5.27485868e+01  7.06235661e+01 
 7.33958732e+05  5.26378677e+01  7.04143524e+01 
 7.42415048e+05  5.25269186e+01  7.02033121e+01 
 7.50968794e+05  5.24157353e+01  6.99904400e+01 
 7.59621092e+05  5.23043136e+01  6.97757311e+01 
 7.68373077e+05  5.21926495e+01  6.95591807e+01 
 7.77225899e+05  5.20807387e+01  6.93407848e+01 
 7.86180718e+05  5.19685768e+01  6.91205395e+01 
 7.95238711e+05  5.18561596e+01  6.88984414e+01 
 8.04401065e+05  5.17434827e+01  6.86744875e+01 
 8.13668983e+05  5.16305417e+01  6.84486752e+01 
 8.23043682e+05  5.15173322e+01  6.82210025e+01 
 8.32526392e+05  5.14038496e+01  6.79914676e+01 
 8.42118357e+05  5.12900894e+01  6.77600694e+01 
 8.51820836e+05  5.11760470e+01  6.75268072e+01 
 8.61635102e+05  5.10617179e+01  6.72916806e+01 
 8.71562443e+05  5.09470973e+01  6.70546900e+01 
 8.81604162e+05  5.08321806e+01  6.68158361e+01 
 8.91761577e+05  5.07169631e+01  6.65751203e+01 
 9.02036021e+05  5.06014400e+01  6.63325443e+01 
 9.12428842e+05  5.04856066e+01  6.60881105e+01 
 9.22941404e+05  5.03694579e+01  6.58418220e+01 
 9.33575087e+05  5.02529893e+01  6.55936821e+01 
 9.44331286e+05  5.01361957e+01  6.53436950e+01 
 9.55211412e+05  5.00190724e+01  6.50918653e+01 
 9.66216894e+05  4.99016144e+01  6.48381985e+01 
 9.77349176e+05  4.97838168e+01  6.45827002e+01 
 9.88609719e+05  4.96656745e+01  6.43253772e+01 
 1.00000000e+06  4.95471827e+01  6.40662365e+01 
 1.01152151e+06  4.94283364e+01  6.38052860e+01 
 1.02317577e+06  4.93091305e+01  6.35425341e+01 
 1.03496431e+06  4.91895601e+01  6.32779899e+01 
 1.04688866e+06  4.90696201e+01  6.30116633e+01 
 1.05895041e+06  4.89493055e+01  6.27435647e+01 
 1.07115112e+06  4.88286113e+01  6.24737053e+01 
 1.08349240e+06  4.87075324e+01  6.22020971e+01 
 1.09597588e+06  4.85860639e+01  6.19287525e+01 
 1.10860318e+06  4.84642007e+01  6.16536848e+01 
 1.12137597e+06  4.83419378e+01  6.13769082e+01 
 1.13429592e+06  4.82192702e+01  6.10984372e+01 
 1.14736472e+06  4.80961930e+01  6.08182875e+01 
 1.16058410e+06  4.79727011e+01  6.05364751e+01 
 1.17395579e+06  4.78487896e+01  6.02530171e+01 
 1.18748154e+06  4.77244535e+01  5.99679312e+01 
 1.20116312e+06  4.75996881e+01  5.96812357e+01 
 1.21500234e+06  4.74744884e+01  5.93929498e+01 
 1.22900101e+06  4.73488496e+01  5.91030936e+01 
 1.24316096e+06  4.72227668e+01  5.88116877e+01 
 1.25748406e+06  4.70962353e+01  5.85187535e+01 
 1.27197218e+06  4.69692505e+01  5.82243133e+01 
 1.28662722e+06  4.68418076e+01  5.79283900e+01 
 1.30145112e+06  4.67139019e+01  5.76310073e+01 
 1.31644581e+06  4.65855290e+01  5.73321897e+01 
 1.33161325e+06  4.64566843e+01  5.70319623e+01 
 1.34695546e+06  4.63273634e+01  5.67303511e+01 
 1.36247442e+06  4.61975618e+01  5.64273828e+01 
 1.37817219e+06  4.60672753e+01  5.61230847e+01 
 1.39405082e+06  4.59364996e+01  5.58174850e+01 
 1.41011240e+06  4.58052304e+01  5.55106125e+01 
 1.42635903e+06  4.56734638e+01  5.52024967e+01 
 1.44279285e+06  4.55411957e+01  5.48931680e+01 
 1.45941600e+06  4.54084221e+01  5.45826572e+01 
 1.47623069e+06  4.52751392e+01  5.42709959e+01 
 1.49323910e+06  4.51413432e+01  5.39582164e+01 
 1.51044348e+06  4.50070305e+01  5.36443516e+01 
 1.52784607e+06  4.48721975e+01  5.33294351e+01 
 1.54544917e+06  4.47368407e+01  5.30135011e+01 
 1.56325509e+06  4.46009568e+01  5.26965843e+01 
 1.58126615e+06  4.44645426e+01  5.23787202e+01 
 1.59948473e+06  4.43275948e+01  5.20599446e+01 
 1.61791322e+06  4.41901104e+01  5.17402942e+01 
 1.63655403e+06  4.40520866e+01  5.14198059e+01 
 1.65540961e+06  4.39135205e+01  5.10985173e+01 
 1.67448244e+06  4.37744095e+01  5.07764666e+01 
 1.69377501e+06  4.36347509e+01  5.04536923e+01 
 1.71328986e+06  4.34945425e+01  5.01302333e+01 
 1.73302956e+06  4.33537818e+01  4.98061292e+01 
 1.75299668e+06  4.32124667e+01  4.94814197e+01 
 1.77319386e+06  4.30705953e+01  4.91561452e+01 
 1.79362374e+06  4.29281655e+01  4.88303463e+01 
 1.81428900e+06  4.27851757e+01  4.85040639e+01 
 1.83519236e+06  4.26416241e+01  4.81773393e+01 
 1.85633655e+06  4.24975095e+01  4.78502141e+01 
 1.87772436e+06  4.23528303e+01  4.75227300e+01 
 1.89935859e+06  4.22075855e+01  4.71949292e+01 
 1.92124208e+06  4.20617739e+01  4.68668539e+01 
 1.94337770e+06  4.19153947e+01  4.65385466e+01 
 1.96576835e+06  4.17684471e+01  4.62100499e+01 
 1.98841698e+06  4.16209306e+01  4.58814066e+01 
 2.01132655e+06  4.14728446e+01  4.55526594e+01 
 2.03450008e+06  4.13241888e+01  4.52238514e+01 
 2.05794060e+06  4.11749632e+01  4.48950255e+01 
 2.08165120e+06  4.10251677e+01  4.45662246e+01 
 2.10563497e+06  4.08748024e+01  4.42374917e+01 
 2.12989507e+06  4.07238676e+01  4.39088698e+01 
 2.15443469e+06  4.05723638e+01  4.35804016e+01 
 2.17925704e+06  4.04202915e+01  4.32521301e+01 
 2.20436538e+06  4.02676516e+01  4.29240978e+01 
 2.22976301e+06  4.01144448e+01  4.25963471e+01 
 2.25545326e+06  3.99606722e+01  4.22689205e+01 
 2.28143949e+06  3.98063351e+01  4.19418599e+01 
 2.30772513e+06  3.96514346e+01  4.16152073e+01 
 2.33431362e+06  3.94959723e+01  4.12890043e+01 
 2.36120845e+06  3.93399497e+01  4.09632922e+01 
 2.38841315e+06  3.91833687e+01  4.06381120e+01 
 2.41593128e+06  3.90262311e+01  4.03135043e+01 
 2.44376647e+06  3.88685389e+01  3.99895095e+01 
 2.47192236e+06  3.87102943e+01  3.96661675e+01 
 2.50040265e+06  3.85514995e+01  3.93435179e+01 
 2.52921107e+06  3.83921570e+01  3.90215996e+01 
 2.55835142e+06  3.82322692e+01  3.87004513e+01 
 2.58782750e+06  3.80718390e+01  3.83801113e+01 
 2.61764319e+06  3.79108690e+01  3.80606170e+01 
 2.64780240e+06  3.77493621e+01  3.77420058e+01 
 2.67830910e+06  3.75873214e+01  3.74243141e+01 
 2.70916727e+06  3.74247500e+01  3.71075780e+01 
 2.74038098e+06  3.72616512e+01  3.67918331e+01 
 2.77195432e+06  3.70980282e+01  3.64771141e+01 
 2.80389144e+06  3.69338847e+01  3.61634554e+01 
 2.83619651e+06  3.67692240e+01  3.58508906e+01 
 2.86887379e+06  3.66040499e+01  3.55394528e+01 
 2.90192756e+06  3.64383662e+01  3.52291744e+01 
 2.93536216e+06  3.62721766e+01  3.49200869e+01 
 2.96918198e+06  3.61054851e+01  3.46122216e+01 
 3.00339145e+06  3.59382957e+01  3.43056088e+01 
 3.03799507e+06  3.57706125e+01  3.40002780e+01 
 3.07299737e+06  3.56024397e+01  3.36962583e+01 
 3.10840296e+06  3.54337815e+01  3.33935780e+01 
 3.14421647e+06  3.52646423e+01  3.30922644e+01 
 3.18044260e+06  3.50950264e+01  3.27923446e+01 
 3.21708612e+06  3.49249382e+01  3.24938444e+01 
 3.25415182e+06  3.47543824e+01  3.21967892e+01 
 3.29164458e+06  3.45833634e+01  3.19012037e+01 
 3.32956931e+06  3.44118858e+01  3.16071117e+01 
 3.36793099e+06  3.42399544e+01  3.13145362e+01 
 3.40673466e+06  3.40675739e+01  3.10234996e+01 
 3.44598540e+06  3.38947490e+01  3.07340234e+01 
 3.48568837e+06  3.37214844e+01  3.04461286e+01 
 3.52584878e+06  3.35477852e+01  3.01598352e+01 
 3.56647189e+06  3.33736560e+01  2.98751626e+01 
 3.60756305e+06  3.31991018e+01  2.95921293e+01 
 3.64912764e+06  3.30241276e+01  2.93107531e+01 
 3.69117112e+06  3.28487382e+01  2.90310513e+01 
 3.73369900e+06  3.26729387e+01  2.87530401e+01 
 3.77671687e+06  3.24967340e+01  2.84767351e+01 
 3.82023036e+06  3.23201291e+01  2.82021513e+01 
 3.86424520e+06  3.21431290e+01  2.79293028e+01 
 3.90876716e+06  3.19657388e+01  2.76582031e+01 
 3.95380208e+06  3.17879635e+01  2.73888650e+01 
 3.99935587e+06  3.16098080e+01  2.71213003e+01 
 4.04543450e+06  3.14312775e+01  2.68555206e+01 
 4.09204403e+06  3.12523769e+01  2.65915364e+01 
 4.13919058e+06  3.10731113e+01  2.63293578e+01 
 4.18688032e+06  3.08934857e+01  2.60689939e+01 
 4.23511952e+06  3.07135050e+01  2.58104535e+01 
 4.28391452e+06  3.05331743e+01  2.55537444e+01 
 4.33327170e+06  3.03524985e+01  2.52988741e+01 
 4.38319755e+06  3.01714826e+01  2.50458493e+01 
 4.43369862e+06  2.99901315e+01  2.47946759e+01 
 4.48478155e+06  2.98084502e+01  2.45453595e+01 
 4.53645302e+06  2.96264435e+01  2.42979049e+01 
 4.58871983e+06  2.94441164e+01  2.40523164e+01 
 4.64158883e+06  2.92614736e+01  2.38085977e+01 
 4.69506697e+06  2.90785199e+01  2.35667518e+01 
 4.74916125e+06  2.88952603e+01  2.33267814e+01 
 4.80387878e+06  2.87116993e+01  2.30886884e+01 
 4.85922674e+06  2.85278418e+01  2.28524743e+01 
 4.91521239e+06  2.83436924e+01  2.26181401e+01 
 4.97184308e+06  2.81592558e+01  2.23856861e+01 
 5.02912624e+06  2.79745365e+01  2.21551124e+01 
 5.08706939e+06  2.77895393e+01  2.19264184e+01 
 5.14568013e+06  2.76042685e+01  2.16996031e+01 
 5.20496616e+06  2.74187288e+01  2.14746650e+01 
 5.26493525e+06  2.72329245e+01  2.12516021e+01 
 5.32559528e+06  2.70468601e+01  2.10304120e+01 
 5.38695420e+06  2.68605400e+01  2.08110921e+01 
 5.44902008e+06  2.66739684e+01  2.05936390e+01 
 5.51180104e+06  2.64871498e+01  2.03780491e+01 
 5.57530533e+06  2.63000882e+01  2.01643184e+01 
 5.63954130e+06  2.61127879e+01  1.99524426e+01 
 5.70451735e+06  2.59252531e+01  1.97424168e+01 
 5.77024203e+06  2.57374878e+01  1.95342360e+01 
 5.83672396e+06  2.55494961e+01  1.93278946e+01 
 5.90397186e+06  2.53612820e+01  1.91233870e+01 
 5.97199455e+06  2.51728494e+01  1.89207069e+01 
 6.04080098e+06  2.49842023e+01  1.87198479e+01 
 6.11040015e+06  2.47953445e+01  1.85208034e+01 
 6.18080121e+06  2.46062799e+01  1.83235662e+01 
 6.25201340e+06  2.44170121e+01  1.81281291e+01 
 6.32404607e+06  2.42275449e+01  1.79344845e+01 
 6.39690866e+06  2.40378819e+01  1.77426245e+01 
 6.47061073e+06  2.38480269e+01  1.75525412e+01 
 6.54516197e+06  2.36579832e+01  1.73642261e+01 
 6.62057214e+06  2.34677544e+01  1.71776708e+01 
 6.69685116e+06  2.32773441e+01  1.69928664e+01 
 6.77400903e+06  2.30867555e+01  1.68098040e+01 
 6.85205587e+06  2.28959921e+01  1.66284744e+01 
 6.93100193e+06  2.27050571e+01  1.64488683e+01 
 7.01085757e+06  2.25139539e+01  1.62709761e+01 
 7.09163327e+06  2.23226856e+01  1.60947880e+01 
 7.17333962e+06  2.21312554e+01  1.59202942e+01 
 7.25598736e+06  2.19396665e+01  1.57474847e+01 
 7.33958732e+06  2.17479218e+01  1.55763492e+01 
 7.42415048e+06  2.15560244e+01  1.54068774e+01 
 7.50968794e+06  2.13639773e+01  1.52390588e+01 
 7.59621092e+06  2.11717833e+01  1.50728829e+01 
 7.68373077e+06  2.09794455e+01  1.49083389e+01 
 7.77225899e+06  2.07869665e+01  1.47454160e+01 
 7.86180718e+06  2.05943492e+01  1.45841034e+01 
 7.95238711e+06  2.04015963e+01  1.44243898e+01 
 8.04401065e+06  2.02087105e+01  1.42662644e+01 
 8.13668983e+06  2.00156944e+01  1.41097158e+01 
 8.23043682e+06  1.98225507e+01  1.39547327e+01 
 8.32526392e+06  1.96292819e+01  1.38013039e+01 
 8.42118357e+06  1.94358905e+01  1.36494180e+01 
 8.51820836e+06  1.92423789e+01  1.34990634e+01 
 8.61635102e+06  1.90487497e+01  1.33502286e+01 
 8.71562443e+06  1.88550051e+01  1.32029021e+01 
 8.81604162e+06  1.86611476e+01  1.30570723e+01 
 8.91761577e+06  1.84671793e+01  1.29127274e+01 
 9.02036021e+06  1.82731026e+01  1.27698559e+01 
 9.12428842e+06  1.80789198e+01  1.26284460e+01 
 9.22941404e+06  1.78846328e+01  1.24884860e+01 
 9.33575087e+06  1.76902440e+01  1.23499640e+01 
 9.44331286e+06  1.74957553e+01  1.22128685e+01 
 9.55211412e+06  1.73011690e+01  1.20771875e+01 
 9.66216894e+06  1.71064868e+01  1.19429094e+01 
 9.77349176e+06  1.69117109e+01  1.18100222e+01 
 9.88609719e+06  1.67168433e+01  1.16785143e+01 
 1.00000000e+07  1.65218857e+01  1.15483739e+01 
 1.01152151e+07  1.63268401e+01  1.14195891e+01 
 1.02317577e+07  1.61317083e+01  1.12921483e+01 
 1.03496431e+07  1.59364921e+01  1.11660397e+01 
 1.04688866e+07  1.57411933e+01  1.10412515e+01 
 1.05895041e+07  1.55458137e+01  1.09177722e+01 
 1.07115112e+07  1.53503548e+01  1.07955899e+01 
 1.08349240e+07  1.51548184e+01  1.06746931e+01 
 1.09597588e+07  1.49592062e+01  1.05550702e+01 
 1.10860318e+07  1.47635196e+01  1.04367096e+01 
 1.12137597e+07  1.45677604e+01  1.03195997e+01 
 1.13429592e+07  1.43719300e+01  1.02037290e+01 
 1.14736472e+07  1.41760299e+01  1.00890861e+01 
 1.16058410e+07  1.39800617e+01  9.97565950e+00 
 1.17395579e+07  1.37840267e+01  9.86343788e+00 
 1.18748154e+07  1.35879264e+01  9.75240989e+00 
 1.20116312e+07  1.33917623e+01  9.64256424e+00 
 1.21500234e+07  1.31955355e+01  9.53388970e+00 
 1.22900101e+07  1.29992476e+01  9.42637510e+00 
 1.24316096e+07  1.28028998e+01  9.32000931e+00 
 1.25748406e+07  1.26064934e+01  9.21478124e+00 
 1.27197218e+07  1.24100296e+01  9.11067990e+00 
 1.28662722e+07  1.22135097e+01  9.00769433e+00 
 1.30145112e+07  1.20169349e+01  8.90581362e+00 
 1.31644581e+07  1.18203064e+01  8.80502694e+00 
 1.33161325e+07  1.16236254e+01  8.70532352e+00 
 1.34695546e+07  1.14268929e+01  8.60669265e+00 
 1.36247442e+07  1.12301100e+01  8.50912368e+00 
 1.37817219e+07  1.10332780e+01  8.41260602e+00 
 1.39405082e+07  1.08363978e+01  8.31712918e+00 
 1.41011240e+07  1.06394705e+01  8.22268269e+00 
 1.42635903e+07  1.04424971e+01  8.12925617e+00 
 1.44279285e+07  1.02454786e+01  8.03683932e+00 
 1.45941600e+07  1.00484160e+01  7.94542190e+00 
 1.47623069e+07  9.85131026e+00  7.85499372e+00 
 1.49323910e+07  9.65416232e+00  7.76554469e+00 
 1.51044348e+07  9.45697308e+00  7.67706478e+00 
 1.52784607e+07  9.25974347e+00  7.58954402e+00 
 1.54544917e+07  9.06247436e+00  7.50297254e+00 
 1.56325509e+07  8.86516661e+00  7.41734051e+00 
 1.58126615e+07  8.66782107e+00  7.33263820e+00 
 1.59948473e+07  8.47043857e+00  7.24885592e+00 
 1.61791322e+07  8.27301992e+00  7.16598410e+00 
 1.63655403e+07  8.07556591e+00  7.08401321e+00 
 1.65540961e+07  7.87807732e+00  7.00293379e+00 
 1.67448244e+07  7.68055491e+00  6.92273649e+00 
 1.69377501e+07  7.48299942e+00  6.84341199e+00 
 1.71328986e+07  7.28541158e+00  6.76495107e+00 
 1.73302956e+07  7.08779210e+00  6.68734458e+00 
 1.75299668e+07  6.89014169e+00  6.61058344e+00 
 1.77319386e+07  6.69246101e+00  6.53465866e+00 
 1.79362374e+07  6.49475075e+00  6.45956131e+00 
 1.81428900e+07  6.29701155e+00  6.38528252e+00 
 1.83519236e+07  6.09924405e+00  6.31181354e+00 
 1.85633655e+07  5.90144888e+00  6.23914564e+00 
 1.87772436e+07  5.70362665e+00  6.16727020e+00 
 1.89935859e+07  5.50577796e+00  6.09617867e+00 
 1.92124208e+07  5.30790340e+00  6.02586257e+00 
 1.94337770e+07  5.11000353e+00  5.95631348e+00 
 1.96576835e+07  4.91207893e+00  5.88752307e+00 
 1.98841698e+07  4.71413013e+00  5.81948308e+00 
 2.01132655e+07  4.51615768e+00  5.75218533e+00 
 2.03450008e+07  4.31816210e+00  5.68562169e+00 
 2.05794060e+07  4.12014391e+00  5.61978412e+00 
 2.08165120e+07  3.92210360e+00  5.55466467e+00 
 2.10563497e+07  3.72404167e+00  5.49025542e+00 
 2.12989507e+07  3.52595860e+00  5.42654855e+00 
 2.15443469e+07  3.32785486e+00  5.36353630e+00 
 2.17925704e+07  3.12973091e+00  5.30121100e+00 
 2.20436538e+07  2.93158721e+00  5.23956503e+00 
 2.22976301e+07  2.73342418e+00  5.17859084e+00 
 2.25545326e+07  2.53524227e+00  5.11828097e+00 
 2.28143949e+07  2.33704190e+00  5.05862801e+00 
 2.30772513e+07  2.13882347e+00  4.99962463e+00 
 2.33431362e+07  1.94058739e+00  4.94126355e+00 
 2.36120845e+07  1.74233405e+00  4.88353759e+00 
 2.38841315e+07  1.54406384e+00  4.82643962e+00 
 2.41593128e+07  1.34577714e+00  4.76996257e+00 
 2.44376647e+07  1.14747432e+00  4.71409945e+00 
 2.47192236e+07  9.49155728e-01  4.65884334e+00 
 2.50040265e+07  7.50821729e-01  4.60418737e+00 
 2.52921107e+07  5.52472665e-01  4.55012474e+00 
 2.55835142e+07  3.54108873e-01  4.49664873e+00 
 2.58782750e+07  1.55730683e-01  4.44375267e+00 
 2.61764319e+07 -4.26615811e-02  4.39142996e+00 
 2.64780240e+07 -2.41067605e-01  4.33967406e+00 
 2.67830910e+07 -4.39487078e-01  4.28847850e+00 
 2.70916727e+07 -6.37919701e-01  4.23783687e+00 
 2.74038098e+07 -8.36365176e-01  4.18774282e+00 
 2.77195432e+07 -1.03482322e+00  4.13819006e+00 
 2.80389144e+07 -1.23329354e+00  4.08917237e+00 
 2.83619651e+07 -1.43177586e+00  4.04068358e+00 
 2.86887379e+07 -1.63026993e+00  3.99271759e+00 
 2.90192756e+07 -1.82877546e+00  3.94526836e+00 
 2.93536216e+07 -2.02729221e+00  3.89832990e+00 
 2.96918198e+07 -2.22581992e+00  3.85189629e+00 
 3.00339145e+07 -2.42435834e+00  3.80596166e+00 
 3.03799507e+07 -2.62290723e+00  3.76052019e+00 
 3.07299737e+07 -2.82146636e+00  3.71556615e+00 
 3.10840296e+07 -3.02003550e+00  3.67109383e+00 
 3.14421647e+07 -3.21861441e+00  3.62709759e+00 
 3.18044260e+07 -3.41720288e+00  3.58357185e+00 
 3.21708612e+07 -3.61580070e+00  3.54051109e+00 
 3.25415182e+07 -3.81440765e+00  3.49790984e+00 
 3.29164458e+07 -4.01302352e+00  3.45576266e+00 
 3.32956931e+07 -4.21164811e+00  3.41406421e+00 
 3.36793099e+07 -4.41028124e+00  3.37280917e+00 
 3.40673466e+07 -4.60892269e+00  3.33199227e+00 
 3.44598540e+07 -4.80757229e+00  3.29160833e+00 
 3.48568837e+07 -5.00622984e+00  3.25165217e+00 
 3.52584878e+07 -5.20489518e+00  3.21211870e+00 
 3.56647189e+07 -5.40356812e+00  3.17300286e+00 
 3.60756305e+07 -5.60224849e+00  3.13429966e+00 
 3.64912764e+07 -5.80093611e+00  3.09600414e+00 
 3.69117112e+07 -5.99963084e+00  3.05811140e+00 
 3.73369900e+07 -6.19833250e+00  3.02061658e+00 
 3.77671687e+07 -6.39704094e+00  2.98351488e+00 
 3.82023036e+07 -6.59575599e+00  2.94680154e+00 
 3.86424520e+07 -6.79447753e+00  2.91047185e+00 
 3.90876716e+07 -6.99320538e+00  2.87452114e+00 
 3.95380208e+07 -7.19193942e+00  2.83894480e+00 
 3.99935587e+07 -7.39067949e+00  2.80373826e+00 
 4.04543450e+07 -7.58942546e+00  2.76889698e+00 
 4.09204403e+07 -7.78817720e+00  2.73441648e+00 
 4.13919058e+07 -7.98693458e+00  2.70029234e+00 
 4.18688032e+07 -8.18569746e+00  2.66652015e+00 
 4.23511952e+07 -8.38446572e+00  2.63309556e+00 
 4.28391452e+07 -8.58323923e+00  2.60001426e+00 
 4.33327170e+07 -8.78201788e+00  2.56727200e+00 
 4.38319755e+07 -8.98080154e+00  2.53486454e+00 
 4.43369862e+07 -9.17959011e+00  2.50278771e+00 
 4.48478155e+07 -9.37838346e+00  2.47103736e+00 
 4.53645302e+07 -9.57718150e+00  2.43960939e+00 
 4.58871983e+07 -9.77598410e+00  2.40849975e+00 
 4.64158883e+07 -9.97479117e+00  2.37770441e+00 
 4.69506697e+07 -1.01736026e+01  2.34721939e+00 
 4.74916125e+07 -1.03724183e+01  2.31704075e+00 
 4.80387878e+07 -1.05712381e+01  2.28716458e+00 
 4.85922674e+07 -1.07700620e+01  2.25758702e+00 
 4.91521239e+07 -1.09688899e+01  2.22830424e+00 
 4.97184308e+07 -1.11677217e+01  2.19931244e+00 
 5.02912624e+07 -1.13665572e+01  2.17060787e+00 
 5.08706939e+07 -1.15653965e+01  2.14218681e+00 
 5.14568013e+07 -1.17642394e+01  2.11404557e+00 
 5.20496616e+07 -1.19630857e+01  2.08618052e+00 
 5.26493525e+07 -1.21619356e+01  2.05858802e+00 
 5.32559528e+07 -1.23607888e+01  2.03126450e+00 
 5.38695420e+07 -1.25596452e+01  2.00420643e+00 
 5.44902008e+07 -1.27585049e+01  1.97741027e+00 
 5.51180104e+07 -1.29573677e+01  1.95087256e+00 
 5.57530533e+07 -1.31562336e+01  1.92458985e+00 
 5.63954130e+07 -1.33551025e+01  1.89855872e+00 
 5.70451735e+07 -1.35539742e+01  1.87277578e+00 
 5.77024203e+07 -1.37528489e+01  1.84723770e+00 
 5.83672396e+07 -1.39517262e+01  1.82194115e+00 
 5.90397186e+07 -1.41506063e+01  1.79688284e+00 
 5.97199455e+07 -1.43494891e+01  1.77205950e+00 
 6.04080098e+07 -1.45483744e+01  1.74746792e+00 
 6.11040015e+07 -1.47472622e+01  1.72310489e+00 
 6.18080121e+07 -1.49461525e+01  1.69896724e+00 
 6.25201340e+07 -1.51450452e+01  1.67505182e+00 
 6.32404607e+07 -1.53439402e+01  1.65135553e+00 
 6.39690866e+07 -1.55428375e+01  1.62787528e+00 
 6.47061073e+07 -1.57417370e+01  1.60460801e+00 
 6.54516197e+07 -1.59406387e+01  1.58155069e+00 
 6.62057214e+07 -1.61395425e+01  1.55870031e+00 
 6.69685116e+07 -1.63384483e+01  1.53605390e+00 
 6.77400903e+07 -1.65373562e+01  1.51360850e+00 
 6.85205587e+07 -1.67362660e+01  1.49136119e+00 
 6.93100193e+07 -1.69351777e+01  1.46930907e+00 
 7.01085757e+07 -1.71340913e+01  1.44744926e+00 
 7.09163327e+07 -1.73330067e+01  1.42577892e+00 
 7.17333962e+07 -1.75319239e+01  1.40429520e+00 
 7.25598736e+07 -1.77308427e+01  1.38299532e+00 
 7.33958732e+07 -1.79297633e+01  1.36187649e+00 
 7.42415048e+07 -1.81286855e+01  1.34093596e+00 
 7.50968794e+07 -1.83276092e+01  1.32017099e+00 
 7.59621092e+07 -1.85265345e+01  1.29957887e+00 
 7.68373077e+07 -1.87254613e+01  1.27915692e+00 
 7.77225899e+07 -1.89243896e+01  1.25890246e+00 
 7.86180718e+07 -1.91233193e+01  1.23881286e+00 
 7.95238711e+07 -1.93222503e+01  1.21888548e+00 
 8.04401065e+07 -1.95211827e+01  1.19911773e+00 
 8.13668983e+07 -1.97201164e+01  1.17950702e+00 
 8.23043682e+07 -1.99190514e+01  1.16005080e+00 
 8.32526392e+07 -2.01179876e+01  1.14074651e+00 
 8.42118357e+07 -2.03169250e+01  1.12159164e+00 
 8.51820836e+07 -2.05158635e+01  1.10258368e+00 
 8.61635102e+07 -2.07148032e+01  1.08372015e+00 
 8.71562443e+07 -2.09137440e+01  1.06499858e+00 
 8.81604162e+07 -2.11126858e+01  1.04641653e+00 
 8.91761577e+07 -2.13116286e+01  1.02797157e+00 
 9.02036021e+07 -2.15105725e+01  1.00966128e+00 
 9.12428842e+07 -2.17095173e+01  9.91483269e-01 
 9.22941404e+07 -2.19084630e+01  9.73435162e-01 
 9.33575087e+07 -2.21074096e+01  9.55514597e-01 
 9.44331286e+07 -2.23063570e+01  9.37719231e-01 
 9.55211412e+07 -2.25053053e+01  9.20046736e-01 
 9.66216894e+07 -2.27042544e+01  9.02494800e-01 
 9.77349176e+07 -2.29032043e+01  8.85061127e-01 
 9.88609719e+07 -2.31021550e+01  8.67743436e-01 
 1.00000000e+08 -2.33011063e+01  8.50539461e-01 
 1.01152151e+08 -2.35000583e+01  8.33446952e-01 
 1.02317577e+08 -2.36990110e+01  8.16463671e-01 
 1.03496431e+08 -2.38979644e+01  7.99587395e-01 
 1.04688866e+08 -2.40969183e+01  7.82815917e-01 
 1.05895041e+08 -2.42958728e+01  7.66147042e-01 
 1.07115112e+08 -2.44948279e+01  7.49578586e-01 
 1.08349240e+08 -2.46937835e+01  7.33108383e-01 
 1.09597588e+08 -2.48927396e+01  7.16734276e-01 
 1.10860318e+08 -2.50916962e+01  7.00454120e-01 
 1.12137597e+08 -2.52906532e+01  6.84265787e-01 
 1.13429592e+08 -2.54896106e+01  6.68167154e-01 
 1.14736472e+08 -2.56885685e+01  6.52156116e-01 
 1.16058410e+08 -2.58875267e+01  6.36230576e-01 
 1.17395579e+08 -2.60864853e+01  6.20388449e-01 
 1.18748154e+08 -2.62854442e+01  6.04627660e-01 
 1.20116312e+08 -2.64844034e+01  5.88946146e-01 
 1.21500234e+08 -2.66833629e+01  5.73341852e-01 
 1.22900101e+08 -2.68823227e+01  5.57812737e-01 
 1.24316096e+08 -2.70812826e+01  5.42356766e-01 
 1.25748406e+08 -2.72802428e+01  5.26971916e-01 
 1.27197218e+08 -2.74792032e+01  5.11656170e-01 
 1.28662722e+08 -2.76781637e+01  4.96407525e-01 
 1.30145112e+08 -2.78771244e+01  4.81223982e-01 
 1.31644581e+08 -2.80760852e+01  4.66103554e-01 
 1.33161325e+08 -2.82750460e+01  4.51044259e-01 
 1.34695546e+08 -2.84740070e+01  4.36044126e-01 
 1.36247442e+08 -2.86729679e+01  4.21101190e-01 
 1.37817219e+08 -2.88719290e+01  4.06213494e-01 
 1.39405082e+08 -2.90708900e+01  3.91379087e-01 
 1.41011240e+08 -2.92698509e+01  3.76596029e-01 
 1.42635903e+08 -2.94688119e+01  3.61862381e-01 
 1.44279285e+08 -2.96677727e+01  3.47176214e-01 
 1.45941600e+08 -2.98667335e+01  3.32535605e-01 
 1.47623069e+08 -3.00656941e+01  3.17938636e-01 
 1.49323910e+08 -3.02646547e+01  3.03383396e-01 
 1.51044348e+08 -3.04636150e+01  2.88867978e-01 
 1.52784607e+08 -3.06625752e+01  2.74390481e-01 
 1.54544917e+08 -3.08615351e+01  2.59949009e-01 
 1.56325509e+08 -3.10604948e+01  2.45541670e-01 
 1.58126615e+08 -3.12594543e+01  2.31166579e-01 
 1.59948473e+08 -3.14584135e+01  2.16821852e-01 
 1.61791322e+08 -3.16573723e+01  2.02505610e-01 
 1.63655403e+08 -3.18563309e+01  1.88215980e-01 
 1.65540961e+08 -3.20552890e+01  1.73951089e-01 
 1.67448244e+08 -3.22542469e+01  1.59709070e-01 
 1.69377501e+08 -3.24532043e+01  1.45488058e-01 
 1.71328986e+08 -3.26521612e+01  1.31286190e-01 
 1.73302956e+08 -3.28511177e+01  1.17101608e-01 
 1.75299668e+08 -3.30500738e+01  1.02932454e-01 
 1.77319386e+08 -3.32490293e+01  8.87768725e-02 
 1.79362374e+08 -3.34479843e+01  7.46330112e-02 
 1.81428900e+08 -3.36469388e+01  6.04990180e-02 
 1.83519236e+08 -3.38458926e+01  4.63730427e-02 
 1.85633655e+08 -3.40448459e+01  3.22532364e-02 
 1.87772436e+08 -3.42437985e+01  1.81377507e-02 
 1.89935859e+08 -3.44427505e+01  4.02473826e-03 
 1.92124208e+08 -3.46417017e+01 -1.00876480e-02 
 1.94337770e+08 -3.48406523e+01 -2.42012550e-02 
 1.96576835e+08 -3.50396021e+01 -3.83179297e-02 
 1.98841698e+08 -3.52385511e+01 -5.24395191e-02 
 2.01132655e+08 -3.54374993e+01 -6.65678710e-02 
 2.03450008e+08 -3.56364466e+01 -8.07048338e-02 
 2.05794060e+08 -3.58353931e+01 -9.48522570e-02 
 2.08165120e+08 -3.60343387e+01 -1.09011991e-01 
 2.10563497e+08 -3.62332834e+01 -1.23185888e-01 
 2.12989507e+08 -3.64322271e+01 -1.37375803e-01 
 2.15443469e+08 -3.66311698e+01 -1.51583589e-01 
 2.17925704e+08 -3.68301115e+01 -1.65811106e-01 
 2.20436538e+08 -3.70290521e+01 -1.80060214e-01 
 2.22976301e+08 -3.72279917e+01 -1.94332775e-01 
 2.25545326e+08 -3.74269301e+01 -2.08630656e-01 
 2.28143949e+08 -3.76258673e+01 -2.22955725e-01 
 2.30772513e+08 -3.78248034e+01 -2.37309855e-01 
 2.33431362e+08 -3.80237382e+01 -2.51694920e-01 
 2.36120845e+08 -3.82226718e+01 -2.66112802e-01 
 2.38841315e+08 -3.84216040e+01 -2.80565383e-01 
 2.41593128e+08 -3.86205349e+01 -2.95054552e-01 
 2.44376647e+08 -3.88194644e+01 -3.09582200e-01 
 2.47192236e+08 -3.90183925e+01 -3.24150226e-01 
 2.50040265e+08 -3.92173191e+01 -3.38760532e-01 
 2.52921107e+08 -3.94162442e+01 -3.53415024e-01 
 2.55835142e+08 -3.96151678e+01 -3.68115617e-01 
 2.58782750e+08 -3.98140897e+01 -3.82864228e-01 
 2.61764319e+08 -4.00130101e+01 -3.97662782e-01 
 2.64780240e+08 -4.02119287e+01 -4.12513211e-01 
 2.67830910e+08 -4.04108457e+01 -4.27417451e-01 
 2.70916727e+08 -4.06097609e+01 -4.42377447e-01 
 2.74038098e+08 -4.08086742e+01 -4.57395149e-01 
 2.77195432e+08 -4.10075857e+01 -4.72472515e-01 
 2.80389144e+08 -4.12064953e+01 -4.87611512e-01 
 2.83619651e+08 -4.14054029e+01 -5.02814111e-01 
 2.86887379e+08 -4.16043085e+01 -5.18082295e-01 
 2.90192756e+08 -4.18032120e+01 -5.33418051e-01 
 2.93536216e+08 -4.20021134e+01 -5.48823379e-01 
 2.96918198e+08 -4.22010126e+01 -5.64300283e-01 
 3.00339145e+08 -4.23999096e+01 -5.79850779e-01 
 3.03799507e+08 -4.25988044e+01 -5.95476891e-01 
 3.07299737e+08 -4.27976967e+01 -6.11180652e-01 
 3.10840296e+08 -4.29965867e+01 -6.26964106e-01 
 3.14421647e+08 -4.31954742e+01 -6.42829305e-01 
 3.18044260e+08 -4.33943592e+01 -6.58778313e-01 
 3.21708612e+08 -4.35932416e+01 -6.74813203e-01 
 3.25415182e+08 -4.37921213e+01 -6.90936058e-01 
 3.29164458e+08 -4.39909984e+01 -7.07148974e-01 
 3.32956931e+08 -4.41898726e+01 -7.23454057e-01 
 3.36793099e+08 -4.43887440e+01 -7.39853423e-01 
 3.40673466e+08 -4.45876125e+01 -7.56349202e-01 
 3.44598540e+08 -4.47864780e+01 -7.72943535e-01 
 3.48568837e+08 -4.49853404e+01 -7.89638574e-01 
 3.52584878e+08 -4.51841996e+01 -8.06436484e-01 
 3.56647189e+08 -4.53830557e+01 -8.23339443e-01 
 3.60756305e+08 -4.55819084e+01 -8.40349643e-01 
 3.64912764e+08 -4.57807578e+01 -8.57469286e-01 
 3.69117112e+08 -4.59796037e+01 -8.74700590e-01 
 3.73369900e+08 -4.61784461e+01 -8.92045785e-01 
 3.77671687e+08 -4.63772849e+01 -9.09507117e-01 
 3.82023036e+08 -4.65761199e+01 -9.27086844e-01 
 3.86424520e+08 -4.67749511e+01 -9.44787239e-01 
 3.90876716e+08 -4.69737785e+01 -9.62610591e-01 
 3.95380208e+08 -4.71726019e+01 -9.80559201e-01 
 3.99935587e+08 -4.73714211e+01 -9.98635389e-01 
 4.04543450e+08 -4.75702363e+01 -1.01684149e+00 
 4.09204403e+08 -4.77690471e+01 -1.03517985e+00 
 4.13919058e+08 -4.79678535e+01 -1.05365283e+00 
 4.18688032e+08 -4.81666555e+01 -1.07226282e+00 
 4.23511952e+08 -4.83654529e+01 -1.09101221e+00 
 4.28391452e+08 -4.85642456e+01 -1.10990342e+00 
 4.33327170e+08 -4.87630335e+01 -1.12893888e+00 
 4.38319755e+08 -4.89618164e+01 -1.14812104e+00 
 4.43369862e+08 -4.91605944e+01 -1.16745237e+00 
 4.48478155e+08 -4.93593672e+01 -1.18693535e+00 
 4.53645302e+08 -4.95581346e+01 -1.20657248e+00 
 4.58871983e+08 -4.97568967e+01 -1.22636628e+00 
 4.64158883e+08 -4.99556533e+01 -1.24631929e+00 
 4.69506697e+08 -5.01544042e+01 -1.26643407e+00 
 4.74916125e+08 -5.03531494e+01 -1.28671320e+00 
 4.80387878e+08 -5.05518886e+01 -1.30715928e+00 
 4.85922674e+08 -5.07506217e+01 -1.32777491e+00 
 4.91521239e+08 -5.09493486e+01 -1.34856275e+00 
 4.97184308e+08 -5.11480692e+01 -1.36952543e+00 
 5.02912624e+08 -5.13467833e+01 -1.39066565e+00 
 5.08706939e+08 -5.15454907e+01 -1.41198609e+00 
 5.14568013e+08 -5.17441913e+01 -1.43348948e+00 
 5.20496616e+08 -5.19428850e+01 -1.45517855e+00 
 5.26493525e+08 -5.21415715e+01 -1.47705607e+00 
 5.32559528e+08 -5.23402508e+01 -1.49912483e+00 
 5.38695420e+08 -5.25389226e+01 -1.52138762e+00 
 5.44902008e+08 -5.27375867e+01 -1.54384727e+00 
 5.51180104e+08 -5.29362430e+01 -1.56650663e+00 
 5.57530533e+08 -5.31348914e+01 -1.58936858e+00 
 5.63954130e+08 -5.33335315e+01 -1.61243602e+00 
 5.70451735e+08 -5.35321633e+01 -1.63571185e+00 
 5.77024203e+08 -5.37307865e+01 -1.65919903e+00 
 5.83672396e+08 -5.39294010e+01 -1.68290052e+00 
 5.90397186e+08 -5.41280064e+01 -1.70681932e+00 
 5.97199455e+08 -5.43266028e+01 -1.73095843e+00 
 6.04080098e+08 -5.45251897e+01 -1.75532090e+00 
 6.11040015e+08 -5.47237670e+01 -1.77990979e+00 
 6.18080121e+08 -5.49223345e+01 -1.80472819e+00 
 6.25201340e+08 -5.51208919e+01 -1.82977922e+00 
 6.32404607e+08 -5.53194391e+01 -1.85506602e+00 
 6.39690866e+08 -5.55179757e+01 -1.88059175e+00 
 6.47061073e+08 -5.57165015e+01 -1.90635962e+00 
 6.54516197e+08 -5.59150164e+01 -1.93237282e+00 
 6.62057214e+08 -5.61135199e+01 -1.95863463e+00 
 6.69685116e+08 -5.63120120e+01 -1.98514830e+00 
 6.77400903e+08 -5.65104922e+01 -2.01191713e+00 
 6.85205587e+08 -5.67089603e+01 -2.03894445e+00 
 6.93100193e+08 -5.69074161e+01 -2.06623363e+00 
 7.01085757e+08 -5.71058593e+01 -2.09378803e+00 
 7.09163327e+08 -5.73042896e+01 -2.12161106e+00 
 7.17333962e+08 -5.75027066e+01 -2.14970618e+00 
 7.25598736e+08 -5.77011101e+01 -2.17807684e+00 
 7.33958732e+08 -5.78994997e+01 -2.20672653e+00 
 7.42415048e+08 -5.80978752e+01 -2.23565879e+00 
 7.50968794e+08 -5.82962363e+01 -2.26487716e+00 
 7.59621092e+08 -5.84945825e+01 -2.29438523e+00 
 7.68373077e+08 -5.86929135e+01 -2.32418660e+00 
 7.77225899e+08 -5.88912290e+01 -2.35428492e+00 
 7.86180718e+08 -5.90895287e+01 -2.38468386e+00 
 7.95238711e+08 -5.92878121e+01 -2.41538712e+00 
 8.04401065e+08 -5.94860790e+01 -2.44639842e+00 
 8.13668983e+08 -5.96843288e+01 -2.47772154e+00 
 8.23043682e+08 -5.98825613e+01 -2.50936024e+00 
 8.32526392e+08 -6.00807760e+01 -2.54131837e+00 
 8.42118357e+08 -6.02789726e+01 -2.57359976e+00 
 8.51820836e+08 -6.04771505e+01 -2.60620831e+00 
 8.61635102e+08 -6.06753094e+01 -2.63914792e+00 
 8.71562443e+08 -6.08734489e+01 -2.67242253e+00 
 8.81604162e+08 -6.10715685e+01 -2.70603613e+00 
 8.91761577e+08 -6.12696677e+01 -2.73999271e+00 
 9.02036021e+08 -6.14677461e+01 -2.77429631e+00 
 9.12428842e+08 -6.16658031e+01 -2.80895100e+00 
 9.22941404e+08 -6.18638384e+01 -2.84396088e+00 
 9.33575087e+08 -6.20618514e+01 -2.87933007e+00 
 9.44331286e+08 -6.22598416e+01 -2.91506274e+00 
 9.55211412e+08 -6.24578085e+01 -2.95116308e+00 
 9.66216894e+08 -6.26557516e+01 -2.98763531e+00 
 9.77349176e+08 -6.28536702e+01 -3.02448369e+00 
 9.88609719e+08 -6.30515639e+01 -3.06171250e+00 
 1.00000000e+09 -6.32494321e+01 -3.09932606e+00 
