 frequency       AmagdB          Aphdeg         
 1.00000000e+00  1.05287672e+02  1.68813332e+02 
 1.01152151e+00  1.05283885e+02  1.68687750e+02 
 1.02317577e+00  1.05280014e+02  1.68560833e+02 
 1.03496431e+00  1.05276057e+02  1.68432569e+02 
 1.04688866e+00  1.05272012e+02  1.68302947e+02 
 1.05895041e+00  1.05267877e+02  1.68171955e+02 
 1.07115112e+00  1.05263650e+02  1.68039581e+02 
 1.08349240e+00  1.05259329e+02  1.67905814e+02 
 1.09597588e+00  1.05254913e+02  1.67770641e+02 
 1.10860318e+00  1.05250400e+02  1.67634052e+02 
 1.12137597e+00  1.05245786e+02  1.67496034e+02 
 1.13429592e+00  1.05241070e+02  1.67356576e+02 
 1.14736472e+00  1.05236251e+02  1.67215665e+02 
 1.16058410e+00  1.05231325e+02  1.67073291e+02 
 1.17395579e+00  1.05226291e+02  1.66929442e+02 
 1.18748154e+00  1.05221147e+02  1.66784106e+02 
 1.20116312e+00  1.05215889e+02  1.66637271e+02 
 1.21500234e+00  1.05210516e+02  1.66488926e+02 
 1.22900101e+00  1.05205026e+02  1.66339060e+02 
 1.24316096e+00  1.05199415e+02  1.66187660e+02 
 1.25748406e+00  1.05193682e+02  1.66034716e+02 
 1.27197218e+00  1.05187824e+02  1.65880216e+02 
 1.28662722e+00  1.05181839e+02  1.65724149e+02 
 1.30145112e+00  1.05175723e+02  1.65566504e+02 
 1.31644581e+00  1.05169474e+02  1.65407269e+02 
 1.33161325e+00  1.05163090e+02  1.65246434e+02 
 1.34695546e+00  1.05156567e+02  1.65083987e+02 
 1.36247442e+00  1.05149904e+02  1.64919918e+02 
 1.37817219e+00  1.05143096e+02  1.64754215e+02 
 1.39405082e+00  1.05136142e+02  1.64586869e+02 
 1.41011240e+00  1.05129038e+02  1.64417868e+02 
 1.42635903e+00  1.05121782e+02  1.64247203e+02 
 1.44279285e+00  1.05114369e+02  1.64074863e+02 
 1.45941600e+00  1.05106799e+02  1.63900837e+02 
 1.47623069e+00  1.05099066e+02  1.63725117e+02 
 1.49323910e+00  1.05091168e+02  1.63547691e+02 
 1.51044348e+00  1.05083102e+02  1.63368551e+02 
 1.52784607e+00  1.05074865e+02  1.63187686e+02 
 1.54544917e+00  1.05066453e+02  1.63005088e+02 
 1.56325509e+00  1.05057863e+02  1.62820747e+02 
 1.58126615e+00  1.05049091e+02  1.62634655e+02 
 1.59948473e+00  1.05040134e+02  1.62446803e+02 
 1.61791322e+00  1.05030989e+02  1.62257181e+02 
 1.63655403e+00  1.05021652e+02  1.62065783e+02 
 1.65540961e+00  1.05012119e+02  1.61872600e+02 
 1.67448244e+00  1.05002387e+02  1.61677624e+02 
 1.69377501e+00  1.04992451e+02  1.61480847e+02 
 1.71328986e+00  1.04982309e+02  1.61282263e+02 
 1.73302956e+00  1.04971957e+02  1.61081864e+02 
 1.75299668e+00  1.04961390e+02  1.60879644e+02 
 1.77319386e+00  1.04950604e+02  1.60675597e+02 
 1.79362374e+00  1.04939596e+02  1.60469715e+02 
 1.81428900e+00  1.04928362e+02  1.60261994e+02 
 1.83519236e+00  1.04916898e+02  1.60052429e+02 
 1.85633655e+00  1.04905199e+02  1.59841013e+02 
 1.87772436e+00  1.04893261e+02  1.59627742e+02 
 1.89935859e+00  1.04881081e+02  1.59412613e+02 
 1.92124208e+00  1.04868654e+02  1.59195620e+02 
 1.94337770e+00  1.04855975e+02  1.58976761e+02 
 1.96576835e+00  1.04843041e+02  1.58756032e+02 
 1.98841698e+00  1.04829846e+02  1.58533431e+02 
 2.01132655e+00  1.04816388e+02  1.58308955e+02 
 2.03450008e+00  1.04802660e+02  1.58082602e+02 
 2.05794060e+00  1.04788659e+02  1.57854371e+02 
 2.08165120e+00  1.04774380e+02  1.57624261e+02 
 2.10563497e+00  1.04759819e+02  1.57392271e+02 
 2.12989507e+00  1.04744970e+02  1.57158401e+02 
 2.15443469e+00  1.04729830e+02  1.56922652e+02 
 2.17925704e+00  1.04714393e+02  1.56685025e+02 
 2.20436538e+00  1.04698655e+02  1.56445522e+02 
 2.22976301e+00  1.04682612e+02  1.56204143e+02 
 2.25545326e+00  1.04666257e+02  1.55960893e+02 
 2.28143949e+00  1.04649587e+02  1.55715774e+02 
 2.30772513e+00  1.04632596e+02  1.55468789e+02 
 2.33431362e+00  1.04615281e+02  1.55219944e+02 
 2.36120845e+00  1.04597635e+02  1.54969243e+02 
 2.38841315e+00  1.04579654e+02  1.54716691e+02 
 2.41593128e+00  1.04561333e+02  1.54462295e+02 
 2.44376647e+00  1.04542668e+02  1.54206061e+02 
 2.47192236e+00  1.04523652e+02  1.53947997e+02 
 2.50040265e+00  1.04504281e+02  1.53688111e+02 
 2.52921107e+00  1.04484551e+02  1.53426411e+02 
 2.55835142e+00  1.04464455e+02  1.53162907e+02 
 2.58782750e+00  1.04443990e+02  1.52897609e+02 
 2.61764319e+00  1.04423149e+02  1.52630527e+02 
 2.64780240e+00  1.04401929e+02  1.52361674e+02 
 2.67830910e+00  1.04380324e+02  1.52091060e+02 
 2.70916727e+00  1.04358328e+02  1.51818699e+02 
 2.74038098e+00  1.04335938e+02  1.51544604e+02 
 2.77195432e+00  1.04313148e+02  1.51268789e+02 
 2.80389144e+00  1.04289952e+02  1.50991270e+02 
 2.83619651e+00  1.04266346e+02  1.50712061e+02 
 2.86887379e+00  1.04242326e+02  1.50431181e+02 
 2.90192756e+00  1.04217885e+02  1.50148644e+02 
 2.93536216e+00  1.04193020e+02  1.49864471e+02 
 2.96918198e+00  1.04167725e+02  1.49578678e+02 
 3.00339145e+00  1.04141995e+02  1.49291286e+02 
 3.03799507e+00  1.04115826e+02  1.49002314e+02 
 3.07299737e+00  1.04089212e+02  1.48711784e+02 
 3.10840296e+00  1.04062150e+02  1.48419717e+02 
 3.14421647e+00  1.04034633e+02  1.48126135e+02 
 3.18044260e+00  1.04006658e+02  1.47831062e+02 
 3.21708612e+00  1.03978221e+02  1.47534522e+02 
 3.25415182e+00  1.03949315e+02  1.47236538e+02 
 3.29164458e+00  1.03919938e+02  1.46937137e+02 
 3.32956931e+00  1.03890084e+02  1.46636345e+02 
 3.36793099e+00  1.03859749e+02  1.46334188e+02 
 3.40673466e+00  1.03828928e+02  1.46030695e+02 
 3.44598540e+00  1.03797618e+02  1.45725892e+02 
 3.48568837e+00  1.03765815e+02  1.45419810e+02 
 3.52584878e+00  1.03733514e+02  1.45112478e+02 
 3.56647189e+00  1.03700710e+02  1.44803927e+02 
 3.60756305e+00  1.03667402e+02  1.44494187e+02 
 3.64912764e+00  1.03633583e+02  1.44183290e+02 
 3.69117112e+00  1.03599251e+02  1.43871269e+02 
 3.73369900e+00  1.03564403e+02  1.43558157e+02 
 3.77671687e+00  1.03529033e+02  1.43243987e+02 
 3.82023036e+00  1.03493140e+02  1.42928794e+02 
 3.86424520e+00  1.03456719e+02  1.42612613e+02 
 3.90876716e+00  1.03419768e+02  1.42295480e+02 
 3.95380208e+00  1.03382283e+02  1.41977430e+02 
 3.99935587e+00  1.03344261e+02  1.41658500e+02 
 4.04543450e+00  1.03305699e+02  1.41338727e+02 
 4.09204403e+00  1.03266595e+02  1.41018149e+02 
 4.13919058e+00  1.03226946e+02  1.40696805e+02 
 4.18688032e+00  1.03186749e+02  1.40374732e+02 
 4.23511952e+00  1.03146003e+02  1.40051971e+02 
 4.28391452e+00  1.03104703e+02  1.39728560e+02 
 4.33327170e+00  1.03062849e+02  1.39404540e+02 
 4.38319755e+00  1.03020439e+02  1.39079951e+02 
 4.43369862e+00  1.02977470e+02  1.38754833e+02 
 4.48478155e+00  1.02933941e+02  1.38429229e+02 
 4.53645302e+00  1.02889850e+02  1.38103178e+02 
 4.58871983e+00  1.02845196e+02  1.37776724e+02 
 4.64158883e+00  1.02799978e+02  1.37449907e+02 
 4.69506697e+00  1.02754193e+02  1.37122771e+02 
 4.74916125e+00  1.02707842e+02  1.36795357e+02 
 4.80387878e+00  1.02660923e+02  1.36467707e+02 
 4.85922674e+00  1.02613436e+02  1.36139866e+02 
 4.91521239e+00  1.02565380e+02  1.35811875e+02 
 4.97184308e+00  1.02516754e+02  1.35483777e+02 
 5.02912624e+00  1.02467558e+02  1.35155616e+02 
 5.08706939e+00  1.02417793e+02  1.34827434e+02 
 5.14568013e+00  1.02367457e+02  1.34499275e+02 
 5.20496616e+00  1.02316552e+02  1.34171181e+02 
 5.26493525e+00  1.02265078e+02  1.33843196e+02 
 5.32559528e+00  1.02213034e+02  1.33515363e+02 
 5.38695420e+00  1.02160422e+02  1.33187724e+02 
 5.44902008e+00  1.02107243e+02  1.32860322e+02 
 5.51180104e+00  1.02053497e+02  1.32533200e+02 
 5.57530533e+00  1.01999185e+02  1.32206400e+02 
 5.63954130e+00  1.01944308e+02  1.31879964e+02 
 5.70451735e+00  1.01888868e+02  1.31553934e+02 
 5.77024203e+00  1.01832867e+02  1.31228352e+02 
 5.83672396e+00  1.01776305e+02  1.30903259e+02 
 5.90397186e+00  1.01719185e+02  1.30578696e+02 
 5.97199455e+00  1.01661509e+02  1.30254704e+02 
 6.04080098e+00  1.01603278e+02  1.29931324e+02 
 6.11040015e+00  1.01544495e+02  1.29608594e+02 
 6.18080121e+00  1.01485162e+02  1.29286556e+02 
 6.25201340e+00  1.01425282e+02  1.28965247e+02 
 6.32404607e+00  1.01364856e+02  1.28644707e+02 
 6.39690866e+00  1.01303888e+02  1.28324974e+02 
 6.47061073e+00  1.01242381e+02  1.28006085e+02 
 6.54516197e+00  1.01180337e+02  1.27688078e+02 
 6.62057214e+00  1.01117759e+02  1.27370990e+02 
 6.69685116e+00  1.01054651e+02  1.27054855e+02 
 6.77400903e+00  1.00991015e+02  1.26739711e+02 
 6.85205587e+00  1.00926856e+02  1.26425591e+02 
 6.93100193e+00  1.00862177e+02  1.26112530e+02 
 7.01085757e+00  1.00796980e+02  1.25800562e+02 
 7.09163327e+00  1.00731271e+02  1.25489720e+02 
 7.17333962e+00  1.00665052e+02  1.25180036e+02 
 7.25598736e+00  1.00598327e+02  1.24871542e+02 
 7.33958732e+00  1.00531101e+02  1.24564269e+02 
 7.42415048e+00  1.00463378e+02  1.24258248e+02 
 7.50968794e+00  1.00395160e+02  1.23953507e+02 
 7.59621092e+00  1.00326454e+02  1.23650077e+02 
 7.68373077e+00  1.00257262e+02  1.23347984e+02 
 7.77225899e+00  1.00187590e+02  1.23047258e+02 
 7.86180718e+00  1.00117442e+02  1.22747924e+02 
 7.95238711e+00  1.00046821e+02  1.22450009e+02 
 8.04401065e+00  9.99757332e+01  1.22153538e+02 
 8.13668983e+00  9.99041825e+01  1.21858535e+02 
 8.23043682e+00  9.98321737e+01  1.21565025e+02 
 8.32526392e+00  9.97597113e+01  1.21273030e+02 
 8.42118357e+00  9.96868001e+01  1.20982574e+02 
 8.51820836e+00  9.96134449e+01  1.20693677e+02 
 8.61635102e+00  9.95396504e+01  1.20406360e+02 
 8.71562443e+00  9.94654216e+01  1.20120644e+02 
 8.81604162e+00  9.93907632e+01  1.19836547e+02 
 8.91761577e+00  9.93156802e+01  1.19554089e+02 
 9.02036021e+00  9.92401775e+01  1.19273287e+02 
 9.12428842e+00  9.91642600e+01  1.18994158e+02 
 9.22941404e+00  9.90879327e+01  1.18716719e+02 
 9.33575087e+00  9.90112007e+01  1.18440986e+02 
 9.44331286e+00  9.89340688e+01  1.18166972e+02 
 9.55211412e+00  9.88565421e+01  1.17894693e+02 
 9.66216894e+00  9.87786256e+01  1.17624162e+02 
 9.77349176e+00  9.87003244e+01  1.17355392e+02 
 9.88609719e+00  9.86216435e+01  1.17088394e+02 
 1.00000000e+01  9.85425878e+01  1.16823180e+02 
 1.01152151e+01  9.84631625e+01  1.16559761e+02 
 1.02317577e+01  9.83833724e+01  1.16298146e+02 
 1.03496431e+01  9.83032228e+01  1.16038345e+02 
 1.04688866e+01  9.82227184e+01  1.15780367e+02 
 1.05895041e+01  9.81418644e+01  1.15524219e+02 
 1.07115112e+01  9.80606657e+01  1.15269909e+02 
 1.08349240e+01  9.79791273e+01  1.15017444e+02 
 1.09597588e+01  9.78972540e+01  1.14766829e+02 
 1.10860318e+01  9.78150509e+01  1.14518071e+02 
 1.12137597e+01  9.77325228e+01  1.14271173e+02 
 1.13429592e+01  9.76496745e+01  1.14026141e+02 
 1.14736472e+01  9.75665110e+01  1.13782978e+02 
 1.16058410e+01  9.74830369e+01  1.13541686e+02 
 1.17395579e+01  9.73992572e+01  1.13302270e+02 
 1.18748154e+01  9.73151766e+01  1.13064730e+02 
 1.20116312e+01  9.72307997e+01  1.12829068e+02 
 1.21500234e+01  9.71461313e+01  1.12595286e+02 
 1.22900101e+01  9.70611760e+01  1.12363383e+02 
 1.24316096e+01  9.69759385e+01  1.12133359e+02 
 1.25748406e+01  9.68904233e+01  1.11905215e+02 
 1.27197218e+01  9.68046349e+01  1.11678948e+02 
 1.28662722e+01  9.67185779e+01  1.11454558e+02 
 1.30145112e+01  9.66322566e+01  1.11232043e+02 
 1.31644581e+01  9.65456756e+01  1.11011400e+02 
 1.33161325e+01  9.64588391e+01  1.10792626e+02 
 1.34695546e+01  9.63717516e+01  1.10575719e+02 
 1.36247442e+01  9.62844172e+01  1.10360674e+02 
 1.37817219e+01  9.61968402e+01  1.10147488e+02 
 1.39405082e+01  9.61090249e+01  1.09936157e+02 
 1.41011240e+01  9.60209752e+01  1.09726675e+02 
 1.42635903e+01  9.59326955e+01  1.09519038e+02 
 1.44279285e+01  9.58441896e+01  1.09313239e+02 
 1.45941600e+01  9.57554616e+01  1.09109274e+02 
 1.47623069e+01  9.56665155e+01  1.08907137e+02 
 1.49323910e+01  9.55773551e+01  1.08706820e+02 
 1.51044348e+01  9.54879843e+01  1.08508317e+02 
 1.52784607e+01  9.53984069e+01  1.08311621e+02 
 1.54544917e+01  9.53086266e+01  1.08116725e+02 
 1.56325509e+01  9.52186472e+01  1.07923622e+02 
 1.58126615e+01  9.51284724e+01  1.07732303e+02 
 1.59948473e+01  9.50381056e+01  1.07542760e+02 
 1.61791322e+01  9.49475505e+01  1.07354986e+02 
 1.63655403e+01  9.48568106e+01  1.07168971e+02 
 1.65540961e+01  9.47658894e+01  1.06984708e+02 
 1.67448244e+01  9.46747902e+01  1.06802186e+02 
 1.69377501e+01  9.45835164e+01  1.06621398e+02 
 1.71328986e+01  9.44920713e+01  1.06442332e+02 
 1.73302956e+01  9.44004581e+01  1.06264981e+02 
 1.75299668e+01  9.43086802e+01  1.06089335e+02 
 1.77319386e+01  9.42167405e+01  1.05915383e+02 
 1.79362374e+01  9.41246423e+01  1.05743115e+02 
 1.81428900e+01  9.40323886e+01  1.05572522e+02 
 1.83519236e+01  9.39399825e+01  1.05403593e+02 
 1.85633655e+01  9.38474268e+01  1.05236317e+02 
 1.87772436e+01  9.37547245e+01  1.05070685e+02 
 1.89935859e+01  9.36618785e+01  1.04906685e+02 
 1.92124208e+01  9.35688916e+01  1.04744307e+02 
 1.94337770e+01  9.34757666e+01  1.04583539e+02 
 1.96576835e+01  9.33825062e+01  1.04424372e+02 
 1.98841698e+01  9.32891130e+01  1.04266793e+02 
 2.01132655e+01  9.31955898e+01  1.04110791e+02 
 2.03450008e+01  9.31019392e+01  1.03956357e+02 
 2.05794060e+01  9.30081636e+01  1.03803477e+02 
 2.08165120e+01  9.29142656e+01  1.03652141e+02 
 2.10563497e+01  9.28202477e+01  1.03502337e+02 
 2.12989507e+01  9.27261122e+01  1.03354055e+02 
 2.15443469e+01  9.26318616e+01  1.03207281e+02 
 2.17925704e+01  9.25374981e+01  1.03062006e+02 
 2.20436538e+01  9.24430242e+01  1.02918216e+02 
 2.22976301e+01  9.23484419e+01  1.02775901e+02 
 2.25545326e+01  9.22537536e+01  1.02635049e+02 
 2.28143949e+01  9.21589615e+01  1.02495649e+02 
 2.30772513e+01  9.20640676e+01  1.02357688e+02 
 2.33431362e+01  9.19690740e+01  1.02221154e+02 
 2.36120845e+01  9.18739828e+01  1.02086037e+02 
 2.38841315e+01  9.17787960e+01  1.01952324e+02 
 2.41593128e+01  9.16835157e+01  1.01820004e+02 
 2.44376647e+01  9.15881436e+01  1.01689065e+02 
 2.47192236e+01  9.14926818e+01  1.01559495e+02 
 2.50040265e+01  9.13971322e+01  1.01431283e+02 
 2.52921107e+01  9.13014964e+01  1.01304416e+02 
 2.55835142e+01  9.12057764e+01  1.01178884e+02 
 2.58782750e+01  9.11099740e+01  1.01054674e+02 
 2.61764319e+01  9.10140907e+01  1.00931775e+02 
 2.64780240e+01  9.09181284e+01  1.00810175e+02 
 2.67830910e+01  9.08220887e+01  1.00689864e+02 
 2.70916727e+01  9.07259732e+01  1.00570828e+02 
 2.74038098e+01  9.06297836e+01  1.00453057e+02 
 2.77195432e+01  9.05335214e+01  1.00336539e+02 
 2.80389144e+01  9.04371881e+01  1.00221262e+02 
 2.83619651e+01  9.03407853e+01  1.00107216e+02 
 2.86887379e+01  9.02443144e+01  9.99943895e+01 
 2.90192756e+01  9.01477768e+01  9.98827702e+01 
 2.93536216e+01  9.00511741e+01  9.97723473e+01 
 2.96918198e+01  8.99545076e+01  9.96631097e+01 
 3.00339145e+01  8.98577786e+01  9.95550461e+01 
 3.03799507e+01  8.97609885e+01  9.94481454e+01 
 3.07299737e+01  8.96641386e+01  9.93423966e+01 
 3.10840296e+01  8.95672302e+01  9.92377887e+01 
 3.14421647e+01  8.94702645e+01  9.91343107e+01 
 3.18044260e+01  8.93732428e+01  9.90319518e+01 
 3.21708612e+01  8.92761663e+01  9.89307012e+01 
 3.25415182e+01  8.91790362e+01  9.88305480e+01 
 3.29164458e+01  8.90818535e+01  9.87314816e+01 
 3.32956931e+01  8.89846195e+01  9.86334913e+01 
 3.36793099e+01  8.88873353e+01  9.85365667e+01 
 3.40673466e+01  8.87900019e+01  9.84406971e+01 
 3.44598540e+01  8.86926205e+01  9.83458722e+01 
 3.48568837e+01  8.85951920e+01  9.82520815e+01 
 3.52584878e+01  8.84977174e+01  9.81593148e+01 
 3.56647189e+01  8.84001979e+01  9.80675619e+01 
 3.60756305e+01  8.83026343e+01  9.79768126e+01 
 3.64912764e+01  8.82050276e+01  9.78870568e+01 
 3.69117112e+01  8.81073788e+01  9.77982844e+01 
 3.73369900e+01  8.80096888e+01  9.77104856e+01 
 3.77671687e+01  8.79119585e+01  9.76236505e+01 
 3.82023036e+01  8.78141887e+01  9.75377692e+01 
 3.86424520e+01  8.77163803e+01  9.74528321e+01 
 3.90876716e+01  8.76185342e+01  9.73688294e+01 
 3.95380208e+01  8.75206512e+01  9.72857516e+01 
 3.99935587e+01  8.74227321e+01  9.72035893e+01 
 4.04543450e+01  8.73247776e+01  9.71223329e+01 
 4.09204403e+01  8.72267887e+01  9.70419731e+01 
 4.13919058e+01  8.71287660e+01  9.69625006e+01 
 4.18688032e+01  8.70307102e+01  9.68839062e+01 
 4.23511952e+01  8.69326221e+01  9.68061808e+01 
 4.28391452e+01  8.68345025e+01  9.67293153e+01 
 4.33327170e+01  8.67363520e+01  9.66533008e+01 
 4.38319755e+01  8.66381712e+01  9.65781283e+01 
 4.43369862e+01  8.65399609e+01  9.65037891e+01 
 4.48478155e+01  8.64417217e+01  9.64302742e+01 
 4.53645302e+01  8.63434542e+01  9.63575752e+01 
 4.58871983e+01  8.62451591e+01  9.62856833e+01 
 4.64158883e+01  8.61468370e+01  9.62145900e+01 
 4.69506697e+01  8.60484884e+01  9.61442869e+01 
 4.74916125e+01  8.59501140e+01  9.60747657e+01 
 4.80387878e+01  8.58517144e+01  9.60060179e+01 
 4.85922674e+01  8.57532900e+01  9.59380354e+01 
 4.91521239e+01  8.56548414e+01  9.58708099e+01 
 4.97184308e+01  8.55563693e+01  9.58043335e+01 
 5.02912624e+01  8.54578740e+01  9.57385982e+01 
 5.08706939e+01  8.53593562e+01  9.56735958e+01 
 5.14568013e+01  8.52608162e+01  9.56093188e+01 
 5.20496616e+01  8.51622547e+01  9.55457591e+01 
 5.26493525e+01  8.50636721e+01  9.54829091e+01 
 5.32559528e+01  8.49650688e+01  9.54207612e+01 
 5.38695420e+01  8.48664453e+01  9.53593078e+01 
 5.44902008e+01  8.47678020e+01  9.52985414e+01 
 5.51180104e+01  8.46691395e+01  9.52384546e+01 
 5.57530533e+01  8.45704581e+01  9.51790400e+01 
 5.63954130e+01  8.44717583e+01  9.51202903e+01 
 5.70451735e+01  8.43730404e+01  9.50621983e+01 
 5.77024203e+01  8.42743049e+01  9.50047568e+01 
 5.83672396e+01  8.41755522e+01  9.49479589e+01 
 5.90397186e+01  8.40767825e+01  9.48917974e+01 
 5.97199455e+01  8.39779965e+01  9.48362654e+01 
 6.04080098e+01  8.38791942e+01  9.47813561e+01 
 6.11040015e+01  8.37803763e+01  9.47270627e+01 
 6.18080121e+01  8.36815429e+01  9.46733784e+01 
 6.25201340e+01  8.35826945e+01  9.46202965e+01 
 6.32404607e+01  8.34838314e+01  9.45678105e+01 
 6.39690866e+01  8.33849539e+01  9.45159138e+01 
 6.47061073e+01  8.32860623e+01  9.44646000e+01 
 6.54516197e+01  8.31871569e+01  9.44138626e+01 
 6.62057214e+01  8.30882381e+01  9.43636952e+01 
 6.69685116e+01  8.29893062e+01  9.43140917e+01 
 6.77400903e+01  8.28903614e+01  9.42650459e+01 
 6.85205587e+01  8.27914040e+01  9.42165514e+01 
 6.93100193e+01  8.26924344e+01  9.41686024e+01 
 7.01085757e+01  8.25934528e+01  9.41211927e+01 
 7.09163327e+01  8.24944594e+01  9.40743163e+01 
 7.17333962e+01  8.23954545e+01  9.40279675e+01 
 7.25598736e+01  8.22964385e+01  9.39821403e+01 
 7.33958732e+01  8.21974114e+01  9.39368290e+01 
 7.42415048e+01  8.20983737e+01  9.38920278e+01 
 7.50968794e+01  8.19993254e+01  9.38477310e+01 
 7.59621092e+01  8.19002670e+01  9.38039332e+01 
 7.68373077e+01  8.18011985e+01  9.37606287e+01 
 7.77225899e+01  8.17021202e+01  9.37178120e+01 
 7.86180718e+01  8.16030323e+01  9.36754778e+01 
 7.95238711e+01  8.15039351e+01  9.36336206e+01 
 8.04401065e+01  8.14048288e+01  9.35922352e+01 
 8.13668983e+01  8.13057135e+01  9.35513162e+01 
 8.23043682e+01  8.12065895e+01  9.35108585e+01 
 8.32526392e+01  8.11074569e+01  9.34708569e+01 
 8.42118357e+01  8.10083160e+01  9.34313063e+01 
 8.51820836e+01  8.09091670e+01  9.33922018e+01 
 8.61635102e+01  8.08100099e+01  9.33535382e+01 
 8.71562443e+01  8.07108451e+01  9.33153107e+01 
 8.81604162e+01  8.06116726e+01  9.32775144e+01 
 8.91761577e+01  8.05124927e+01  9.32401444e+01 
 9.02036021e+01  8.04133055e+01  9.32031961e+01 
 9.12428842e+01  8.03141111e+01  9.31666645e+01 
 9.22941404e+01  8.02149099e+01  9.31305452e+01 
 9.33575087e+01  8.01157018e+01  9.30948334e+01 
 9.44331286e+01  8.00164871e+01  9.30595246e+01 
 9.55211412e+01  7.99172658e+01  9.30246142e+01 
 9.66216894e+01  7.98180382e+01  9.29900978e+01 
 9.77349176e+01  7.97188044e+01  9.29559710e+01 
 9.88609719e+01  7.96195646e+01  9.29222293e+01 
 1.00000000e+02  7.95203188e+01  9.28888684e+01 
 1.01152151e+02  7.94210672e+01  9.28558840e+01 
 1.02317577e+02  7.93218099e+01  9.28232720e+01 
 1.03496431e+02  7.92225471e+01  9.27910281e+01 
 1.04688866e+02  7.91232789e+01  9.27591480e+01 
 1.05895041e+02  7.90240054e+01  9.27276279e+01 
 1.07115112e+02  7.89247267e+01  9.26964635e+01 
 1.08349240e+02  7.88254429e+01  9.26656509e+01 
 1.09597588e+02  7.87261542e+01  9.26351861e+01 
 1.10860318e+02  7.86268607e+01  9.26050651e+01 
 1.12137597e+02  7.85275624e+01  9.25752841e+01 
 1.13429592e+02  7.84282596e+01  9.25458393e+01 
 1.14736472e+02  7.83289522e+01  9.25167267e+01 
 1.16058410e+02  7.82296404e+01  9.24879428e+01 
 1.17395579e+02  7.81303243e+01  9.24594837e+01 
 1.18748154e+02  7.80310040e+01  9.24313457e+01 
 1.20116312e+02  7.79316795e+01  9.24035253e+01 
 1.21500234e+02  7.78323511e+01  9.23760188e+01 
 1.22900101e+02  7.77330187e+01  9.23488227e+01 
 1.24316096e+02  7.76336824e+01  9.23219335e+01 
 1.25748406e+02  7.75343424e+01  9.22953476e+01 
 1.27197218e+02  7.74349988e+01  9.22690616e+01 
 1.28662722e+02  7.73356515e+01  9.22430722e+01 
 1.30145112e+02  7.72363007e+01  9.22173759e+01 
 1.31644581e+02  7.71369465e+01  9.21919694e+01 
 1.33161325e+02  7.70375889e+01  9.21668495e+01 
 1.34695546e+02  7.69382281e+01  9.21420128e+01 
 1.36247442e+02  7.68388640e+01  9.21174562e+01 
 1.37817219e+02  7.67394969e+01  9.20931764e+01 
 1.39405082e+02  7.66401266e+01  9.20691703e+01 
 1.41011240e+02  7.65407534e+01  9.20454349e+01 
 1.42635903e+02  7.64413772e+01  9.20219669e+01 
 1.44279285e+02  7.63419982e+01  9.19987634e+01 
 1.45941600e+02  7.62426164e+01  9.19758213e+01 
 1.47623069e+02  7.61432319e+01  9.19531377e+01 
 1.49323910e+02  7.60438447e+01  9.19307096e+01 
 1.51044348e+02  7.59444549e+01  9.19085341e+01 
 1.52784607e+02  7.58450625e+01  9.18866083e+01 
 1.54544917e+02  7.57456676e+01  9.18649294e+01 
 1.56325509e+02  7.56462703e+01  9.18434945e+01 
 1.58126615e+02  7.55468707e+01  9.18223009e+01 
 1.59948473e+02  7.54474687e+01  9.18013457e+01 
 1.61791322e+02  7.53480644e+01  9.17806263e+01 
 1.63655403e+02  7.52486579e+01  9.17601400e+01 
 1.65540961e+02  7.51492492e+01  9.17398841e+01 
 1.67448244e+02  7.50498385e+01  9.17198560e+01 
 1.69377501e+02  7.49504256e+01  9.17000530e+01 
 1.71328986e+02  7.48510107e+01  9.16804725e+01 
 1.73302956e+02  7.47515938e+01  9.16611121e+01 
 1.75299668e+02  7.46521750e+01  9.16419692e+01 
 1.77319386e+02  7.45527543e+01  9.16230413e+01 
 1.79362374e+02  7.44533317e+01  9.16043259e+01 
 1.81428900e+02  7.43539074e+01  9.15858206e+01 
 1.83519236e+02  7.42544812e+01  9.15675230e+01 
 1.85633655e+02  7.41550534e+01  9.15494307e+01 
 1.87772436e+02  7.40556238e+01  9.15315413e+01 
 1.89935859e+02  7.39561926e+01  9.15138525e+01 
 1.92124208e+02  7.38567598e+01  9.14963620e+01 
 1.94337770e+02  7.37573254e+01  9.14790675e+01 
 1.96576835e+02  7.36578895e+01  9.14619667e+01 
 1.98841698e+02  7.35584520e+01  9.14450575e+01 
 2.01132655e+02  7.34590131e+01  9.14283376e+01 
 2.03450008e+02  7.33595727e+01  9.14118048e+01 
 2.05794060e+02  7.32601310e+01  9.13954570e+01 
 2.08165120e+02  7.31606878e+01  9.13792920e+01 
 2.10563497e+02  7.30612434e+01  9.13633077e+01 
 2.12989507e+02  7.29617976e+01  9.13475021e+01 
 2.15443469e+02  7.28623505e+01  9.13318730e+01 
 2.17925704e+02  7.27629022e+01  9.13164185e+01 
 2.20436538e+02  7.26634526e+01  9.13011365e+01 
 2.22976301e+02  7.25640018e+01  9.12860250e+01 
 2.25545326e+02  7.24645499e+01  9.12710820e+01 
 2.28143949e+02  7.23650968e+01  9.12563056e+01 
 2.30772513e+02  7.22656426e+01  9.12416938e+01 
 2.33431362e+02  7.21661874e+01  9.12272448e+01 
 2.36120845e+02  7.20667310e+01  9.12129567e+01 
 2.38841315e+02  7.19672736e+01  9.11988275e+01 
 2.41593128e+02  7.18678152e+01  9.11848555e+01 
 2.44376647e+02  7.17683558e+01  9.11710387e+01 
 2.47192236e+02  7.16688954e+01  9.11573755e+01 
 2.50040265e+02  7.15694340e+01  9.11438640e+01 
 2.52921107e+02  7.14699717e+01  9.11305024e+01 
 2.55835142e+02  7.13705086e+01  9.11172891e+01 
 2.58782750e+02  7.12710445e+01  9.11042222e+01 
 2.61764319e+02  7.11715795e+01  9.10913001e+01 
 2.64780240e+02  7.10721137e+01  9.10785210e+01 
 2.67830910e+02  7.09726471e+01  9.10658833e+01 
 2.70916727e+02  7.08731796e+01  9.10533854e+01 
 2.74038098e+02  7.07737114e+01  9.10410256e+01 
 2.77195432e+02  7.06742424e+01  9.10288023e+01 
 2.80389144e+02  7.05747726e+01  9.10167139e+01 
 2.83619651e+02  7.04753021e+01  9.10047587e+01 
 2.86887379e+02  7.03758309e+01  9.09929354e+01 
 2.90192756e+02  7.02763589e+01  9.09812422e+01 
 2.93536216e+02  7.01768863e+01  9.09696777e+01 
 2.96918198e+02  7.00774130e+01  9.09582403e+01 
 3.00339145e+02  6.99779390e+01  9.09469286e+01 
 3.03799507e+02  6.98784644e+01  9.09357411e+01 
 3.07299737e+02  6.97789891e+01  9.09246763e+01 
 3.10840296e+02  6.96795133e+01  9.09137327e+01 
 3.14421647e+02  6.95800368e+01  9.09029090e+01 
 3.18044260e+02  6.94805597e+01  9.08922036e+01 
 3.21708612e+02  6.93810821e+01  9.08816153e+01 
 3.25415182e+02  6.92816039e+01  9.08711426e+01 
 3.29164458e+02  6.91821251e+01  9.08607841e+01 
 3.32956931e+02  6.90826458e+01  9.08505386e+01 
 3.36793099e+02  6.89831660e+01  9.08404045e+01 
 3.40673466e+02  6.88836857e+01  9.08303807e+01 
 3.44598540e+02  6.87842049e+01  9.08204659e+01 
 3.48568837e+02  6.86847235e+01  9.08106586e+01 
 3.52584878e+02  6.85852417e+01  9.08009576e+01 
 3.56647189e+02  6.84857595e+01  9.07913617e+01 
 3.60756305e+02  6.83862767e+01  9.07818696e+01 
 3.64912764e+02  6.82867936e+01  9.07724801e+01 
 3.69117112e+02  6.81873099e+01  9.07631918e+01 
 3.73369900e+02  6.80878259e+01  9.07540037e+01 
 3.77671687e+02  6.79883414e+01  9.07449145e+01 
 3.82023036e+02  6.78888566e+01  9.07359229e+01 
 3.86424520e+02  6.77893713e+01  9.07270280e+01 
 3.90876716e+02  6.76898856e+01  9.07182283e+01 
 3.95380208e+02  6.75903996e+01  9.07095229e+01 
 3.99935587e+02  6.74909132e+01  9.07009106e+01 
 4.04543450e+02  6.73914264e+01  9.06923902e+01 
 4.09204403e+02  6.72919392e+01  9.06839606e+01 
 4.13919058e+02  6.71924518e+01  9.06756208e+01 
 4.18688032e+02  6.70929639e+01  9.06673695e+01 
 4.23511952e+02  6.69934758e+01  9.06592059e+01 
 4.28391452e+02  6.68939873e+01  9.06511287e+01 
 4.33327170e+02  6.67944985e+01  9.06431369e+01 
 4.38319755e+02  6.66950094e+01  9.06352295e+01 
 4.43369862e+02  6.65955200e+01  9.06274054e+01 
 4.48478155e+02  6.64960302e+01  9.06196636e+01 
 4.53645302e+02  6.63965402e+01  9.06120031e+01 
 4.58871983e+02  6.62970499e+01  9.06044229e+01 
 4.64158883e+02  6.61975594e+01  9.05969220e+01 
 4.69506697e+02  6.60980685e+01  9.05894994e+01 
 4.74916125e+02  6.59985774e+01  9.05821542e+01 
 4.80387878e+02  6.58990861e+01  9.05748853e+01 
 4.85922674e+02  6.57995945e+01  9.05676918e+01 
 4.91521239e+02  6.57001026e+01  9.05605728e+01 
 4.97184308e+02  6.56006105e+01  9.05535274e+01 
 5.02912624e+02  6.55011182e+01  9.05465546e+01 
 5.08706939e+02  6.54016256e+01  9.05396535e+01 
 5.14568013e+02  6.53021328e+01  9.05328231e+01 
 5.20496616e+02  6.52026398e+01  9.05260627e+01 
 5.26493525e+02  6.51031465e+01  9.05193713e+01 
 5.32559528e+02  6.50036531e+01  9.05127481e+01 
 5.38695420e+02  6.49041595e+01  9.05061921e+01 
 5.44902008e+02  6.48046656e+01  9.04997026e+01 
 5.51180104e+02  6.47051716e+01  9.04932786e+01 
 5.57530533e+02  6.46056773e+01  9.04869193e+01 
 5.63954130e+02  6.45061829e+01  9.04806239e+01 
 5.70451735e+02  6.44066883e+01  9.04743915e+01 
 5.77024203e+02  6.43071935e+01  9.04682214e+01 
 5.83672396e+02  6.42076985e+01  9.04621128e+01 
 5.90397186e+02  6.41082034e+01  9.04560647e+01 
 5.97199455e+02  6.40087081e+01  9.04500765e+01 
 6.04080098e+02  6.39092126e+01  9.04441474e+01 
 6.11040015e+02  6.38097169e+01  9.04382765e+01 
 6.18080121e+02  6.37102212e+01  9.04324632e+01 
 6.25201340e+02  6.36107252e+01  9.04267066e+01 
 6.32404607e+02  6.35112291e+01  9.04210059e+01 
 6.39690866e+02  6.34117329e+01  9.04153605e+01 
 6.47061073e+02  6.33122365e+01  9.04097696e+01 
 6.54516197e+02  6.32127400e+01  9.04042325e+01 
 6.62057214e+02  6.31132433e+01  9.03987484e+01 
 6.69685116e+02  6.30137465e+01  9.03933167e+01 
 6.77400903e+02  6.29142496e+01  9.03879365e+01 
 6.85205587e+02  6.28147525e+01  9.03826072e+01 
 6.93100193e+02  6.27152553e+01  9.03773282e+01 
 7.01085757e+02  6.26157580e+01  9.03720986e+01 
 7.09163327e+02  6.25162606e+01  9.03669179e+01 
 7.17333962e+02  6.24167631e+01  9.03617854e+01 
 7.25598736e+02  6.23172654e+01  9.03567002e+01 
 7.33958732e+02  6.22177677e+01  9.03516619e+01 
 7.42415048e+02  6.21182698e+01  9.03466698e+01 
 7.50968794e+02  6.20187718e+01  9.03417231e+01 
 7.59621092e+02  6.19192737e+01  9.03368213e+01 
 7.68373077e+02  6.18197755e+01  9.03319637e+01 
 7.77225899e+02  6.17202772e+01  9.03271496e+01 
 7.86180718e+02  6.16207789e+01  9.03223784e+01 
 7.95238711e+02  6.15212804e+01  9.03176496e+01 
 8.04401065e+02  6.14217818e+01  9.03129624e+01 
 8.13668983e+02  6.13222831e+01  9.03083163e+01 
 8.23043682e+02  6.12227844e+01  9.03037107e+01 
 8.32526392e+02  6.11232855e+01  9.02991449e+01 
 8.42118357e+02  6.10237866e+01  9.02946184e+01 
 8.51820836e+02  6.09242876e+01  9.02901305e+01 
 8.61635102e+02  6.08247885e+01  9.02856807e+01 
 8.71562443e+02  6.07252893e+01  9.02812684e+01 
 8.81604162e+02  6.06257900e+01  9.02768930e+01 
 8.91761577e+02  6.05262907e+01  9.02725539e+01 
 9.02036021e+02  6.04267913e+01  9.02682506e+01 
 9.12428842e+02  6.03272918e+01  9.02639824e+01 
 9.22941404e+02  6.02277923e+01  9.02597490e+01 
 9.33575087e+02  6.01282926e+01  9.02555496e+01 
 9.44331286e+02  6.00287929e+01  9.02513837e+01 
 9.55211412e+02  5.99292932e+01  9.02472509e+01 
 9.66216894e+02  5.98297934e+01  9.02431504e+01 
 9.77349176e+02  5.97302935e+01  9.02390819e+01 
 9.88609719e+02  5.96307935e+01  9.02350448e+01 
 1.00000000e+03  5.95312935e+01  9.02310385e+01 
 1.01152151e+03  5.94317934e+01  9.02270625e+01 
 1.02317577e+03  5.93322933e+01  9.02231163e+01 
 1.03496431e+03  5.92327931e+01  9.02191994e+01 
 1.04688866e+03  5.91332928e+01  9.02153112e+01 
 1.05895041e+03  5.90337925e+01  9.02114514e+01 
 1.07115112e+03  5.89342922e+01  9.02076192e+01 
 1.08349240e+03  5.88347917e+01  9.02038143e+01 
 1.09597588e+03  5.87352913e+01  9.02000361e+01 
 1.10860318e+03  5.86357907e+01  9.01962842e+01 
 1.12137597e+03  5.85362902e+01  9.01925581e+01 
 1.13429592e+03  5.84367896e+01  9.01888572e+01 
 1.14736472e+03  5.83372889e+01  9.01851811e+01 
 1.16058410e+03  5.82377882e+01  9.01815293e+01 
 1.17395579e+03  5.81382874e+01  9.01779013e+01 
 1.18748154e+03  5.80387866e+01  9.01742967e+01 
 1.20116312e+03  5.79392857e+01  9.01707149e+01 
 1.21500234e+03  5.78397849e+01  9.01671556e+01 
 1.22900101e+03  5.77402839e+01  9.01636182e+01 
 1.24316096e+03  5.76407829e+01  9.01601022e+01 
 1.25748406e+03  5.75412819e+01  9.01566073e+01 
 1.27197218e+03  5.74417808e+01  9.01531329e+01 
 1.28662722e+03  5.73422797e+01  9.01496786e+01 
 1.30145112e+03  5.72427786e+01  9.01462439e+01 
 1.31644581e+03  5.71432774e+01  9.01428285e+01 
 1.33161325e+03  5.70437762e+01  9.01394317e+01 
 1.34695546e+03  5.69442749e+01  9.01360533e+01 
 1.36247442e+03  5.68447736e+01  9.01326927e+01 
 1.37817219e+03  5.67452723e+01  9.01293496e+01 
 1.39405082e+03  5.66457710e+01  9.01260234e+01 
 1.41011240e+03  5.65462696e+01  9.01227138e+01 
 1.42635903e+03  5.64467681e+01  9.01194202e+01 
 1.44279285e+03  5.63472667e+01  9.01161423e+01 
 1.45941600e+03  5.62477652e+01  9.01128797e+01 
 1.47623069e+03  5.61482636e+01  9.01096319e+01 
 1.49323910e+03  5.60487621e+01  9.01063985e+01 
 1.51044348e+03  5.59492605e+01  9.01031790e+01 
 1.52784607e+03  5.58497588e+01  9.00999731e+01 
 1.54544917e+03  5.57502572e+01  9.00967802e+01 
 1.56325509e+03  5.56507555e+01  9.00936001e+01 
 1.58126615e+03  5.55512538e+01  9.00904323e+01 
 1.59948473e+03  5.54517520e+01  9.00872763e+01 
 1.61791322e+03  5.53522503e+01  9.00841318e+01 
 1.63655403e+03  5.52527485e+01  9.00809984e+01 
 1.65540961e+03  5.51532466e+01  9.00778755e+01 
 1.67448244e+03  5.50537448e+01  9.00747629e+01 
 1.69377501e+03  5.49542429e+01  9.00716601e+01 
 1.71328986e+03  5.48547410e+01  9.00685667e+01 
 1.73302956e+03  5.47552390e+01  9.00654823e+01 
 1.75299668e+03  5.46557371e+01  9.00624065e+01 
 1.77319386e+03  5.45562351e+01  9.00593389e+01 
 1.79362374e+03  5.44567330e+01  9.00562790e+01 
 1.81428900e+03  5.43572310e+01  9.00532266e+01 
 1.83519236e+03  5.42577289e+01  9.00501811e+01 
 1.85633655e+03  5.41582268e+01  9.00471422e+01 
 1.87772436e+03  5.40587247e+01  9.00441095e+01 
 1.89935859e+03  5.39592226e+01  9.00410826e+01 
 1.92124208e+03  5.38597204e+01  9.00380611e+01 
 1.94337770e+03  5.37602182e+01  9.00350446e+01 
 1.96576835e+03  5.36607160e+01  9.00320327e+01 
 1.98841698e+03  5.35612137e+01  9.00290250e+01 
 2.01132655e+03  5.34617115e+01  9.00260210e+01 
 2.03450008e+03  5.33622092e+01  9.00230205e+01 
 2.05794060e+03  5.32627069e+01  9.00200231e+01 
 2.08165120e+03  5.31632045e+01  9.00170282e+01 
 2.10563497e+03  5.30637022e+01  9.00140356e+01 
 2.12989507e+03  5.29641998e+01  9.00110448e+01 
 2.15443469e+03  5.28646974e+01  9.00080555e+01 
 2.17925704e+03  5.27651949e+01  9.00050673e+01 
 2.20436538e+03  5.26656925e+01  9.00020797e+01 
 2.22976301e+03  5.25661900e+01  8.99990923e+01 
 2.25545326e+03  5.24666875e+01  8.99961049e+01 
 2.28143949e+03  5.23671849e+01  8.99931169e+01 
 2.30772513e+03  5.22676824e+01  8.99901281e+01 
 2.33431362e+03  5.21681798e+01  8.99871379e+01 
 2.36120845e+03  5.20686772e+01  8.99841461e+01 
 2.38841315e+03  5.19691746e+01  8.99811522e+01 
 2.41593128e+03  5.18696719e+01  8.99781558e+01 
 2.44376647e+03  5.17701693e+01  8.99751565e+01 
 2.47192236e+03  5.16706666e+01  8.99721540e+01 
 2.50040265e+03  5.15711638e+01  8.99691478e+01 
 2.52921107e+03  5.14716611e+01  8.99661376e+01 
 2.55835142e+03  5.13721583e+01  8.99631229e+01 
 2.58782750e+03  5.12726555e+01  8.99601034e+01 
 2.61764319e+03  5.11731527e+01  8.99570787e+01 
 2.64780240e+03  5.10736499e+01  8.99540483e+01 
 2.67830910e+03  5.09741470e+01  8.99510119e+01 
 2.70916727e+03  5.08746441e+01  8.99479690e+01 
 2.74038098e+03  5.07751412e+01  8.99449194e+01 
 2.77195432e+03  5.06756382e+01  8.99418625e+01 
 2.80389144e+03  5.05761353e+01  8.99387980e+01 
 2.83619651e+03  5.04766323e+01  8.99357254e+01 
 2.86887379e+03  5.03771293e+01  8.99326444e+01 
 2.90192756e+03  5.02776262e+01  8.99295546e+01 
 2.93536216e+03  5.01781231e+01  8.99264555e+01 
 2.96918198e+03  5.00786200e+01  8.99233468e+01 
 3.00339145e+03  4.99791169e+01  8.99202280e+01 
 3.03799507e+03  4.98796137e+01  8.99170988e+01 
 3.07299737e+03  4.97801105e+01  8.99139586e+01 
 3.10840296e+03  4.96806073e+01  8.99108072e+01 
 3.14421647e+03  4.95811041e+01  8.99076441e+01 
 3.18044260e+03  4.94816008e+01  8.99044689e+01 
 3.21708612e+03  4.93820975e+01  8.99012811e+01 
 3.25415182e+03  4.92825941e+01  8.98980804e+01 
 3.29164458e+03  4.91830908e+01  8.98948662e+01 
 3.32956931e+03  4.90835874e+01  8.98916383e+01 
 3.36793099e+03  4.89840839e+01  8.98883962e+01 
 3.40673466e+03  4.88845805e+01  8.98851395e+01 
 3.44598540e+03  4.87850770e+01  8.98818676e+01 
 3.48568837e+03  4.86855735e+01  8.98785803e+01 
 3.52584878e+03  4.85860699e+01  8.98752770e+01 
 3.56647189e+03  4.84865663e+01  8.98719573e+01 
 3.60756305e+03  4.83870627e+01  8.98686209e+01 
 3.64912764e+03  4.82875590e+01  8.98652672e+01 
 3.69117112e+03  4.81880553e+01  8.98618958e+01 
 3.73369900e+03  4.80885516e+01  8.98585064e+01 
 3.77671687e+03  4.79890478e+01  8.98550983e+01 
 3.82023036e+03  4.78895440e+01  8.98516712e+01 
 3.86424520e+03  4.77900401e+01  8.98482247e+01 
 3.90876716e+03  4.76905362e+01  8.98447582e+01 
 3.95380208e+03  4.75910323e+01  8.98412714e+01 
 3.99935587e+03  4.74915283e+01  8.98377637e+01 
 4.04543450e+03  4.73920243e+01  8.98342348e+01 
 4.09204403e+03  4.72925202e+01  8.98306841e+01 
 4.13919058e+03  4.71930161e+01  8.98271112e+01 
 4.18688032e+03  4.70935120e+01  8.98235156e+01 
 4.23511952e+03  4.69940078e+01  8.98198968e+01 
 4.28391452e+03  4.68945035e+01  8.98162544e+01 
 4.33327170e+03  4.67949992e+01  8.98125879e+01 
 4.38319755e+03  4.66954949e+01  8.98088968e+01 
 4.43369862e+03  4.65959905e+01  8.98051806e+01 
 4.48478155e+03  4.64964861e+01  8.98014389e+01 
 4.53645302e+03  4.63969816e+01  8.97976711e+01 
 4.58871983e+03  4.62974771e+01  8.97938768e+01 
 4.64158883e+03  4.61979725e+01  8.97900554e+01 
 4.69506697e+03  4.60984678e+01  8.97862064e+01 
 4.74916125e+03  4.59989631e+01  8.97823294e+01 
 4.80387878e+03  4.58994584e+01  8.97784238e+01 
 4.85922674e+03  4.57999536e+01  8.97744892e+01 
 4.91521239e+03  4.57004487e+01  8.97705250e+01 
 4.97184308e+03  4.56009437e+01  8.97665306e+01 
 5.02912624e+03  4.55014388e+01  8.97625056e+01 
 5.08706939e+03  4.54019337e+01  8.97584495e+01 
 5.14568013e+03  4.53024286e+01  8.97543617e+01 
 5.20496616e+03  4.52029234e+01  8.97502416e+01 
 5.26493525e+03  4.51034181e+01  8.97460887e+01 
 5.32559528e+03  4.50039128e+01  8.97419026e+01 
 5.38695420e+03  4.49044074e+01  8.97376825e+01 
 5.44902008e+03  4.48049020e+01  8.97334281e+01 
 5.51180104e+03  4.47053964e+01  8.97291386e+01 
 5.57530533e+03  4.46058908e+01  8.97248137e+01 
 5.63954130e+03  4.45063851e+01  8.97204526e+01 
 5.70451735e+03  4.44068793e+01  8.97160548e+01 
 5.77024203e+03  4.43073735e+01  8.97116198e+01 
 5.83672396e+03  4.42078676e+01  8.97071469e+01 
 5.90397186e+03  4.41083616e+01  8.97026356e+01 
 5.97199455e+03  4.40088555e+01  8.96980853e+01 
 6.04080098e+03  4.39093493e+01  8.96934953e+01 
 6.11040015e+03  4.38098430e+01  8.96888652e+01 
 6.18080121e+03  4.37103367e+01  8.96841942e+01 
 6.25201340e+03  4.36108302e+01  8.96794818e+01 
 6.32404607e+03  4.35113237e+01  8.96747273e+01 
 6.39690866e+03  4.34118170e+01  8.96699302e+01 
 6.47061073e+03  4.33123103e+01  8.96650897e+01 
 6.54516197e+03  4.32128034e+01  8.96602053e+01 
 6.62057214e+03  4.31132965e+01  8.96552763e+01 
 6.69685116e+03  4.30137894e+01  8.96503020e+01 
 6.77400903e+03  4.29142822e+01  8.96452819e+01 
 6.85205587e+03  4.28147750e+01  8.96402153e+01 
 6.93100193e+03  4.27152676e+01  8.96351014e+01 
 7.01085757e+03  4.26157601e+01  8.96299396e+01 
 7.09163327e+03  4.25162524e+01  8.96247293e+01 
 7.17333962e+03  4.24167447e+01  8.96194698e+01 
 7.25598736e+03  4.23172368e+01  8.96141603e+01 
 7.33958732e+03  4.22177288e+01  8.96088002e+01 
 7.42415048e+03  4.21182207e+01  8.96033888e+01 
 7.50968794e+03  4.20187124e+01  8.95979253e+01 
 7.59621092e+03  4.19192041e+01  8.95924091e+01 
 7.68373077e+03  4.18196955e+01  8.95868393e+01 
 7.77225899e+03  4.17201868e+01  8.95812154e+01 
 7.86180718e+03  4.16206780e+01  8.95755365e+01 
 7.95238711e+03  4.15211690e+01  8.95698020e+01 
 8.04401065e+03  4.14216599e+01  8.95640110e+01 
 8.13668983e+03  4.13221506e+01  8.95581628e+01 
 8.23043682e+03  4.12226412e+01  8.95522566e+01 
 8.32526392e+03  4.11231316e+01  8.95462916e+01 
 8.42118357e+03  4.10236218e+01  8.95402672e+01 
 8.51820836e+03  4.09241119e+01  8.95341824e+01 
 8.61635102e+03  4.08246018e+01  8.95280365e+01 
 8.71562443e+03  4.07250915e+01  8.95218287e+01 
 8.81604162e+03  4.06255810e+01  8.95155581e+01 
 8.91761577e+03  4.05260704e+01  8.95092240e+01 
 9.02036021e+03  4.04265595e+01  8.95028255e+01 
 9.12428842e+03  4.03270485e+01  8.94963617e+01 
 9.22941404e+03  4.02275372e+01  8.94898319e+01 
 9.33575087e+03  4.01280258e+01  8.94832352e+01 
 9.44331286e+03  4.00285141e+01  8.94765706e+01 
 9.55211412e+03  3.99290023e+01  8.94698374e+01 
 9.66216894e+03  3.98294902e+01  8.94630346e+01 
 9.77349176e+03  3.97299778e+01  8.94561614e+01 
 9.88609719e+03  3.96304653e+01  8.94492168e+01 
 1.00000000e+04  3.95309525e+01  8.94421999e+01 
 1.01152151e+04  3.94314395e+01  8.94351099e+01 
 1.02317577e+04  3.93319262e+01  8.94279458e+01 
 1.03496431e+04  3.92324127e+01  8.94207066e+01 
 1.04688866e+04  3.91328990e+01  8.94133914e+01 
 1.05895041e+04  3.90333849e+01  8.94059993e+01 
 1.07115112e+04  3.89338706e+01  8.93985292e+01 
 1.08349240e+04  3.88343561e+01  8.93909803e+01 
 1.09597588e+04  3.87348412e+01  8.93833514e+01 
 1.10860318e+04  3.86353261e+01  8.93756416e+01 
 1.12137597e+04  3.85358106e+01  8.93678500e+01 
 1.13429592e+04  3.84362949e+01  8.93599754e+01 
 1.14736472e+04  3.83367788e+01  8.93520168e+01 
 1.16058410e+04  3.82372625e+01  8.93439732e+01 
 1.17395579e+04  3.81377458e+01  8.93358436e+01 
 1.18748154e+04  3.80382288e+01  8.93276269e+01 
 1.20116312e+04  3.79387114e+01  8.93193219e+01 
 1.21500234e+04  3.78391937e+01  8.93109277e+01 
 1.22900101e+04  3.77396757e+01  8.93024430e+01 
 1.24316096e+04  3.76401573e+01  8.92938669e+01 
 1.25748406e+04  3.75406385e+01  8.92851981e+01 
 1.27197218e+04  3.74411193e+01  8.92764356e+01 
 1.28662722e+04  3.73415998e+01  8.92675782e+01 
 1.30145112e+04  3.72420798e+01  8.92586247e+01 
 1.31644581e+04  3.71425595e+01  8.92495739e+01 
 1.33161325e+04  3.70430387e+01  8.92404247e+01 
 1.34695546e+04  3.69435175e+01  8.92311759e+01 
 1.36247442e+04  3.68439959e+01  8.92218263e+01 
 1.37817219e+04  3.67444738e+01  8.92123745e+01 
 1.39405082e+04  3.66449513e+01  8.92028195e+01 
 1.41011240e+04  3.65454283e+01  8.91931599e+01 
 1.42635903e+04  3.64459049e+01  8.91833945e+01 
 1.44279285e+04  3.63463809e+01  8.91735220e+01 
 1.45941600e+04  3.62468565e+01  8.91635411e+01 
 1.47623069e+04  3.61473315e+01  8.91534504e+01 
 1.49323910e+04  3.60478060e+01  8.91432488e+01 
 1.51044348e+04  3.59482800e+01  8.91329348e+01 
 1.52784607e+04  3.58487535e+01  8.91225071e+01 
 1.54544917e+04  3.57492264e+01  8.91119643e+01 
 1.56325509e+04  3.56496987e+01  8.91013050e+01 
 1.58126615e+04  3.55501704e+01  8.90905279e+01 
 1.59948473e+04  3.54506416e+01  8.90796315e+01 
 1.61791322e+04  3.53511121e+01  8.90686144e+01 
 1.63655403e+04  3.52515820e+01  8.90574752e+01 
 1.65540961e+04  3.51520512e+01  8.90462124e+01 
 1.67448244e+04  3.50525198e+01  8.90348245e+01 
 1.69377501e+04  3.49529878e+01  8.90233100e+01 
 1.71328986e+04  3.48534550e+01  8.90116675e+01 
 1.73302956e+04  3.47539216e+01  8.89998954e+01 
 1.75299668e+04  3.46543874e+01  8.89879922e+01 
 1.77319386e+04  3.45548525e+01  8.89759562e+01 
 1.79362374e+04  3.44553168e+01  8.89637860e+01 
 1.81428900e+04  3.43557804e+01  8.89514799e+01 
 1.83519236e+04  3.42562432e+01  8.89390364e+01 
 1.85633655e+04  3.41567052e+01  8.89264538e+01 
 1.87772436e+04  3.40571663e+01  8.89137304e+01 
 1.89935859e+04  3.39576266e+01  8.89008646e+01 
 1.92124208e+04  3.38580861e+01  8.88878547e+01 
 1.94337770e+04  3.37585447e+01  8.88746990e+01 
 1.96576835e+04  3.36590023e+01  8.88613958e+01 
 1.98841698e+04  3.35594591e+01  8.88479433e+01 
 2.01132655e+04  3.34599149e+01  8.88343398e+01 
 2.03450008e+04  3.33603697e+01  8.88205835e+01 
 2.05794060e+04  3.32608236e+01  8.88066726e+01 
 2.08165120e+04  3.31612764e+01  8.87926053e+01 
 2.10563497e+04  3.30617282e+01  8.87783797e+01 
 2.12989507e+04  3.29621789e+01  8.87639941e+01 
 2.15443469e+04  3.28626286e+01  8.87494464e+01 
 2.17925704e+04  3.27630771e+01  8.87347348e+01 
 2.20436538e+04  3.26635245e+01  8.87198574e+01 
 2.22976301e+04  3.25639708e+01  8.87048123e+01 
 2.25545326e+04  3.24644159e+01  8.86895974e+01 
 2.28143949e+04  3.23648597e+01  8.86742107e+01 
 2.30772513e+04  3.22653023e+01  8.86586504e+01 
 2.33431362e+04  3.21657436e+01  8.86429143e+01 
 2.36120845e+04  3.20661837e+01  8.86270003e+01 
 2.38841315e+04  3.19666224e+01  8.86109065e+01 
 2.41593128e+04  3.18670597e+01  8.85946307e+01 
 2.44376647e+04  3.17674957e+01  8.85781707e+01 
 2.47192236e+04  3.16679302e+01  8.85615244e+01 
 2.50040265e+04  3.15683632e+01  8.85446897e+01 
 2.52921107e+04  3.14687948e+01  8.85276644e+01 
 2.55835142e+04  3.13692248e+01  8.85104462e+01 
 2.58782750e+04  3.12696533e+01  8.84930329e+01 
 2.61764319e+04  3.11700802e+01  8.84754221e+01 
 2.64780240e+04  3.10705054e+01  8.84576117e+01 
 2.67830910e+04  3.09709290e+01  8.84395993e+01 
 2.70916727e+04  3.08713508e+01  8.84213825e+01 
 2.74038098e+04  3.07717709e+01  8.84029590e+01 
 2.77195432e+04  3.06721892e+01  8.83843263e+01 
 2.80389144e+04  3.05726057e+01  8.83654820e+01 
 2.83619651e+04  3.04730203e+01  8.83464238e+01 
 2.86887379e+04  3.03734330e+01  8.83271490e+01 
 2.90192756e+04  3.02738437e+01  8.83076552e+01 
 2.93536216e+04  3.01742524e+01  8.82879398e+01 
 2.96918198e+04  3.00746590e+01  8.82680003e+01 
 3.00339145e+04  2.99750636e+01  8.82478340e+01 
 3.03799507e+04  2.98754660e+01  8.82274384e+01 
 3.07299737e+04  2.97758662e+01  8.82068108e+01 
 3.10840296e+04  2.96762641e+01  8.81859484e+01 
 3.14421647e+04  2.95766597e+01  8.81648487e+01 
 3.18044260e+04  2.94770530e+01  8.81435088e+01 
 3.21708612e+04  2.93774438e+01  8.81219259e+01 
 3.25415182e+04  2.92778322e+01  8.81000973e+01 
 3.29164458e+04  2.91782181e+01  8.80780201e+01 
 3.32956931e+04  2.90786014e+01  8.80556915e+01 
 3.36793099e+04  2.89789820e+01  8.80331085e+01 
 3.40673466e+04  2.88793599e+01  8.80102681e+01 
 3.44598540e+04  2.87797351e+01  8.79871675e+01 
 3.48568837e+04  2.86801074e+01  8.79638037e+01 
 3.52584878e+04  2.85804768e+01  8.79401735e+01 
 3.56647189e+04  2.84808433e+01  8.79162740e+01 
 3.60756305e+04  2.83812067e+01  8.78921020e+01 
 3.64912764e+04  2.82815670e+01  8.78676543e+01 
 3.69117112e+04  2.81819242e+01  8.78429279e+01 
 3.73369900e+04  2.80822781e+01  8.78179194e+01 
 3.77671687e+04  2.79826287e+01  8.77926258e+01 
 3.82023036e+04  2.78829758e+01  8.77670436e+01 
 3.86424520e+04  2.77833195e+01  8.77411695e+01 
 3.90876716e+04  2.76836597e+01  8.77150003e+01 
 3.95380208e+04  2.75839962e+01  8.76885325e+01 
 3.99935587e+04  2.74843289e+01  8.76617627e+01 
 4.04543450e+04  2.73846579e+01  8.76346873e+01 
 4.09204403e+04  2.72849830e+01  8.76073030e+01 
 4.13919058e+04  2.71853040e+01  8.75796062e+01 
 4.18688032e+04  2.70856210e+01  8.75515933e+01 
 4.23511952e+04  2.69859338e+01  8.75232606e+01 
 4.28391452e+04  2.68862424e+01  8.74946045e+01 
 4.33327170e+04  2.67865465e+01  8.74656213e+01 
 4.38319755e+04  2.66868462e+01  8.74363073e+01 
 4.43369862e+04  2.65871414e+01  8.74066586e+01 
 4.48478155e+04  2.64874318e+01  8.73766715e+01 
 4.53645302e+04  2.63877175e+01  8.73463420e+01 
 4.58871983e+04  2.62879982e+01  8.73156663e+01 
 4.64158883e+04  2.61882740e+01  8.72846404e+01 
 4.69506697e+04  2.60885446e+01  8.72532603e+01 
 4.74916125e+04  2.59888099e+01  8.72215219e+01 
 4.80387878e+04  2.58890699e+01  8.71894212e+01 
 4.85922674e+04  2.57893244e+01  8.71569541e+01 
 4.91521239e+04  2.56895733e+01  8.71241163e+01 
 4.97184308e+04  2.55898165e+01  8.70909036e+01 
 5.02912624e+04  2.54900537e+01  8.70573118e+01 
 5.08706939e+04  2.53902850e+01  8.70233366e+01 
 5.14568013e+04  2.52905101e+01  8.69889735e+01 
 5.20496616e+04  2.51907289e+01  8.69542182e+01 
 5.26493525e+04  2.50909412e+01  8.69190663e+01 
 5.32559528e+04  2.49911470e+01  8.68835131e+01 
 5.38695420e+04  2.48913460e+01  8.68475542e+01 
 5.44902008e+04  2.47915381e+01  8.68111849e+01 
 5.51180104e+04  2.46917232e+01  8.67744006e+01 
 5.57530533e+04  2.45919011e+01  8.67371966e+01 
 5.63954130e+04  2.44920716e+01  8.66995681e+01 
 5.70451735e+04  2.43922345e+01  8.66615103e+01 
 5.77024203e+04  2.42923897e+01  8.66230184e+01 
 5.83672396e+04  2.41925369e+01  8.65840874e+01 
 5.90397186e+04  2.40926761e+01  8.65447124e+01 
 5.97199455e+04  2.39928071e+01  8.65048883e+01 
 6.04080098e+04  2.38929295e+01  8.64646102e+01 
 6.11040015e+04  2.37930433e+01  8.64238727e+01 
 6.18080121e+04  2.36931483e+01  8.63826709e+01 
 6.25201340e+04  2.35932442e+01  8.63409994e+01 
 6.32404607e+04  2.34933308e+01  8.62988529e+01 
 6.39690866e+04  2.33934079e+01  8.62562261e+01 
 6.47061073e+04  2.32934753e+01  8.62131136e+01 
 6.54516197e+04  2.31935328e+01  8.61695100e+01 
 6.62057214e+04  2.30935802e+01  8.61254096e+01 
 6.69685116e+04  2.29936171e+01  8.60808070e+01 
 6.77400903e+04  2.28936435e+01  8.60356964e+01 
 6.85205587e+04  2.27936590e+01  8.59900722e+01 
 6.93100193e+04  2.26936633e+01  8.59439287e+01 
 7.01085757e+04  2.25936563e+01  8.58972600e+01 
 7.09163327e+04  2.24936377e+01  8.58500602e+01 
 7.17333962e+04  2.23936072e+01  8.58023234e+01 
 7.25598736e+04  2.22935644e+01  8.57540436e+01 
 7.33958732e+04  2.21935093e+01  8.57052148e+01 
 7.42415048e+04  2.20934414e+01  8.56558307e+01 
 7.50968794e+04  2.19933605e+01  8.56058853e+01 
 7.59621092e+04  2.18932662e+01  8.55553723e+01 
 7.68373077e+04  2.17931583e+01  8.55042853e+01 
 7.77225899e+04  2.16930365e+01  8.54526179e+01 
 7.86180718e+04  2.15929004e+01  8.54003639e+01 
 7.95238711e+04  2.14927497e+01  8.53475165e+01 
 8.04401065e+04  2.13925841e+01  8.52940693e+01 
 8.13668983e+04  2.12924033e+01  8.52400155e+01 
 8.23043682e+04  2.11922068e+01  8.51853486e+01 
 8.32526392e+04  2.10919944e+01  8.51300617e+01 
 8.42118357e+04  2.09917656e+01  8.50741479e+01 
 8.51820836e+04  2.08915201e+01  8.50176004e+01 
 8.61635102e+04  2.07912575e+01  8.49604122e+01 
 8.71562443e+04  2.06909775e+01  8.49025762e+01 
 8.81604162e+04  2.05906796e+01  8.48440853e+01 
 8.91761577e+04  2.04903634e+01  8.47849323e+01 
 9.02036021e+04  2.03900285e+01  8.47251100e+01 
 9.12428842e+04  2.02896744e+01  8.46646110e+01 
 9.22941404e+04  2.01893008e+01  8.46034279e+01 
 9.33575087e+04  2.00889072e+01  8.45415533e+01 
 9.44331286e+04  1.99884931e+01  8.44789796e+01 
 9.55211412e+04  1.98880581e+01  8.44156992e+01 
 9.66216894e+04  1.97876017e+01  8.43517044e+01 
 9.77349176e+04  1.96871235e+01  8.42869874e+01 
 9.88609719e+04  1.95866228e+01  8.42215405e+01 
 1.00000000e+05  1.94860992e+01  8.41553556e+01 
 1.01152151e+05  1.93855522e+01  8.40884249e+01 
 1.02317577e+05  1.92849813e+01  8.40207402e+01 
 1.03496431e+05  1.91843858e+01  8.39522935e+01 
 1.04688866e+05  1.90837653e+01  8.38830766e+01 
 1.05895041e+05  1.89831193e+01  8.38130811e+01 
 1.07115112e+05  1.88824470e+01  8.37422987e+01 
 1.08349240e+05  1.87817479e+01  8.36707210e+01 
 1.09597588e+05  1.86810214e+01  8.35983395e+01 
 1.10860318e+05  1.85802670e+01  8.35251456e+01 
 1.12137597e+05  1.84794839e+01  8.34511306e+01 
 1.13429592e+05  1.83786715e+01  8.33762859e+01 
 1.14736472e+05  1.82778291e+01  8.33006026e+01 
 1.16058410e+05  1.81769562e+01  8.32240719e+01 
 1.17395579e+05  1.80760519e+01  8.31466848e+01 
 1.18748154e+05  1.79751156e+01  8.30684322e+01 
 1.20116312e+05  1.78741465e+01  8.29893051e+01 
 1.21500234e+05  1.77731440e+01  8.29092943e+01 
 1.22900101e+05  1.76721072e+01  8.28283906e+01 
 1.24316096e+05  1.75710355e+01  8.27465845e+01 
 1.25748406e+05  1.74699280e+01  8.26638668e+01 
 1.27197218e+05  1.73687839e+01  8.25802279e+01 
 1.28662722e+05  1.72676023e+01  8.24956583e+01 
 1.30145112e+05  1.71663826e+01  8.24101483e+01 
 1.31644581e+05  1.70651237e+01  8.23236883e+01 
 1.33161325e+05  1.69638249e+01  8.22362685e+01 
 1.34695546e+05  1.68624852e+01  8.21478790e+01 
 1.36247442e+05  1.67611037e+01  8.20585099e+01 
 1.37817219e+05  1.66596796e+01  8.19681513e+01 
 1.39405082e+05  1.65582117e+01  8.18767930e+01 
 1.41011240e+05  1.64566993e+01  8.17844250e+01 
 1.42635903e+05  1.63551412e+01  8.16910369e+01 
 1.44279285e+05  1.62535365e+01  8.15966187e+01 
 1.45941600e+05  1.61518841e+01  8.15011598e+01 
 1.47623069e+05  1.60501830e+01  8.14046500e+01 
 1.49323910e+05  1.59484321e+01  8.13070787e+01 
 1.51044348e+05  1.58466303e+01  8.12084354e+01 
 1.52784607e+05  1.57447765e+01  8.11087094e+01 
 1.54544917e+05  1.56428695e+01  8.10078902e+01 
 1.56325509e+05  1.55409081e+01  8.09059670e+01 
 1.58126615e+05  1.54388912e+01  8.08029289e+01 
 1.59948473e+05  1.53368175e+01  8.06987651e+01 
 1.61791322e+05  1.52346858e+01  8.05934648e+01 
 1.63655403e+05  1.51324949e+01  8.04870168e+01 
 1.65540961e+05  1.50302433e+01  8.03794103e+01 
 1.67448244e+05  1.49279298e+01  8.02706340e+01 
 1.69377501e+05  1.48255531e+01  8.01606770e+01 
 1.71328986e+05  1.47231117e+01  8.00495279e+01 
 1.73302956e+05  1.46206042e+01  7.99371755e+01 
 1.75299668e+05  1.45180293e+01  7.98236086e+01 
 1.77319386e+05  1.44153854e+01  7.97088158e+01 
 1.79362374e+05  1.43126711e+01  7.95927857e+01 
 1.81428900e+05  1.42098847e+01  7.94755069e+01 
 1.83519236e+05  1.41070249e+01  7.93569679e+01 
 1.85633655e+05  1.40040899e+01  7.92371573e+01 
 1.87772436e+05  1.39010781e+01  7.91160635e+01 
 1.89935859e+05  1.37979880e+01  7.89936750e+01 
 1.92124208e+05  1.36948178e+01  7.88699801e+01 
 1.94337770e+05  1.35915658e+01  7.87449672e+01 
 1.96576835e+05  1.34882302e+01  7.86186246e+01 
 1.98841698e+05  1.33848093e+01  7.84909408e+01 
 2.01132655e+05  1.32813013e+01  7.83619040e+01 
 2.03450008e+05  1.31777042e+01  7.82315026e+01 
 2.05794060e+05  1.30740162e+01  7.80997247e+01 
 2.08165120e+05  1.29702354e+01  7.79665588e+01 
 2.10563497e+05  1.28663598e+01  7.78319929e+01 
 2.12989507e+05  1.27623874e+01  7.76960156e+01 
 2.15443469e+05  1.26583162e+01  7.75586149e+01 
 2.17925704e+05  1.25541440e+01  7.74197793e+01 
 2.20436538e+05  1.24498689e+01  7.72794970e+01 
 2.22976301e+05  1.23454885e+01  7.71377563e+01 
 2.25545326e+05  1.22410007e+01  7.69945456e+01 
 2.28143949e+05  1.21364034e+01  7.68498532e+01 
 2.30772513e+05  1.20316941e+01  7.67036674e+01 
 2.33431362e+05  1.19268706e+01  7.65559769e+01 
 2.36120845e+05  1.18219305e+01  7.64067699e+01 
 2.38841315e+05  1.17168715e+01  7.62560351e+01 
 2.41593128e+05  1.16116910e+01  7.61037609e+01 
 2.44376647e+05  1.15063866e+01  7.59499360e+01 
 2.47192236e+05  1.14009558e+01  7.57945491e+01 
 2.50040265e+05  1.12953959e+01  7.56375889e+01 
 2.52921107e+05  1.11897044e+01  7.54790443e+01 
 2.55835142e+05  1.10838785e+01  7.53189041e+01 
 2.58782750e+05  1.09779156e+01  7.51571573e+01 
 2.61764319e+05  1.08718129e+01  7.49937931e+01 
 2.64780240e+05  1.07655677e+01  7.48288006e+01 
 2.67830910e+05  1.06591769e+01  7.46621690e+01 
 2.70916727e+05  1.05526378e+01  7.44938879e+01 
 2.74038098e+05  1.04459475e+01  7.43239466e+01 
 2.77195432e+05  1.03391028e+01  7.41523350e+01 
 2.80389144e+05  1.02321008e+01  7.39790427e+01 
 2.83619651e+05  1.01249384e+01  7.38040597e+01 
 2.86887379e+05  1.00176124e+01  7.36273761e+01 
 2.90192756e+05  9.91011962e+00  7.34489822e+01 
 2.93536216e+05  9.80245687e+00  7.32688683e+01 
 2.96918198e+05  9.69462085e+00  7.30870251e+01 
 3.00339145e+05  9.58660820e+00  7.29034433e+01 
 3.03799507e+05  9.47841556e+00  7.27181139e+01 
 3.07299737e+05  9.37003947e+00  7.25310282e+01 
 3.10840296e+05  9.26147646e+00  7.23421775e+01 
 3.14421647e+05  9.15272298e+00  7.21515534e+01 
 3.18044260e+05  9.04377546e+00  7.19591478e+01 
 3.21708612e+05  8.93463026e+00  7.17649529e+01 
 3.25415182e+05  8.82528369e+00  7.15689608e+01 
 3.29164458e+05  8.71573202e+00  7.13711644e+01 
 3.32956931e+05  8.60597146e+00  7.11715565e+01 
 3.36793099e+05  8.49599818e+00  7.09701302e+01 
 3.40673466e+05  8.38580830e+00  7.07668791e+01 
 3.44598540e+05  8.27539789e+00  7.05617968e+01 
 3.48568837e+05  8.16476295e+00  7.03548776e+01 
 3.52584878e+05  8.05389948e+00  7.01461159e+01 
 3.56647189e+05  7.94280338e+00  6.99355063e+01 
 3.60756305e+05  7.83147054e+00  6.97230442e+01 
 3.64912764e+05  7.71989679e+00  6.95087248e+01 
 3.69117112e+05  7.60807791e+00  6.92925441e+01 
 3.73369900e+05  7.49600963e+00  6.90744984e+01 
 3.77671687e+05  7.38368765e+00  6.88545842e+01 
 3.82023036e+05  7.27110762e+00  6.86327986e+01 
 3.86424520e+05  7.15826514e+00  6.84091392e+01 
 3.90876716e+05  7.04515578e+00  6.81836037e+01 
 3.95380208e+05  6.93177505e+00  6.79561906e+01 
 3.99935587e+05  6.81811843e+00  6.77268987e+01 
 4.04543450e+05  6.70418138e+00  6.74957272e+01 
 4.09204403e+05  6.58995927e+00  6.72626759e+01 
 4.13919058e+05  6.47544750e+00  6.70277450e+01 
 4.18688032e+05  6.36064137e+00  6.67909354e+01 
 4.23511952e+05  6.24553618e+00  6.65522483e+01 
 4.28391452e+05  6.13012720e+00  6.63116855e+01 
 4.33327170e+05  6.01440965e+00  6.60692494e+01 
 4.38319755e+05  5.89837873e+00  6.58249428e+01 
 4.43369862e+05  5.78202960e+00  6.55787692e+01 
 4.48478155e+05  5.66535742e+00  6.53307327e+01 
 4.53645302e+05  5.54835729e+00  6.50808378e+01 
 4.58871983e+05  5.43102431e+00  6.48290899e+01 
 4.64158883e+05  5.31335355e+00  6.45754947e+01 
 4.69506697e+05  5.19534007e+00  6.43200587e+01 
 4.74916125e+05  5.07697888e+00  6.40627890e+01 
 4.80387878e+05  4.95826502e+00  6.38036933e+01 
 4.85922674e+05  4.83919349e+00  6.35427800e+01 
 4.91521239e+05  4.71975929e+00  6.32800581e+01 
 4.97184308e+05  4.59995739e+00  6.30155373e+01 
 5.02912624e+05  4.47978277e+00  6.27492281e+01 
 5.08706939e+05  4.35923042e+00  6.24811413e+01 
 5.14568013e+05  4.23829531e+00  6.22112889e+01 
 5.20496616e+05  4.11697241e+00  6.19396833e+01 
 5.26493525e+05  3.99525671e+00  6.16663377e+01 
 5.32559528e+05  3.87314318e+00  6.13912658e+01 
 5.38695420e+05  3.75062683e+00  6.11144825e+01 
 5.44902008e+05  3.62770267e+00  6.08360029e+01 
 5.51180104e+05  3.50436572e+00  6.05558432e+01 
 5.57530533e+05  3.38061102e+00  6.02740201e+01 
 5.63954130e+05  3.25643365e+00  5.99905513e+01 
 5.70451735e+05  3.13182869e+00  5.97054549e+01 
 5.77024203e+05  3.00679126e+00  5.94187501e+01 
 5.83672396e+05  2.88131652e+00  5.91304567e+01 
 5.90397186e+05  2.75539964e+00  5.88405951e+01 
 5.97199455e+05  2.62903585e+00  5.85491867e+01 
 6.04080098e+05  2.50222041e+00  5.82562536e+01 
 6.11040015e+05  2.37494864e+00  5.79618184e+01 
 6.18080121e+05  2.24721589e+00  5.76659048e+01 
 6.25201340e+05  2.11901757e+00  5.73685371e+01 
 6.32404607e+05  1.99034914e+00  5.70697402e+01 
 6.39690866e+05  1.86120613e+00  5.67695401e+01 
 6.47061073e+05  1.73158411e+00  5.64679631e+01 
 6.54516197e+05  1.60147875e+00  5.61650365e+01 
 6.62057214e+05  1.47088576e+00  5.58607884e+01 
 6.69685116e+05  1.33980093e+00  5.55552474e+01 
 6.77400903e+05  1.20822013e+00  5.52484428e+01 
 6.85205587e+05  1.07613931e+00  5.49404048e+01 
 6.93100193e+05  9.43554490e-01  5.46311641e+01 
 7.01085757e+05  8.10461796e-01  5.43207523e+01 
 7.09163327e+05  6.76857431e-01  5.40092014e+01 
 7.17333962e+05  5.42737695e-01  5.36965443e+01 
 7.25598736e+05  4.08098984e-01  5.33828143e+01 
 7.33958732e+05  2.72937792e-01  5.30680456e+01 
 7.42415048e+05  1.37250719e-01  5.27522727e+01 
 7.50968794e+05  1.03446901e-03  5.24355310e+01 
 7.59621092e+05 -1.35714145e-01  5.21178563e+01 
 7.68373077e+05 -2.72998197e-01  5.17992850e+01 
 7.77225899e+05 -4.10820646e-01  5.14798541e+01 
 7.86180718e+05 -5.49184335e-01  5.11596010e+01 
 7.95238711e+05 -6.88091984e-01  5.08385638e+01 
 8.04401065e+05 -8.27546191e-01  5.05167809e+01 
 8.13668983e+05 -9.67549428e-01  5.01942913e+01 
 8.23043682e+05 -1.10810404e+00  4.98711343e+01 
 8.32526392e+05 -1.24921223e+00  4.95473497e+01 
 8.42118357e+05 -1.39087610e+00  4.92229778e+01 
 8.51820836e+05 -1.53309758e+00  4.88980591e+01 
 8.61635102e+05 -1.67587847e+00  4.85726346e+01 
 8.71562443e+05 -1.81922046e+00  4.82467454e+01 
 8.81604162e+05 -1.96312507e+00  4.79204332e+01 
 8.91761577e+05 -2.10759369e+00  4.75937398e+01 
 9.02036021e+05 -2.25262756e+00  4.72667072e+01 
 9.12428842e+05 -2.39822778e+00  4.69393777e+01 
 9.22941404e+05 -2.54439531e+00  4.66117938e+01 
 9.33575087e+05 -2.69113095e+00  4.62839981e+01 
 9.44331286e+05 -2.83843536e+00  4.59560335e+01 
 9.55211412e+05 -2.98630905e+00  4.56279428e+01 
 9.66216894e+05 -3.13475239e+00  4.52997689e+01 
 9.77349176e+05 -3.28376558e+00  4.49715550e+01 
 9.88609719e+05 -3.43334869e+00  4.46433441e+01 
 1.00000000e+06 -3.58350164e+00  4.43151792e+01 
 1.01152151e+06 -3.73422418e+00  4.39871034e+01 
 1.02317577e+06 -3.88551594e+00  4.36591596e+01 
 1.03496431e+06 -4.03737637e+00  4.33313907e+01 
 1.04688866e+06 -4.18980480e+00  4.30038394e+01 
 1.05895041e+06 -4.34280040e+00  4.26765485e+01 
 1.07115112e+06 -4.49636219e+00  4.23495603e+01 
 1.08349240e+06 -4.65048904e+00  4.20229171e+01 
 1.09597588e+06 -4.80517970e+00  4.16966609e+01 
 1.10860318e+06 -4.96043275e+00  4.13708335e+01 
 1.12137597e+06 -5.11624663e+00  4.10454764e+01 
 1.13429592e+06 -5.27261967e+00  4.07206307e+01 
 1.14736472e+06 -5.42955002e+00  4.03963375e+01 
 1.16058410e+06 -5.58703573e+00  4.00726372e+01 
 1.17395579e+06 -5.74507469e+00  3.97495698e+01 
 1.18748154e+06 -5.90366466e+00  3.94271753e+01 
 1.20116312e+06 -6.06280328e+00  3.91054928e+01 
 1.21500234e+06 -6.22248807e+00  3.87845612e+01 
 1.22900101e+06 -6.38271640e+00  3.84644190e+01 
 1.24316096e+06 -6.54348553e+00  3.81451040e+01 
 1.25748406e+06 -6.70479261e+00  3.78266537e+01 
 1.27197218e+06 -6.86663466e+00  3.75091050e+01 
 1.28662722e+06 -7.02900858e+00  3.71924940e+01 
 1.30145112e+06 -7.19191117e+00  3.68768567e+01 
 1.31644581e+06 -7.35533911e+00  3.65622281e+01 
 1.33161325e+06 -7.51928900e+00  3.62486429e+01 
 1.34695546e+06 -7.68375731e+00  3.59361350e+01 
 1.36247442e+06 -7.84874042e+00  3.56247377e+01 
 1.37817219e+06 -8.01423461e+00  3.53144837e+01 
 1.39405082e+06 -8.18023608e+00  3.50054051e+01 
 1.41011240e+06 -8.34674093e+00  3.46975332e+01 
 1.42635903e+06 -8.51374518e+00  3.43908986e+01 
 1.44279285e+06 -8.68124476e+00  3.40855313e+01 
 1.45941600e+06 -8.84923553e+00  3.37814607e+01 
 1.47623069e+06 -9.01771326e+00  3.34787152e+01 
 1.49323910e+06 -9.18667367e+00  3.31773229e+01 
 1.51044348e+06 -9.35611239e+00  3.28773106e+01 
 1.52784607e+06 -9.52602501e+00  3.25787050e+01 
 1.54544917e+06 -9.69640703e+00  3.22815316e+01 
 1.56325509e+06 -9.86725390e+00  3.19858153e+01 
 1.58126615e+06 -1.00385610e+01  3.16915804e+01 
 1.59948473e+06 -1.02103238e+01  3.13988502e+01 
 1.61791322e+06 -1.03825374e+01  3.11076474e+01 
 1.63655403e+06 -1.05551973e+01  3.08179939e+01 
 1.65540961e+06 -1.07282985e+01  3.05299110e+01 
 1.67448244e+06 -1.09018362e+01  3.02434190e+01 
 1.69377501e+06 -1.10758057e+01  2.99585377e+01 
 1.71328986e+06 -1.12502020e+01  2.96752858e+01 
 1.73302956e+06 -1.14250202e+01  2.93936817e+01 
 1.75299668e+06 -1.16002554e+01  2.91137426e+01 
 1.77319386e+06 -1.17759026e+01  2.88354854e+01 
 1.79362374e+06 -1.19519569e+01  2.85589260e+01 
 1.81428900e+06 -1.21284131e+01  2.82840795e+01 
 1.83519236e+06 -1.23052665e+01  2.80109605e+01 
 1.85633655e+06 -1.24825118e+01  2.77395828e+01 
 1.87772436e+06 -1.26601441e+01  2.74699593e+01 
 1.89935859e+06 -1.28381585e+01  2.72021025e+01 
 1.92124208e+06 -1.30165498e+01  2.69360239e+01 
 1.94337770e+06 -1.31953130e+01  2.66717346e+01 
 1.96576835e+06 -1.33744431e+01  2.64092448e+01 
 1.98841698e+06 -1.35539351e+01  2.61485641e+01 
 2.01132655e+06 -1.37337840e+01  2.58897015e+01 
 2.03450008e+06 -1.39139848e+01  2.56326651e+01 
 2.05794060e+06 -1.40945325e+01  2.53774626e+01 
 2.08165120e+06 -1.42754222e+01  2.51241009e+01 
 2.10563497e+06 -1.44566489e+01  2.48725865e+01 
 2.12989507e+06 -1.46382077e+01  2.46229251e+01 
 2.15443469e+06 -1.48200936e+01  2.43751218e+01 
 2.17925704e+06 -1.50023019e+01  2.41291810e+01 
 2.20436538e+06 -1.51848276e+01  2.38851068e+01 
 2.22976301e+06 -1.53676659e+01  2.36429026e+01 
 2.25545326e+06 -1.55508121e+01  2.34025711e+01 
 2.28143949e+06 -1.57342613e+01  2.31641145e+01 
 2.30772513e+06 -1.59180088e+01  2.29275347e+01 
 2.33431362e+06 -1.61020500e+01  2.26928327e+01 
 2.36120845e+06 -1.62863801e+01  2.24600093e+01 
 2.38841315e+06 -1.64709945e+01  2.22290646e+01 
 2.41593128e+06 -1.66558886e+01  2.19999983e+01 
 2.44376647e+06 -1.68410580e+01  2.17728096e+01 
 2.47192236e+06 -1.70264979e+01  2.15474973e+01 
 2.50040265e+06 -1.72122041e+01  2.13240595e+01 
 2.52921107e+06 -1.73981721e+01  2.11024942e+01 
 2.55835142e+06 -1.75843974e+01  2.08827987e+01 
 2.58782750e+06 -1.77708757e+01  2.06649700e+01 
 2.61764319e+06 -1.79576028e+01  2.04490047e+01 
 2.64780240e+06 -1.81445743e+01  2.02348990e+01 
 2.67830910e+06 -1.83317861e+01  2.00226485e+01 
 2.70916727e+06 -1.85192340e+01  1.98122489e+01 
 2.74038098e+06 -1.87069139e+01  1.96036950e+01 
 2.77195432e+06 -1.88948217e+01  1.93969817e+01 
 2.80389144e+06 -1.90829533e+01  1.91921032e+01 
 2.83619651e+06 -1.92713049e+01  1.89890537e+01 
 2.86887379e+06 -1.94598725e+01  1.87878268e+01 
 2.90192756e+06 -1.96486522e+01  1.85884159e+01 
 2.93536216e+06 -1.98376402e+01  1.83908143e+01 
 2.96918198e+06 -2.00268328e+01  1.81950147e+01 
 3.00339145e+06 -2.02162261e+01  1.80010096e+01 
 3.03799507e+06 -2.04058165e+01  1.78087915e+01 
 3.07299737e+06 -2.05956004e+01  1.76183524e+01 
 3.10840296e+06 -2.07855742e+01  1.74296840e+01 
 3.14421647e+06 -2.09757344e+01  1.72427780e+01 
 3.18044260e+06 -2.11660775e+01  1.70576256e+01 
 3.21708612e+06 -2.13566001e+01  1.68742181e+01 
 3.25415182e+06 -2.15472987e+01  1.66925464e+01 
 3.29164458e+06 -2.17381701e+01  1.65126012e+01 
 3.32956931e+06 -2.19292110e+01  1.63343730e+01 
 3.36793099e+06 -2.21204182e+01  1.61578524e+01 
 3.40673466e+06 -2.23117884e+01  1.59830294e+01 
 3.44598540e+06 -2.25033186e+01  1.58098941e+01 
 3.48568837e+06 -2.26950056e+01  1.56384364e+01 
 3.52584878e+06 -2.28868465e+01  1.54686462e+01 
 3.56647189e+06 -2.30788382e+01  1.53005129e+01 
 3.60756305e+06 -2.32709778e+01  1.51340261e+01 
 3.64912764e+06 -2.34632624e+01  1.49691751e+01 
 3.69117112e+06 -2.36556891e+01  1.48059493e+01 
 3.73369900e+06 -2.38482552e+01  1.46443377e+01 
 3.77671687e+06 -2.40409579e+01  1.44843295e+01 
 3.82023036e+06 -2.42337945e+01  1.43259135e+01 
 3.86424520e+06 -2.44267624e+01  1.41690787e+01 
 3.90876716e+06 -2.46198589e+01  1.40138139e+01 
 3.95380208e+06 -2.48130814e+01  1.38601077e+01 
 3.99935587e+06 -2.50064274e+01  1.37079488e+01 
 4.04543450e+06 -2.51998945e+01  1.35573259e+01 
 4.09204403e+06 -2.53934802e+01  1.34082274e+01 
 4.13919058e+06 -2.55871822e+01  1.32606418e+01 
 4.18688032e+06 -2.57809979e+01  1.31145576e+01 
 4.23511952e+06 -2.59749252e+01  1.29699632e+01 
 4.28391452e+06 -2.61689618e+01  1.28268470e+01 
 4.33327170e+06 -2.63631054e+01  1.26851972e+01 
 4.38319755e+06 -2.65573539e+01  1.25450022e+01 
 4.43369862e+06 -2.67517051e+01  1.24062504e+01 
 4.48478155e+06 -2.69461568e+01  1.22689299e+01 
 4.53645302e+06 -2.71407071e+01  1.21330291e+01 
 4.58871983e+06 -2.73353538e+01  1.19985362e+01 
 4.64158883e+06 -2.75300951e+01  1.18654394e+01 
 4.69506697e+06 -2.77249288e+01  1.17337271e+01 
 4.74916125e+06 -2.79198532e+01  1.16033874e+01 
 4.80387878e+06 -2.81148663e+01  1.14744087e+01 
 4.85922674e+06 -2.83099662e+01  1.13467792e+01 
 4.91521239e+06 -2.85051513e+01  1.12204873e+01 
 4.97184308e+06 -2.87004195e+01  1.10955211e+01 
 5.02912624e+06 -2.88957694e+01  1.09718692e+01 
 5.08706939e+06 -2.90911990e+01  1.08495198e+01 
 5.14568013e+06 -2.92867068e+01  1.07284614e+01 
 5.20496616e+06 -2.94822910e+01  1.06086822e+01 
 5.26493525e+06 -2.96779501e+01  1.04901709e+01 
 5.32559528e+06 -2.98736826e+01  1.03729159e+01 
 5.38695420e+06 -3.00694867e+01  1.02569056e+01 
 5.44902008e+06 -3.02653611e+01  1.01421287e+01 
 5.51180104e+06 -3.04613042e+01  1.00285738e+01 
 5.57530533e+06 -3.06573146e+01  9.91622944e+00 
 5.63954130e+06 -3.08533908e+01  9.80508442e+00 
 5.70451735e+06 -3.10495314e+01  9.69512744e+00 
 5.77024203e+06 -3.12457351e+01  9.58634730e+00 
 5.83672396e+06 -3.14420005e+01  9.47873283e+00 
 5.90397186e+06 -3.16383263e+01  9.37227295e+00 
 5.97199455e+06 -3.18347112e+01  9.26695659e+00 
 6.04080098e+06 -3.20311538e+01  9.16277277e+00 
 6.11040015e+06 -3.22276531e+01  9.05971054e+00 
 6.18080121e+06 -3.24242077e+01  8.95775905e+00 
 6.25201340e+06 -3.26208165e+01  8.85690747e+00 
 6.32404607e+06 -3.28174782e+01  8.75714505e+00 
 6.39690866e+06 -3.30141918e+01  8.65846110e+00 
 6.47061073e+06 -3.32109562e+01  8.56084500e+00 
 6.54516197e+06 -3.34077702e+01  8.46428619e+00 
 6.62057214e+06 -3.36046327e+01  8.36877417e+00 
 6.69685116e+06 -3.38015427e+01  8.27429851e+00 
 6.77400903e+06 -3.39984993e+01  8.18084886e+00 
 6.85205587e+06 -3.41955012e+01  8.08841493e+00 
 6.93100193e+06 -3.43925477e+01  7.99698649e+00 
 7.01085757e+06 -3.45896376e+01  7.90655340e+00 
 7.09163327e+06 -3.47867702e+01  7.81710557e+00 
 7.17333962e+06 -3.49839443e+01  7.72863299e+00 
 7.25598736e+06 -3.51811592e+01  7.64112573e+00 
 7.33958732e+06 -3.53784139e+01  7.55457391e+00 
 7.42415048e+06 -3.55757075e+01  7.46896775e+00 
 7.50968794e+06 -3.57730393e+01  7.38429753e+00 
 7.59621092e+06 -3.59704083e+01  7.30055360e+00 
 7.68373077e+06 -3.61678138e+01  7.21772639e+00 
 7.77225899e+06 -3.63652550e+01  7.13580640e+00 
 7.86180718e+06 -3.65627310e+01  7.05478420e+00 
 7.95238711e+06 -3.67602411e+01  6.97465044e+00 
 8.04401065e+06 -3.69577846e+01  6.89539585e+00 
 8.13668983e+06 -3.71553607e+01  6.81701122e+00 
 8.23043682e+06 -3.73529688e+01  6.73948744e+00 
 8.32526392e+06 -3.75506080e+01  6.66281544e+00 
 8.42118357e+06 -3.77482778e+01  6.58698626e+00 
 8.51820836e+06 -3.79459773e+01  6.51199098e+00 
 8.61635102e+06 -3.81437061e+01  6.43782079e+00 
 8.71562443e+06 -3.83414634e+01  6.36446694e+00 
 8.81604162e+06 -3.85392487e+01  6.29192073e+00 
 8.91761577e+06 -3.87370612e+01  6.22017358e+00 
 9.02036021e+06 -3.89349004e+01  6.14921696e+00 
 9.12428842e+06 -3.91327657e+01  6.07904240e+00 
 9.22941404e+06 -3.93306565e+01  6.00964154e+00 
 9.33575087e+06 -3.95285723e+01  5.94100606e+00 
 9.44331286e+06 -3.97265125e+01  5.87312774e+00 
 9.55211412e+06 -3.99244765e+01  5.80599842e+00 
 9.66216894e+06 -4.01224639e+01  5.73961002e+00 
 9.77349176e+06 -4.03204741e+01  5.67395452e+00 
 9.88609719e+06 -4.05185066e+01  5.60902398e+00 
 1.00000000e+07 -4.07165609e+01  5.54481055e+00 
 1.01152151e+07 -4.09146366e+01  5.48130643e+00 
 1.02317577e+07 -4.11127331e+01  5.41850389e+00 
 1.03496431e+07 -4.13108500e+01  5.35639530e+00 
 1.04688866e+07 -4.15089868e+01  5.29497306e+00 
 1.05895041e+07 -4.17071431e+01  5.23422969e+00 
 1.07115112e+07 -4.19053184e+01  5.17415773e+00 
 1.08349240e+07 -4.21035124e+01  5.11474983e+00 
 1.09597588e+07 -4.23017247e+01  5.05599868e+00 
 1.10860318e+07 -4.24999547e+01  4.99789707e+00 
 1.12137597e+07 -4.26982021e+01  4.94043784e+00 
 1.13429592e+07 -4.28964666e+01  4.88361389e+00 
 1.14736472e+07 -4.30947477e+01  4.82741821e+00 
 1.16058410e+07 -4.32930451e+01  4.77184385e+00 
 1.17395579e+07 -4.34913584e+01  4.71688392e+00 
 1.18748154e+07 -4.36896872e+01  4.66253160e+00 
 1.20116312e+07 -4.38880312e+01  4.60878015e+00 
 1.21500234e+07 -4.40863902e+01  4.55562288e+00 
 1.22900101e+07 -4.42847636e+01  4.50305316e+00 
 1.24316096e+07 -4.44831513e+01  4.45106446e+00 
 1.25748406e+07 -4.46815528e+01  4.39965026e+00 
 1.27197218e+07 -4.48799679e+01  4.34880417e+00 
 1.28662722e+07 -4.50783963e+01  4.29851980e+00 
 1.30145112e+07 -4.52768377e+01  4.24879086e+00 
 1.31644581e+07 -4.54752918e+01  4.19961113e+00 
 1.33161325e+07 -4.56737582e+01  4.15097441e+00 
 1.34695546e+07 -4.58722368e+01  4.10287462e+00 
 1.36247442e+07 -4.60707273e+01  4.05530568e+00 
 1.37817219e+07 -4.62692293e+01  4.00826163e+00 
 1.39405082e+07 -4.64677426e+01  3.96173652e+00 
 1.41011240e+07 -4.66662671e+01  3.91572450e+00 
 1.42635903e+07 -4.68648023e+01  3.87021974e+00 
 1.44279285e+07 -4.70633481e+01  3.82521651e+00 
 1.45941600e+07 -4.72619043e+01  3.78070911e+00 
 1.47623069e+07 -4.74604706e+01  3.73669190e+00 
 1.49323910e+07 -4.76590468e+01  3.69315932e+00 
 1.51044348e+07 -4.78576326e+01  3.65010583e+00 
 1.52784607e+07 -4.80562278e+01  3.60752599e+00 
 1.54544917e+07 -4.82548323e+01  3.56541437e+00 
 1.56325509e+07 -4.84534459e+01  3.52376563e+00 
 1.58126615e+07 -4.86520682e+01  3.48257448e+00 
 1.59948473e+07 -4.88506992e+01  3.44183566e+00 
 1.61791322e+07 -4.90493385e+01  3.40154400e+00 
 1.63655403e+07 -4.92479862e+01  3.36169435e+00 
 1.65540961e+07 -4.94466418e+01  3.32228164e+00 
 1.67448244e+07 -4.96453054e+01  3.28330083e+00 
 1.69377501e+07 -4.98439766e+01  3.24474694e+00 
 1.71328986e+07 -5.00426554e+01  3.20661506e+00 
 1.73302956e+07 -5.02413415e+01  3.16890030e+00 
 1.75299668e+07 -5.04400348e+01  3.13159784e+00 
 1.77319386e+07 -5.06387351e+01  3.09470290e+00 
 1.79362374e+07 -5.08374423e+01  3.05821076e+00 
 1.81428900e+07 -5.10361562e+01  3.02211674e+00 
 1.83519236e+07 -5.12348766e+01  2.98641621e+00 
 1.85633655e+07 -5.14336035e+01  2.95110459e+00 
 1.87772436e+07 -5.16323366e+01  2.91617735e+00 
 1.89935859e+07 -5.18310758e+01  2.88163001e+00 
 1.92124208e+07 -5.20298211e+01  2.84745812e+00 
 1.94337770e+07 -5.22285721e+01  2.81365729e+00 
 1.96576835e+07 -5.24273289e+01  2.78022317e+00 
 1.98841698e+07 -5.26260913e+01  2.74715147e+00 
 2.01132655e+07 -5.28248592e+01  2.71443791e+00 
 2.03450008e+07 -5.30236323e+01  2.68207830e+00 
 2.05794060e+07 -5.32224107e+01  2.65006846e+00 
 2.08165120e+07 -5.34211942e+01  2.61840426e+00 
 2.10563497e+07 -5.36199827e+01  2.58708162e+00 
 2.12989507e+07 -5.38187761e+01  2.55609650e+00 
 2.15443469e+07 -5.40175742e+01  2.52544491e+00 
 2.17925704e+07 -5.42163769e+01  2.49512287e+00 
 2.20436538e+07 -5.44151842e+01  2.46512648e+00 
 2.22976301e+07 -5.46139960e+01  2.43545186e+00 
 2.25545326e+07 -5.48128121e+01  2.40609517e+00 
 2.28143949e+07 -5.50116324e+01  2.37705262e+00 
 2.30772513e+07 -5.52104569e+01  2.34832046e+00 
 2.33431362e+07 -5.54092854e+01  2.31989495e+00 
 2.36120845e+07 -5.56081179e+01  2.29177243e+00 
 2.38841315e+07 -5.58069543e+01  2.26394926e+00 
 2.41593128e+07 -5.60057944e+01  2.23642182e+00 
 2.44376647e+07 -5.62046383e+01  2.20918656e+00 
 2.47192236e+07 -5.64034857e+01  2.18223994e+00 
 2.50040265e+07 -5.66023367e+01  2.15557847e+00 
 2.52921107e+07 -5.68011912e+01  2.12919870e+00 
 2.55835142e+07 -5.70000490e+01  2.10309719e+00 
 2.58782750e+07 -5.71989101e+01  2.07727057e+00 
 2.61764319e+07 -5.73977744e+01  2.05171548e+00 
 2.64780240e+07 -5.75966419e+01  2.02642861e+00 
 2.67830910e+07 -5.77955124e+01  2.00140667e+00 
 2.70916727e+07 -5.79943860e+01  1.97664641e+00 
 2.74038098e+07 -5.81932625e+01  1.95214462e+00 
 2.77195432e+07 -5.83921418e+01  1.92789810e+00 
 2.80389144e+07 -5.85910240e+01  1.90390372e+00 
 2.83619651e+07 -5.87899088e+01  1.88015835e+00 
 2.86887379e+07 -5.89887964e+01  1.85665890e+00 
 2.90192756e+07 -5.91876866e+01  1.83340232e+00 
 2.93536216e+07 -5.93865793e+01  1.81038558e+00 
 2.96918198e+07 -5.95854745e+01  1.78760569e+00 
 3.00339145e+07 -5.97843722e+01  1.76505968e+00 
 3.03799507e+07 -5.99832722e+01  1.74274461e+00 
 3.07299737e+07 -6.01821746e+01  1.72065759e+00 
 3.10840296e+07 -6.03810792e+01  1.69879574e+00 
 3.14421647e+07 -6.05799861e+01  1.67715620e+00 
 3.18044260e+07 -6.07788951e+01  1.65573616e+00 
 3.21708612e+07 -6.09778063e+01  1.63453283e+00 
 3.25415182e+07 -6.11767195e+01  1.61354345e+00 
 3.29164458e+07 -6.13756347e+01  1.59276528e+00 
 3.32956931e+07 -6.15745519e+01  1.57219560e+00 
 3.36793099e+07 -6.17734711e+01  1.55183175e+00 
 3.40673466e+07 -6.19723921e+01  1.53167107e+00 
 3.44598540e+07 -6.21713150e+01  1.51171092e+00 
 3.48568837e+07 -6.23702396e+01  1.49194870e+00 
 3.52584878e+07 -6.25691660e+01  1.47238183e+00 
 3.56647189e+07 -6.27680942e+01  1.45300777e+00 
 3.60756305e+07 -6.29670239e+01  1.43382398e+00 
 3.64912764e+07 -6.31659554e+01  1.41482795e+00 
 3.69117112e+07 -6.33648884e+01  1.39601722e+00 
 3.73369900e+07 -6.35638230e+01  1.37738932e+00 
 3.77671687e+07 -6.37627591e+01  1.35894183e+00 
 3.82023036e+07 -6.39616967e+01  1.34067232e+00 
 3.86424520e+07 -6.41606357e+01  1.32257843e+00 
 3.90876716e+07 -6.43595762e+01  1.30465777e+00 
 3.95380208e+07 -6.45585180e+01  1.28690803e+00 
 3.99935587e+07 -6.47574612e+01  1.26932686e+00 
 4.04543450e+07 -6.49564057e+01  1.25191199e+00 
 4.09204403e+07 -6.51553514e+01  1.23466112e+00 
 4.13919058e+07 -6.53542985e+01  1.21757201e+00 
 4.18688032e+07 -6.55532467e+01  1.20064243e+00 
 4.23511952e+07 -6.57521961e+01  1.18387016e+00 
 4.28391452e+07 -6.59511468e+01  1.16725301e+00 
 4.33327170e+07 -6.61500985e+01  1.15078880e+00 
 4.38319755e+07 -6.63490513e+01  1.13447539e+00 
 4.43369862e+07 -6.65480053e+01  1.11831064e+00 
 4.48478155e+07 -6.67469602e+01  1.10229244e+00 
 4.53645302e+07 -6.69459162e+01  1.08641869e+00 
 4.58871983e+07 -6.71448732e+01  1.07068731e+00 
 4.64158883e+07 -6.73438312e+01  1.05509625e+00 
 4.69506697e+07 -6.75427902e+01  1.03964348e+00 
 4.74916125e+07 -6.77417500e+01  1.02432696e+00 
 4.80387878e+07 -6.79407108e+01  1.00914469e+00 
 4.85922674e+07 -6.81396724e+01  9.94094690e-01 
 4.91521239e+07 -6.83386349e+01  9.79174988e-01 
 4.97184308e+07 -6.85375982e+01  9.64383631e-01 
 5.02912624e+07 -6.87365624e+01  9.49718684e-01 
 5.08706939e+07 -6.89355273e+01  9.35178228e-01 
 5.14568013e+07 -6.91344930e+01  9.20760359e-01 
 5.20496616e+07 -6.93334595e+01  9.06463189e-01 
 5.26493525e+07 -6.95324267e+01  8.92284848e-01 
 5.32559528e+07 -6.97313946e+01  8.78223479e-01 
 5.38695420e+07 -6.99303632e+01  8.64277242e-01 
 5.44902008e+07 -7.01293324e+01  8.50444309e-01 
 5.51180104e+07 -7.03283023e+01  8.36722871e-01 
 5.57530533e+07 -7.05272729e+01  8.23111131e-01 
 5.63954130e+07 -7.07262441e+01  8.09607305e-01 
 5.70451735e+07 -7.09252158e+01  7.96209626e-01 
 5.77024203e+07 -7.11241882e+01  7.82916340e-01 
 5.83672396e+07 -7.13231611e+01  7.69725704e-01 
 5.90397186e+07 -7.15221345e+01  7.56635991e-01 
 5.97199455e+07 -7.17211085e+01  7.43645488e-01 
 6.04080098e+07 -7.19200830e+01  7.30752491e-01 
 6.11040015e+07 -7.21190580e+01  7.17955313e-01 
 6.18080121e+07 -7.23180335e+01  7.05252277e-01 
 6.25201340e+07 -7.25170094e+01  6.92641719e-01 
 6.32404607e+07 -7.27159858e+01  6.80121986e-01 
 6.39690866e+07 -7.29149627e+01  6.67691439e-01 
 6.47061073e+07 -7.31139399e+01  6.55348448e-01 
 6.54516197e+07 -7.33129176e+01  6.43091397e-01 
 6.62057214e+07 -7.35118957e+01  6.30918680e-01 
 6.69685116e+07 -7.37108741e+01  6.18828701e-01 
 6.77400903e+07 -7.39098529e+01  6.06819876e-01 
 6.85205587e+07 -7.41088321e+01  5.94890632e-01 
 6.93100193e+07 -7.43078116e+01  5.83039404e-01 
 7.01085757e+07 -7.45067914e+01  5.71264641e-01 
 7.09163327e+07 -7.47057715e+01  5.59564799e-01 
 7.17333962e+07 -7.49047520e+01  5.47938345e-01 
 7.25598736e+07 -7.51037327e+01  5.36383754e-01 
 7.33958732e+07 -7.53027137e+01  5.24899513e-01 
 7.42415048e+07 -7.55016949e+01  5.13484116e-01 
 7.50968794e+07 -7.57006764e+01  5.02136067e-01 
 7.59621092e+07 -7.58996581e+01  4.90853878e-01 
 7.68373077e+07 -7.60986401e+01  4.79636071e-01 
 7.77225899e+07 -7.62976223e+01  4.68481175e-01 
 7.86180718e+07 -7.64966046e+01  4.57387729e-01 
 7.95238711e+07 -7.66955872e+01  4.46354277e-01 
 8.04401065e+07 -7.68945699e+01  4.35379373e-01 
 8.13668983e+07 -7.70935528e+01  4.24461580e-01 
 8.23043682e+07 -7.72925359e+01  4.13599465e-01 
 8.32526392e+07 -7.74915191e+01  4.02791604e-01 
 8.42118357e+07 -7.76905024e+01  3.92036581e-01 
 8.51820836e+07 -7.78894858e+01  3.81332986e-01 
 8.61635102e+07 -7.80884694e+01  3.70679415e-01 
 8.71562443e+07 -7.82874530e+01  3.60074472e-01 
 8.81604162e+07 -7.84864367e+01  3.49516767e-01 
 8.91761577e+07 -7.86854205e+01  3.39004915e-01 
 9.02036021e+07 -7.88844044e+01  3.28537538e-01 
 9.12428842e+07 -7.90833883e+01  3.18113264e-01 
 9.22941404e+07 -7.92823722e+01  3.07730726e-01 
 9.33575087e+07 -7.94813562e+01  2.97388563e-01 
 9.44331286e+07 -7.96803402e+01  2.87085418e-01 
 9.55211412e+07 -7.98793242e+01  2.76819942e-01 
 9.66216894e+07 -8.00783082e+01  2.66590789e-01 
 9.77349176e+07 -8.02772922e+01  2.56396616e-01 
 9.88609719e+07 -8.04762761e+01  2.46236088e-01 
 1.00000000e+08 -8.06752601e+01  2.36107872e-01 
