 frequency       Youtmag         Youtphdeg      
 1.00000000e+02  3.06464629e-02 -3.00716381e+00 
 1.01152151e+02  3.06454798e-02 -3.04180975e+00 
 1.02317577e+02  3.06444740e-02 -3.07685185e+00 
 1.03496431e+02  3.06434451e-02 -3.11229461e+00 
 1.04688866e+02  3.06423924e-02 -3.14814257e+00 
 1.05895041e+02  3.06413154e-02 -3.18440033e+00 
 1.07115112e+02  3.06402136e-02 -3.22107253e+00 
 1.08349240e+02  3.06390863e-02 -3.25816385e+00 
 1.09597588e+02  3.06379331e-02 -3.29567904e+00 
 1.10860318e+02  3.06367533e-02 -3.33362290e+00 
 1.12137597e+02  3.06355462e-02 -3.37200026e+00 
 1.13429592e+02  3.06343114e-02 -3.41081604e+00 
 1.14736472e+02  3.06330481e-02 -3.45007518e+00 
 1.16058410e+02  3.06317556e-02 -3.48978268e+00 
 1.17395579e+02  3.06304334e-02 -3.52994360e+00 
 1.18748154e+02  3.06290807e-02 -3.57056305e+00 
 1.20116312e+02  3.06276969e-02 -3.61164620e+00 
 1.21500234e+02  3.06262811e-02 -3.65319828e+00 
 1.22900101e+02  3.06248328e-02 -3.69522456e+00 
 1.24316096e+02  3.06233511e-02 -3.73773036e+00 
 1.25748406e+02  3.06218353e-02 -3.78072109e+00 
 1.27197218e+02  3.06202846e-02 -3.82420219e+00 
 1.28662722e+02  3.06186982e-02 -3.86817917e+00 
 1.30145112e+02  3.06170753e-02 -3.91265758e+00 
 1.31644581e+02  3.06154150e-02 -3.95764306e+00 
 1.33161325e+02  3.06137166e-02 -4.00314127e+00 
 1.34695546e+02  3.06119791e-02 -4.04915797e+00 
 1.36247442e+02  3.06102016e-02 -4.09569894e+00 
 1.37817219e+02  3.06083832e-02 -4.14277006e+00 
 1.39405082e+02  3.06065230e-02 -4.19037725e+00 
 1.41011240e+02  3.06046201e-02 -4.23852648e+00 
 1.42635903e+02  3.06026735e-02 -4.28722380e+00 
 1.44279285e+02  3.06006821e-02 -4.33647533e+00 
 1.45941600e+02  3.05986449e-02 -4.38628722e+00 
 1.47623069e+02  3.05965610e-02 -4.43666573e+00 
 1.49323910e+02  3.05944292e-02 -4.48761713e+00 
 1.51044348e+02  3.05922485e-02 -4.53914781e+00 
 1.52784607e+02  3.05900177e-02 -4.59126418e+00 
 1.54544917e+02  3.05877357e-02 -4.64397273e+00 
 1.56325509e+02  3.05854013e-02 -4.69728003e+00 
 1.58126615e+02  3.05830134e-02 -4.75119271e+00 
 1.59948473e+02  3.05805708e-02 -4.80571744e+00 
 1.61791322e+02  3.05780721e-02 -4.86086099e+00 
 1.63655403e+02  3.05755162e-02 -4.91663019e+00 
 1.65540961e+02  3.05729017e-02 -4.97303193e+00 
 1.67448244e+02  3.05702273e-02 -5.03007317e+00 
 1.69377501e+02  3.05674916e-02 -5.08776095e+00 
 1.71328986e+02  3.05646933e-02 -5.14610236e+00 
 1.73302956e+02  3.05618310e-02 -5.20510457e+00 
 1.75299668e+02  3.05589031e-02 -5.26477482e+00 
 1.77319386e+02  3.05559082e-02 -5.32512043e+00 
 1.79362374e+02  3.05528449e-02 -5.38614878e+00 
 1.81428900e+02  3.05497115e-02 -5.44786731e+00 
 1.83519236e+02  3.05465065e-02 -5.51028355e+00 
 1.85633655e+02  3.05432283e-02 -5.57340509e+00 
 1.87772436e+02  3.05398751e-02 -5.63723961e+00 
 1.89935859e+02  3.05364454e-02 -5.70179484e+00 
 1.92124208e+02  3.05329374e-02 -5.76707860e+00 
 1.94337770e+02  3.05293494e-02 -5.83309877e+00 
 1.96576835e+02  3.05256795e-02 -5.89986330e+00 
 1.98841698e+02  3.05219260e-02 -5.96738025e+00 
 2.01132655e+02  3.05180868e-02 -6.03565769e+00 
 2.03450008e+02  3.05141602e-02 -6.10470383e+00 
 2.05794060e+02  3.05101442e-02 -6.17452692e+00 
 2.08165120e+02  3.05060367e-02 -6.24513527e+00 
 2.10563497e+02  3.05018358e-02 -6.31653730e+00 
 2.12989507e+02  3.04975393e-02 -6.38874149e+00 
 2.15443469e+02  3.04931451e-02 -6.46175638e+00 
 2.17925704e+02  3.04886510e-02 -6.53559061e+00 
 2.20436538e+02  3.04840548e-02 -6.61025288e+00 
 2.22976301e+02  3.04793543e-02 -6.68575196e+00 
 2.25545326e+02  3.04745470e-02 -6.76209672e+00 
 2.28143949e+02  3.04696307e-02 -6.83929607e+00 
 2.30772513e+02  3.04646030e-02 -6.91735903e+00 
 2.33431362e+02  3.04594613e-02 -6.99629466e+00 
 2.36120845e+02  3.04542031e-02 -7.07611213e+00 
 2.38841315e+02  3.04488258e-02 -7.15682067e+00 
 2.41593128e+02  3.04433269e-02 -7.23842957e+00 
 2.44376647e+02  3.04377037e-02 -7.32094821e+00 
 2.47192236e+02  3.04319533e-02 -7.40438605e+00 
 2.50040265e+02  3.04260730e-02 -7.48875261e+00 
 2.52921107e+02  3.04200600e-02 -7.57405749e+00 
 2.55835142e+02  3.04139113e-02 -7.66031036e+00 
 2.58782750e+02  3.04076240e-02 -7.74752098e+00 
 2.61764319e+02  3.04011950e-02 -7.83569915e+00 
 2.64780240e+02  3.03946212e-02 -7.92485478e+00 
 2.67830910e+02  3.03878995e-02 -8.01499782e+00 
 2.70916727e+02  3.03810266e-02 -8.10613832e+00 
 2.74038098e+02  3.03739992e-02 -8.19828636e+00 
 2.77195432e+02  3.03668141e-02 -8.29145213e+00 
 2.80389144e+02  3.03594677e-02 -8.38564588e+00 
 2.83619651e+02  3.03519565e-02 -8.48087791e+00 
 2.86887379e+02  3.03442770e-02 -8.57715861e+00 
 2.90192756e+02  3.03364256e-02 -8.67449842e+00 
 2.93536216e+02  3.03283985e-02 -8.77290785e+00 
 2.96918198e+02  3.03201920e-02 -8.87239749e+00 
 3.00339145e+02  3.03118022e-02 -8.97297798e+00 
 3.03799507e+02  3.03032251e-02 -9.07466002e+00 
 3.07299737e+02  3.02944568e-02 -9.17745437e+00 
 3.10840296e+02  3.02854932e-02 -9.28137187e+00 
 3.14421647e+02  3.02763300e-02 -9.38642341e+00 
 3.18044260e+02  3.02669631e-02 -9.49261992e+00 
 3.21708612e+02  3.02573881e-02 -9.59997240e+00 
 3.25415182e+02  3.02476006e-02 -9.70849192e+00 
 3.29164458e+02  3.02375961e-02 -9.81818958e+00 
 3.32956931e+02  3.02273699e-02 -9.92907653e+00 
 3.36793099e+02  3.02169176e-02 -1.00411640e+01 
 3.40673466e+02  3.02062342e-02 -1.01544632e+01 
 3.44598540e+02  3.01953149e-02 -1.02689855e+01 
 3.48568837e+02  3.01841548e-02 -1.03847422e+01 
 3.52584878e+02  3.01727488e-02 -1.05017447e+01 
 3.56647189e+02  3.01610919e-02 -1.06200045e+01 
 3.60756305e+02  3.01491788e-02 -1.07395329e+01 
 3.64912764e+02  3.01370042e-02 -1.08603416e+01 
 3.69117112e+02  3.01245627e-02 -1.09824419e+01 
 3.73369900e+02  3.01118488e-02 -1.11058455e+01 
 3.77671687e+02  3.00988569e-02 -1.12305641e+01 
 3.82023036e+02  3.00855812e-02 -1.13566090e+01 
 3.86424520e+02  3.00720161e-02 -1.14839921e+01 
 3.90876716e+02  3.00581555e-02 -1.16127250e+01 
 3.95380208e+02  3.00439936e-02 -1.17428193e+01 
 3.99935587e+02  3.00295241e-02 -1.18742867e+01 
 4.04543450e+02  3.00147409e-02 -1.20071389e+01 
 4.09204403e+02  2.99996377e-02 -1.21413875e+01 
 4.13919058e+02  2.99842080e-02 -1.22770443e+01 
 4.18688032e+02  2.99684454e-02 -1.24141209e+01 
 4.23511952e+02  2.99523431e-02 -1.25526290e+01 
 4.28391452e+02  2.99358945e-02 -1.26925803e+01 
 4.33327170e+02  2.99190927e-02 -1.28339863e+01 
 4.38319755e+02  2.99019307e-02 -1.29768589e+01 
 4.43369862e+02  2.98844015e-02 -1.31212094e+01 
 4.48478155e+02  2.98664980e-02 -1.32670495e+01 
 4.53645302e+02  2.98482128e-02 -1.34143908e+01 
 4.58871983e+02  2.98295385e-02 -1.35632447e+01 
 4.64158883e+02  2.98104676e-02 -1.37136226e+01 
 4.69506697e+02  2.97909926e-02 -1.38655360e+01 
 4.74916125e+02  2.97711057e-02 -1.40189963e+01 
 4.80387878e+02  2.97507991e-02 -1.41740145e+01 
 4.85922674e+02  2.97300648e-02 -1.43306021e+01 
 4.91521239e+02  2.97088948e-02 -1.44887701e+01 
 4.97184308e+02  2.96872809e-02 -1.46485295e+01 
 5.02912624e+02  2.96652148e-02 -1.48098914e+01 
 5.08706939e+02  2.96426881e-02 -1.49728666e+01 
 5.14568013e+02  2.96196925e-02 -1.51374659e+01 
 5.20496616e+02  2.95962192e-02 -1.53036999e+01 
 5.26493525e+02  2.95722595e-02 -1.54715792e+01 
 5.32559528e+02  2.95478047e-02 -1.56411141e+01 
 5.38695420e+02  2.95228458e-02 -1.58123152e+01 
 5.44902008e+02  2.94973738e-02 -1.59851923e+01 
 5.51180104e+02  2.94713796e-02 -1.61597557e+01 
 5.57530533e+02  2.94448540e-02 -1.63360151e+01 
 5.63954130e+02  2.94177877e-02 -1.65139803e+01 
 5.70451735e+02  2.93901711e-02 -1.66936607e+01 
 5.77024203e+02  2.93619949e-02 -1.68750657e+01 
 5.83672396e+02  2.93332493e-02 -1.70582046e+01 
 5.90397186e+02  2.93039248e-02 -1.72430861e+01 
 5.97199455e+02  2.92740115e-02 -1.74297192e+01 
 6.04080098e+02  2.92434996e-02 -1.76181124e+01 
 6.11040015e+02  2.92123790e-02 -1.78082739e+01 
 6.18080121e+02  2.91806399e-02 -1.80002119e+01 
 6.25201340e+02  2.91482719e-02 -1.81939343e+01 
 6.32404607e+02  2.91152651e-02 -1.83894485e+01 
 6.39690866e+02  2.90816091e-02 -1.85867619e+01 
 6.47061073e+02  2.90472936e-02 -1.87858816e+01 
 6.54516197e+02  2.90123083e-02 -1.89868143e+01 
 6.62057214e+02  2.89766426e-02 -1.91895665e+01 
 6.69685116e+02  2.89402862e-02 -1.93941444e+01 
 6.77400903e+02  2.89032285e-02 -1.96005538e+01 
 6.85205587e+02  2.88654589e-02 -1.98088001e+01 
 6.93100193e+02  2.88269668e-02 -2.00188887e+01 
 7.01085757e+02  2.87877415e-02 -2.02308242e+01 
 7.09163327e+02  2.87477725e-02 -2.04446112e+01 
 7.17333962e+02  2.87070489e-02 -2.06602538e+01 
 7.25598736e+02  2.86655602e-02 -2.08777555e+01 
 7.33958732e+02  2.86232956e-02 -2.10971198e+01 
 7.42415048e+02  2.85802444e-02 -2.13183495e+01 
 7.50968794e+02  2.85363959e-02 -2.15414470e+01 
 7.59621092e+02  2.84917394e-02 -2.17664145e+01 
 7.68373077e+02  2.84462642e-02 -2.19932534e+01 
 7.77225899e+02  2.83999598e-02 -2.22219650e+01 
 7.86180718e+02  2.83528155e-02 -2.24525498e+01 
 7.95238711e+02  2.83048208e-02 -2.26850080e+01 
 8.04401065e+02  2.82559651e-02 -2.29193394e+01 
 8.13668983e+02  2.82062381e-02 -2.31555430e+01 
 8.23043682e+02  2.81556295e-02 -2.33936176e+01 
 8.32526392e+02  2.81041288e-02 -2.36335612e+01 
 8.42118357e+02  2.80517260e-02 -2.38753715e+01 
 8.51820836e+02  2.79984110e-02 -2.41190454e+01 
 8.61635102e+02  2.79441738e-02 -2.43645795e+01 
 8.71562443e+02  2.78890045e-02 -2.46119696e+01 
 8.81604162e+02  2.78328935e-02 -2.48612111e+01 
 8.91761577e+02  2.77758312e-02 -2.51122985e+01 
 9.02036021e+02  2.77178082e-02 -2.53652261e+01 
 9.12428842e+02  2.76588152e-02 -2.56199872e+01 
 9.22941404e+02  2.75988432e-02 -2.58765748e+01 
 9.33575087e+02  2.75378833e-02 -2.61349810e+01 
 9.44331286e+02  2.74759268e-02 -2.63951974e+01 
 9.55211412e+02  2.74129653e-02 -2.66572148e+01 
 9.66216894e+02  2.73489905e-02 -2.69210235e+01 
 9.77349176e+02  2.72839944e-02 -2.71866130e+01 
 9.88609719e+02  2.72179693e-02 -2.74539722e+01 
 1.00000000e+03  2.71509077e-02 -2.77230892e+01 
 1.01152151e+03  2.70828024e-02 -2.79939515e+01 
 1.02317577e+03  2.70136465e-02 -2.82665458e+01 
 1.03496431e+03  2.69434333e-02 -2.85408582e+01 
 1.04688866e+03  2.68721565e-02 -2.88168740e+01 
 1.05895041e+03  2.67998102e-02 -2.90945776e+01 
 1.07115112e+03  2.67263887e-02 -2.93739531e+01 
 1.08349240e+03  2.66518867e-02 -2.96549834e+01 
 1.09597588e+03  2.65762993e-02 -2.99376510e+01 
 1.10860318e+03  2.64996219e-02 -3.02219374e+01 
 1.12137597e+03  2.64218504e-02 -3.05078235e+01 
 1.13429592e+03  2.63429809e-02 -3.07952895e+01 
 1.14736472e+03  2.62630102e-02 -3.10843147e+01 
 1.16058410e+03  2.61819353e-02 -3.13748777e+01 
 1.17395579e+03  2.60997537e-02 -3.16669564e+01 
 1.18748154e+03  2.60164634e-02 -3.19605278e+01 
 1.20116312e+03  2.59320627e-02 -3.22555683e+01 
 1.21500234e+03  2.58465506e-02 -3.25520536e+01 
 1.22900101e+03  2.57599264e-02 -3.28499585e+01 
 1.24316096e+03  2.56721900e-02 -3.31492570e+01 
 1.25748406e+03  2.55833417e-02 -3.34499227e+01 
 1.27197218e+03  2.54933823e-02 -3.37519281e+01 
 1.28662722e+03  2.54023133e-02 -3.40552451e+01 
 1.30145112e+03  2.53101366e-02 -3.43598450e+01 
 1.31644581e+03  2.52168545e-02 -3.46656983e+01 
 1.33161325e+03  2.51224702e-02 -3.49727747e+01 
 1.34695546e+03  2.50269870e-02 -3.52810434e+01 
 1.36247442e+03  2.49304091e-02 -3.55904727e+01 
 1.37817219e+03  2.48327411e-02 -3.59010305e+01 
 1.39405082e+03  2.47339883e-02 -3.62126838e+01 
 1.41011240e+03  2.46341564e-02 -3.65253991e+01 
 1.42635903e+03  2.45332518e-02 -3.68391421e+01 
 1.44279285e+03  2.44312814e-02 -3.71538782e+01 
 1.45941600e+03  2.43282528e-02 -3.74695718e+01 
 1.47623069e+03  2.42241739e-02 -3.77861871e+01 
 1.49323910e+03  2.41190536e-02 -3.81036875e+01 
 1.51044348e+03  2.40129010e-02 -3.84220359e+01 
 1.52784607e+03  2.39057261e-02 -3.87411947e+01 
 1.54544917e+03  2.37975392e-02 -3.90611258e+01 
 1.56325509e+03  2.36883514e-02 -3.93817905e+01 
 1.58126615e+03  2.35781742e-02 -3.97031497e+01 
 1.59948473e+03  2.34670198e-02 -4.00251640e+01 
 1.61791322e+03  2.33549009e-02 -4.03477935e+01 
 1.63655403e+03  2.32418309e-02 -4.06709976e+01 
 1.65540961e+03  2.31278235e-02 -4.09947358e+01 
 1.67448244e+03  2.30128932e-02 -4.13189670e+01 
 1.69377501e+03  2.28970549e-02 -4.16436497e+01 
 1.71328986e+03  2.27803242e-02 -4.19687423e+01 
 1.73302956e+03  2.26627169e-02 -4.22942027e+01 
 1.75299668e+03  2.25442496e-02 -4.26199889e+01 
 1.77319386e+03  2.24249395e-02 -4.29460582e+01 
 1.79362374e+03  2.23048039e-02 -4.32723681e+01 
 1.81428900e+03  2.21838609e-02 -4.35988758e+01 
 1.83519236e+03  2.20621289e-02 -4.39255382e+01 
 1.85633655e+03  2.19396270e-02 -4.42523125e+01 
 1.87772436e+03  2.18163744e-02 -4.45791553e+01 
 1.89935859e+03  2.16923910e-02 -4.49060235e+01 
 1.92124208e+03  2.15676969e-02 -4.52328738e+01 
 1.94337770e+03  2.14423129e-02 -4.55596631e+01 
 1.96576835e+03  2.13162598e-02 -4.58863482e+01 
 1.98841698e+03  2.11895591e-02 -4.62128858e+01 
 2.01132655e+03  2.10622324e-02 -4.65392329e+01 
 2.03450008e+03  2.09343017e-02 -4.68653465e+01 
 2.05794060e+03  2.08057895e-02 -4.71911839e+01 
 2.08165120e+03  2.06767182e-02 -4.75167024e+01 
 2.10563497e+03  2.05471108e-02 -4.78418596e+01 
 2.12989507e+03  2.04169905e-02 -4.81666131e+01 
 2.15443469e+03  2.02863805e-02 -4.84909211e+01 
 2.17925704e+03  2.01553046e-02 -4.88147419e+01 
 2.20436538e+03  2.00237864e-02 -4.91380340e+01 
 2.22976301e+03  1.98918500e-02 -4.94607563e+01 
 2.25545326e+03  1.97595194e-02 -4.97828682e+01 
 2.28143949e+03  1.96268188e-02 -5.01043292e+01 
 2.30772513e+03  1.94937727e-02 -5.04250994e+01 
 2.33431362e+03  1.93604053e-02 -5.07451394e+01 
 2.36120845e+03  1.92267413e-02 -5.10644099e+01 
 2.38841315e+03  1.90928052e-02 -5.13828723e+01 
 2.41593128e+03  1.89586216e-02 -5.17004886e+01 
 2.44376647e+03  1.88242150e-02 -5.20172211e+01 
 2.47192236e+03  1.86896100e-02 -5.23330327e+01 
 2.50040265e+03  1.85548311e-02 -5.26478867e+01 
 2.52921107e+03  1.84199029e-02 -5.29617474e+01 
 2.55835142e+03  1.82848498e-02 -5.32745791e+01 
 2.58782750e+03  1.81496961e-02 -5.35863471e+01 
 2.61764319e+03  1.80144660e-02 -5.38970173e+01 
 2.64780240e+03  1.78791836e-02 -5.42065559e+01 
 2.67830910e+03  1.77438730e-02 -5.45149301e+01 
 2.70916727e+03  1.76085578e-02 -5.48221076e+01 
 2.74038098e+03  1.74732617e-02 -5.51280568e+01 
 2.77195432e+03  1.73380081e-02 -5.54327467e+01 
 2.80389144e+03  1.72028203e-02 -5.57361471e+01 
 2.83619651e+03  1.70677212e-02 -5.60382284e+01 
 2.86887379e+03  1.69327336e-02 -5.63389619e+01 
 2.90192756e+03  1.67978799e-02 -5.66383193e+01 
 2.93536216e+03  1.66631824e-02 -5.69362733e+01 
 2.96918198e+03  1.65286631e-02 -5.72327971e+01 
 3.00339145e+03  1.63943436e-02 -5.75278649e+01 
 3.03799507e+03  1.62602452e-02 -5.78214514e+01 
 3.07299737e+03  1.61263889e-02 -5.81135322e+01 
 3.10840296e+03  1.59927955e-02 -5.84040835e+01 
 3.14421647e+03  1.58594853e-02 -5.86930824e+01 
 3.18044260e+03  1.57264784e-02 -5.89805067e+01 
 3.21708612e+03  1.55937943e-02 -5.92663347e+01 
 3.25415182e+03  1.54614523e-02 -5.95505460e+01 
 3.29164458e+03  1.53294714e-02 -5.98331203e+01 
 3.32956931e+03  1.51978702e-02 -6.01140386e+01 
 3.36793099e+03  1.50666666e-02 -6.03932823e+01 
 3.40673466e+03  1.49358786e-02 -6.06708337e+01 
 3.44598540e+03  1.48055234e-02 -6.09466757e+01 
 3.48568837e+03  1.46756180e-02 -6.12207921e+01 
 3.52584878e+03  1.45461789e-02 -6.14931673e+01 
 3.56647189e+03  1.44172223e-02 -6.17637865e+01 
 3.60756305e+03  1.42887638e-02 -6.20326356e+01 
 3.64912764e+03  1.41608188e-02 -6.22997013e+01 
 3.69117112e+03  1.40334020e-02 -6.25649706e+01 
 3.73369900e+03  1.39065281e-02 -6.28284318e+01 
 3.77671687e+03  1.37802110e-02 -6.30900735e+01 
 3.82023036e+03  1.36544643e-02 -6.33498850e+01 
 3.86424520e+03  1.35293012e-02 -6.36078565e+01 
 3.90876716e+03  1.34047344e-02 -6.38639785e+01 
 3.95380208e+03  1.32807763e-02 -6.41182425e+01 
 3.99935587e+03  1.31574388e-02 -6.43706405e+01 
 4.04543450e+03  1.30347334e-02 -6.46211652e+01 
 4.09204403e+03  1.29126711e-02 -6.48698097e+01 
 4.13919058e+03  1.27912627e-02 -6.51165679e+01 
 4.18688032e+03  1.26705183e-02 -6.53614345e+01 
 4.23511952e+03  1.25504478e-02 -6.56044043e+01 
 4.28391452e+03  1.24310607e-02 -6.58454732e+01 
 4.33327170e+03  1.23123660e-02 -6.60846372e+01 
 4.38319755e+03  1.21943723e-02 -6.63218932e+01 
 4.43369862e+03  1.20770878e-02 -6.65572386e+01 
 4.48478155e+03  1.19605203e-02 -6.67906711e+01 
 4.53645302e+03  1.18446775e-02 -6.70221893e+01 
 4.58871983e+03  1.17295662e-02 -6.72517919e+01 
 4.64158883e+03  1.16151933e-02 -6.74794783e+01 
 4.69506697e+03  1.15015650e-02 -6.77052486e+01 
 4.74916125e+03  1.13886873e-02 -6.79291029e+01 
 4.80387878e+03  1.12765659e-02 -6.81510422e+01 
 4.85922674e+03  1.11652061e-02 -6.83710677e+01 
 4.91521239e+03  1.10546126e-02 -6.85891812e+01 
 4.97184308e+03  1.09447901e-02 -6.88053847e+01 
 5.02912624e+03  1.08357428e-02 -6.90196808e+01 
 5.08706939e+03  1.07274747e-02 -6.92320726e+01 
 5.14568013e+03  1.06199893e-02 -6.94425632e+01 
 5.20496616e+03  1.05132899e-02 -6.96511565e+01 
 5.26493525e+03  1.04073795e-02 -6.98578566e+01 
 5.32559528e+03  1.03022607e-02 -7.00626679e+01 
 5.38695420e+03  1.01979360e-02 -7.02655951e+01 
 5.44902008e+03  1.00944073e-02 -7.04666435e+01 
 5.51180104e+03  9.99167648e-03 -7.06658185e+01 
 5.57530533e+03  9.88974510e-03 -7.08631258e+01 
 5.63954130e+03  9.78861437e-03 -7.10585715e+01 
 5.70451735e+03  9.68828531e-03 -7.12521620e+01 
 5.77024203e+03  9.58875867e-03 -7.14439038e+01 
 5.83672396e+03  9.49003493e-03 -7.16338039e+01 
 5.90397186e+03  9.39211434e-03 -7.18218694e+01 
 5.97199455e+03  9.29499692e-03 -7.20081076e+01 
 6.04080098e+03  9.19868244e-03 -7.21925263e+01 
 6.11040015e+03  9.10317053e-03 -7.23751334e+01 
 6.18080121e+03  9.00846048e-03 -7.25559368e+01 
 6.25201340e+03  8.91455147e-03 -7.27349448e+01 
 6.32404607e+03  8.82144241e-03 -7.29121660e+01 
 6.39690866e+03  8.72913209e-03 -7.30876089e+01 
 6.47061073e+03  8.63761904e-03 -7.32612825e+01 
 6.54516197e+03  8.54690165e-03 -7.34331958e+01 
 6.62057214e+03  8.45697811e-03 -7.36033579e+01 
 6.69685116e+03  8.36784642e-03 -7.37717781e+01 
 6.77400903e+03  8.27950447e-03 -7.39384660e+01 
 6.85205587e+03  8.19194997e-03 -7.41034312e+01 
 6.93100193e+03  8.10518043e-03 -7.42666833e+01 
 7.01085757e+03  8.01919328e-03 -7.44282323e+01 
 7.09163327e+03  7.93398577e-03 -7.45880882e+01 
 7.17333962e+03  7.84955500e-03 -7.47462609e+01 
 7.25598736e+03  7.76589797e-03 -7.49027608e+01 
 7.33958732e+03  7.68301153e-03 -7.50575980e+01 
 7.42415048e+03  7.60089245e-03 -7.52107829e+01 
 7.50968794e+03  7.51953730e-03 -7.53623260e+01 
 7.59621092e+03  7.43894264e-03 -7.55122378e+01 
 7.68373077e+03  7.35910485e-03 -7.56605288e+01 
 7.77225899e+03  7.28002021e-03 -7.58072097e+01 
 7.86180718e+03  7.20168496e-03 -7.59522912e+01 
 7.95238711e+03  7.12409519e-03 -7.60957839e+01 
 8.04401065e+03  7.04724692e-03 -7.62376987e+01 
 8.13668983e+03  6.97113608e-03 -7.63780463e+01 
 8.23043682e+03  6.89575856e-03 -7.65168377e+01 
 8.32526392e+03  6.82111012e-03 -7.66540837e+01 
 8.42118357e+03  6.74718646e-03 -7.67897951e+01 
 8.51820836e+03  6.67398321e-03 -7.69239828e+01 
 8.61635102e+03  6.60149600e-03 -7.70566579e+01 
 8.71562443e+03  6.52972029e-03 -7.71878311e+01 
 8.81604162e+03  6.45865157e-03 -7.73175135e+01 
 8.91761577e+03  6.38828522e-03 -7.74457159e+01 
 9.02036021e+03  6.31861664e-03 -7.75724493e+01 
 9.12428842e+03  6.24964107e-03 -7.76977245e+01 
 9.22941404e+03  6.18135384e-03 -7.78215525e+01 
 9.33575087e+03  6.11375014e-03 -7.79439441e+01 
 9.44331286e+03  6.04682516e-03 -7.80649101e+01 
 9.55211412e+03  5.98057406e-03 -7.81844615e+01 
 9.66216894e+03  5.91499194e-03 -7.83026090e+01 
 9.77349176e+03  5.85007394e-03 -7.84193633e+01 
 9.88609719e+03  5.78581506e-03 -7.85347352e+01 
 1.00000000e+04  5.72221039e-03 -7.86487354e+01 
 1.01152151e+04  5.65925490e-03 -7.87613745e+01 
 1.02317577e+04  5.59694366e-03 -7.88726632e+01 
 1.03496431e+04  5.53527161e-03 -7.89826120e+01 
 1.04688866e+04  5.47423371e-03 -7.90912314e+01 
 1.05895041e+04  5.41382494e-03 -7.91985319e+01 
 1.07115112e+04  5.35404026e-03 -7.93045240e+01 
 1.08349240e+04  5.29487458e-03 -7.94092179e+01 
 1.09597588e+04  5.23632287e-03 -7.95126240e+01 
 1.10860318e+04  5.17838003e-03 -7.96147524e+01 
 1.12137597e+04  5.12104101e-03 -7.97156135e+01 
 1.13429592e+04  5.06430071e-03 -7.98152172e+01 
 1.14736472e+04  5.00815409e-03 -7.99135737e+01 
 1.16058410e+04  4.95259609e-03 -8.00106929e+01 
 1.17395579e+04  4.89762158e-03 -8.01065847e+01 
 1.18748154e+04  4.84322560e-03 -8.02012590e+01 
 1.20116312e+04  4.78940307e-03 -8.02947256e+01 
 1.21500234e+04  4.73614890e-03 -8.03869941e+01 
 1.22900101e+04  4.68345811e-03 -8.04780742e+01 
 1.24316096e+04  4.63132563e-03 -8.05679754e+01 
 1.25748406e+04  4.57974656e-03 -8.06567072e+01 
 1.27197218e+04  4.52871584e-03 -8.07442790e+01 
 1.28662722e+04  4.47822845e-03 -8.08307000e+01 
 1.30145112e+04  4.42827949e-03 -8.09159795e+01 
 1.31644581e+04  4.37886405e-03 -8.10001267e+01 
 1.33161325e+04  4.32997710e-03 -8.10831506e+01 
 1.34695546e+04  4.28161385e-03 -8.11650603e+01 
 1.36247442e+04  4.23376934e-03 -8.12458645e+01 
 1.37817219e+04  4.18643873e-03 -8.13255721e+01 
 1.39405082e+04  4.13961720e-03 -8.14041920e+01 
 1.41011240e+04  4.09329990e-03 -8.14817326e+01 
 1.42635903e+04  4.04748202e-03 -8.15582024e+01 
 1.44279285e+04  4.00215882e-03 -8.16336101e+01 
 1.45941600e+04  3.95732559e-03 -8.17079640e+01 
 1.47623069e+04  3.91297755e-03 -8.17812724e+01 
 1.49323910e+04  3.86910998e-03 -8.18535434e+01 
 1.51044348e+04  3.82571833e-03 -8.19247852e+01 
 1.52784607e+04  3.78279784e-03 -8.19950058e+01 
 1.54544917e+04  3.74034394e-03 -8.20642131e+01 
 1.56325509e+04  3.69835206e-03 -8.21324150e+01 
 1.58126615e+04  3.65681761e-03 -8.21996191e+01 
 1.59948473e+04  3.61573606e-03 -8.22658332e+01 
 1.61791322e+04  3.57510293e-03 -8.23310647e+01 
 1.63655403e+04  3.53491379e-03 -8.23953213e+01 
 1.65540961e+04  3.49516415e-03 -8.24586103e+01 
 1.67448244e+04  3.45584958e-03 -8.25209388e+01 
 1.69377501e+04  3.41696576e-03 -8.25823142e+01 
 1.71328986e+04  3.37850834e-03 -8.26427435e+01 
 1.73302956e+04  3.34047293e-03 -8.27022337e+01 
 1.75299668e+04  3.30285537e-03 -8.27607918e+01 
 1.77319386e+04  3.26565126e-03 -8.28184245e+01 
 1.79362374e+04  3.22885646e-03 -8.28751385e+01 
 1.81428900e+04  3.19246684e-03 -8.29309407e+01 
 1.83519236e+04  3.15647815e-03 -8.29858374e+01 
 1.85633655e+04  3.12088630e-03 -8.30398350e+01 
 1.87772436e+04  3.08568716e-03 -8.30929400e+01 
 1.89935859e+04  3.05087671e-03 -8.31451585e+01 
 1.92124208e+04  3.01645094e-03 -8.31964969e+01 
 1.94337770e+04  2.98240583e-03 -8.32469611e+01 
 1.96576835e+04  2.94873743e-03 -8.32965571e+01 
 1.98841698e+04  2.91544175e-03 -8.33452907e+01 
 2.01132655e+04  2.88251503e-03 -8.33931680e+01 
 2.03450008e+04  2.84995326e-03 -8.34401943e+01 
 2.05794060e+04  2.81775264e-03 -8.34863754e+01 
 2.08165120e+04  2.78590949e-03 -8.35317169e+01 
 2.10563497e+04  2.75441990e-03 -8.35762240e+01 
 2.12989507e+04  2.72328019e-03 -8.36199022e+01 
 2.15443469e+04  2.69248672e-03 -8.36627567e+01 
 2.17925704e+04  2.66203573e-03 -8.37047926e+01 
 2.20436538e+04  2.63192357e-03 -8.37460148e+01 
 2.22976301e+04  2.60214684e-03 -8.37864287e+01 
 2.25545326e+04  2.57270168e-03 -8.38260386e+01 
 2.28143949e+04  2.54358471e-03 -8.38648496e+01 
 2.30772513e+04  2.51479250e-03 -8.39028666e+01 
 2.33431362e+04  2.48632146e-03 -8.39400938e+01 
 2.36120845e+04  2.45816815e-03 -8.39765357e+01 
 2.38841315e+04  2.43032917e-03 -8.40121969e+01 
 2.41593128e+04  2.40280114e-03 -8.40470815e+01 
 2.44376647e+04  2.37558076e-03 -8.40811939e+01 
 2.47192236e+04  2.34866476e-03 -8.41145384e+01 
 2.50040265e+04  2.32204970e-03 -8.41471186e+01 
 2.52921107e+04  2.29573247e-03 -8.41789389e+01 
 2.55835142e+04  2.26970976e-03 -8.42100028e+01 
 2.58782750e+04  2.24397837e-03 -8.42403141e+01 
 2.61764319e+04  2.21853533e-03 -8.42698770e+01 
 2.64780240e+04  2.19337724e-03 -8.42986943e+01 
 2.67830910e+04  2.16850111e-03 -8.43267699e+01 
 2.70916727e+04  2.14390395e-03 -8.43541073e+01 
 2.74038098e+04  2.11958265e-03 -8.43807096e+01 
 2.77195432e+04  2.09553421e-03 -8.44065802e+01 
 2.80389144e+04  2.07175569e-03 -8.44317223e+01 
 2.83619651e+04  2.04824411e-03 -8.44561388e+01 
 2.86887379e+04  2.02499652e-03 -8.44798326e+01 
 2.90192756e+04  2.00201003e-03 -8.45028067e+01 
 2.93536216e+04  1.97928185e-03 -8.45250638e+01 
 2.96918198e+04  1.95680910e-03 -8.45466068e+01 
 3.00339145e+04  1.93458891e-03 -8.45674378e+01 
 3.03799507e+04  1.91261870e-03 -8.45875601e+01 
 3.07299737e+04  1.89089549e-03 -8.46069754e+01 
 3.10840296e+04  1.86941675e-03 -8.46256866e+01 
 3.14421647e+04  1.84817962e-03 -8.46436955e+01 
 3.18044260e+04  1.82718155e-03 -8.46610045e+01 
 3.21708612e+04  1.80641988e-03 -8.46776156e+01 
 3.25415182e+04  1.78589200e-03 -8.46935309e+01 
 3.29164458e+04  1.76559527e-03 -8.47087521e+01 
 3.32956931e+04  1.74552725e-03 -8.47232813e+01 
 3.36793099e+04  1.72568532e-03 -8.47371199e+01 
 3.40673466e+04  1.70606692e-03 -8.47502696e+01 
 3.44598540e+04  1.68666978e-03 -8.47627323e+01 
 3.48568837e+04  1.66749117e-03 -8.47745089e+01 
 3.52584878e+04  1.64852897e-03 -8.47856014e+01 
 3.56647189e+04  1.62978047e-03 -8.47960103e+01 
 3.60756305e+04  1.61124351e-03 -8.48057375e+01 
 3.64912764e+04  1.59291567e-03 -8.48147838e+01 
 3.69117112e+04  1.57479459e-03 -8.48231502e+01 
 3.73369900e+04  1.55687803e-03 -8.48308378e+01 
 3.77671687e+04  1.53916367e-03 -8.48378471e+01 
 3.82023036e+04  1.52164926e-03 -8.48441792e+01 
 3.86424520e+04  1.50433258e-03 -8.48498346e+01 
 3.90876716e+04  1.48721149e-03 -8.48548140e+01 
 3.95380208e+04  1.47028363e-03 -8.48591175e+01 
 3.99935587e+04  1.45354699e-03 -8.48627459e+01 
 4.04543450e+04  1.43699937e-03 -8.48656993e+01 
 4.09204403e+04  1.42063871e-03 -8.48679781e+01 
 4.13919058e+04  1.40446295e-03 -8.48695825e+01 
 4.18688032e+04  1.38846993e-03 -8.48705123e+01 
 4.23511952e+04  1.37265746e-03 -8.48707668e+01 
 4.28391452e+04  1.35702391e-03 -8.48703474e+01 
 4.33327170e+04  1.34156692e-03 -8.48692525e+01 
 4.38319755e+04  1.32628467e-03 -8.48674824e+01 
 4.43369862e+04  1.31117520e-03 -8.48650367e+01 
 4.48478155e+04  1.29623653e-03 -8.48619147e+01 
 4.53645302e+04  1.28146687e-03 -8.48581163e+01 
 4.58871983e+04  1.26686401e-03 -8.48536396e+01 
 4.64158883e+04  1.25242635e-03 -8.48484849e+01 
 4.69506697e+04  1.23815191e-03 -8.48426508e+01 
 4.74916125e+04  1.22403897e-03 -8.48361368e+01 
 4.80387878e+04  1.21008568e-03 -8.48289417e+01 
 4.85922674e+04  1.19629013e-03 -8.48210639e+01 
 4.91521239e+04  1.18265066e-03 -8.48125027e+01 
 4.97184308e+04  1.16916542e-03 -8.48032563e+01 
 5.02912624e+04  1.15583270e-03 -8.47933233e+01 
 5.08706939e+04  1.14265094e-03 -8.47827030e+01 
 5.14568013e+04  1.12961819e-03 -8.47713927e+01 
 5.20496616e+04  1.11673285e-03 -8.47593908e+01 
 5.26493525e+04  1.10399343e-03 -8.47466965e+01 
 5.32559528e+04  1.09139804e-03 -8.47333066e+01 
 5.38695420e+04  1.07894519e-03 -8.47192198e+01 
 5.44902008e+04  1.06663323e-03 -8.47044338e+01 
 5.51180104e+04  1.05446050e-03 -8.46889460e+01 
 5.57530533e+04  1.04242568e-03 -8.46727554e+01 
 5.63954130e+04  1.03052691e-03 -8.46558581e+01 
 5.70451735e+04  1.01876280e-03 -8.46382522e+01 
 5.77024203e+04  1.00713183e-03 -8.46199352e+01 
 5.83672396e+04  9.95632289e-04 -8.46009033e+01 
 5.90397186e+04  9.84263042e-04 -8.45811555e+01 
 5.97199455e+04  9.73022326e-04 -8.45606874e+01 
 6.04080098e+04  9.61908955e-04 -8.45394973e+01 
 6.11040015e+04  9.50921225e-04 -8.45175808e+01 
 6.18080121e+04  9.40057718e-04 -8.44949345e+01 
 6.25201340e+04  9.29317253e-04 -8.44715565e+01 
 6.32404607e+04  9.18698183e-04 -8.44474418e+01 
 6.39690866e+04  9.08199269e-04 -8.44225876e+01 
 6.47061073e+04  8.97819156e-04 -8.43969904e+01 
 6.54516197e+04  8.87556549e-04 -8.43706466e+01 
 6.62057214e+04  8.77409920e-04 -8.43435511e+01 
 6.69685116e+04  8.67378032e-04 -8.43157005e+01 
 6.77400903e+04  8.57459651e-04 -8.42870909e+01 
 6.85205587e+04  8.47653597e-04 -8.42577191e+01 
 6.93100193e+04  8.37958405e-04 -8.42275792e+01 
 7.01085757e+04  8.28372841e-04 -8.41966670e+01 
 7.09163327e+04  8.18895670e-04 -8.41649780e+01 
 7.17333962e+04  8.09525544e-04 -8.41325066e+01 
 7.25598736e+04  8.00261578e-04 -8.40992504e+01 
 7.33958732e+04  7.91102192e-04 -8.40652017e+01 
 7.42415048e+04  7.82046502e-04 -8.40303578e+01 
 7.50968794e+04  7.73093047e-04 -8.39947111e+01 
 7.59621092e+04  7.64240768e-04 -8.39582573e+01 
 7.68373077e+04  7.55488783e-04 -8.39209930e+01 
 7.77225899e+04  7.46835459e-04 -8.38829086e+01 
 7.86180718e+04  7.38279970e-04 -8.38440009e+01 
 7.95238711e+04  7.29821090e-04 -8.38042630e+01 
 8.04401065e+04  7.21457993e-04 -8.37636914e+01 
 8.13668983e+04  7.13189338e-04 -8.37222777e+01 
 8.23043682e+04  7.05014013e-04 -8.36800153e+01 
 8.32526392e+04  6.96931081e-04 -8.36368990e+01 
 8.42118357e+04  6.88939315e-04 -8.35929207e+01 
 8.51820836e+04  6.81037837e-04 -8.35480751e+01 
 8.61635102e+04  6.73225710e-04 -8.35023564e+01 
 8.71562443e+04  6.65501767e-04 -8.34557560e+01 
 8.81604162e+04  6.57864727e-04 -8.34082642e+01 
 8.91761577e+04  6.50314232e-04 -8.33598801e+01 
 9.02036021e+04  6.42848769e-04 -8.33105908e+01 
 9.12428842e+04  6.35467289e-04 -8.32603878e+01 
 9.22941404e+04  6.28169551e-04 -8.32092711e+01 
 9.33575087e+04  6.20954043e-04 -8.31572269e+01 
 9.44331286e+04  6.13819718e-04 -8.31042458e+01 
 9.55211412e+04  6.06765873e-04 -8.30503220e+01 
 9.66216894e+04  5.99791576e-04 -8.29954470e+01 
 9.77349176e+04  5.92895779e-04 -8.29396106e+01 
 9.88609719e+04  5.86078244e-04 -8.28828120e+01 
 1.00000000e+05  5.79336884e-04 -8.28250278e+01 
 1.01152151e+05  5.72671692e-04 -8.27662593e+01 
 1.02317577e+05  5.66081622e-04 -8.27064953e+01 
 1.03496431e+05  5.59565743e-04 -8.26457252e+01 
 1.04688866e+05  5.53123241e-04 -8.25839399e+01 
 1.05895041e+05  5.46753532e-04 -8.25211331e+01 
 1.07115112e+05  5.40454994e-04 -8.24572837e+01 
 1.08349240e+05  5.34227623e-04 -8.23923928e+01 
 1.09597588e+05  5.28070142e-04 -8.23264434e+01 
 1.10860318e+05  5.21981969e-04 -8.22594278e+01 
 1.12137597e+05  5.15962524e-04 -8.21913387e+01 
 1.13429592e+05  5.10010531e-04 -8.21221573e+01 
 1.14736472e+05  5.04125409e-04 -8.20518754e+01 
 1.16058410e+05  4.98306463e-04 -8.19804825e+01 
 1.17395579e+05  4.92552881e-04 -8.19079660e+01 
 1.18748154e+05  4.86863736e-04 -8.18343109e+01 
 1.20116312e+05  4.81238679e-04 -8.17595115e+01 
 1.21500234e+05  4.75676784e-04 -8.16835521e+01 
 1.22900101e+05  4.70177125e-04 -8.16064166e+01 
 1.24316096e+05  4.64739470e-04 -8.15281004e+01 
 1.25748406e+05  4.59362548e-04 -8.14485803e+01 
 1.27197218e+05  4.54045779e-04 -8.13678447e+01 
 1.28662722e+05  4.48788702e-04 -8.12858842e+01 
 1.30145112e+05  4.43590738e-04 -8.12026871e+01 
 1.31644581e+05  4.38450848e-04 -8.11182317e+01 
 1.33161325e+05  4.33368569e-04 -8.10325078e+01 
 1.34695546e+05  4.28343326e-04 -8.09455022e+01 
 1.36247442e+05  4.23373850e-04 -8.08571866e+01 
 1.37817219e+05  4.18460601e-04 -8.07675694e+01 
 1.39405082e+05  4.13601621e-04 -8.06766058e+01 
 1.41011240e+05  4.08797485e-04 -8.05843066e+01 
 1.42635903e+05  4.04046468e-04 -8.04906301e+01 
 1.44279285e+05  3.99349144e-04 -8.03955876e+01 
 1.45941600e+05  3.94704017e-04 -8.02991408e+01 
 1.47623069e+05  3.90110859e-04 -8.02012815e+01 
 1.49323910e+05  3.85568637e-04 -8.01019806e+01 
 1.51044348e+05  3.81077348e-04 -8.00012351e+01 
 1.52784607e+05  3.76635963e-04 -7.98990147e+01 
 1.54544917e+05  3.72244250e-04 -7.97953096e+01 
 1.56325509e+05  3.67901752e-04 -7.96901040e+01 
 1.58126615e+05  3.63607094e-04 -7.95833553e+01 
 1.59948473e+05  3.59360621e-04 -7.94750689e+01 
 1.61791322e+05  3.55161074e-04 -7.93652035e+01 
 1.63655403e+05  3.51008110e-04 -7.92537438e+01 
 1.65540961e+05  3.46901618e-04 -7.91406813e+01 
 1.67448244e+05  3.42840453e-04 -7.90259752e+01 
 1.69377501e+05  3.38824619e-04 -7.89096197e+01 
 1.71328986e+05  3.34853545e-04 -7.87915907e+01 
 1.73302956e+05  3.30926091e-04 -7.86718437e+01 
 1.75299668e+05  3.27042489e-04 -7.85503798e+01 
 1.77319386e+05  3.23202055e-04 -7.84271688e+01 
 1.79362374e+05  3.19404108e-04 -7.83021792e+01 
 1.81428900e+05  3.15647966e-04 -7.81753779e+01 
 1.83519236e+05  3.11933634e-04 -7.80467574e+01 
 1.85633655e+05  3.08260432e-04 -7.79162834e+01 
 1.87772436e+05  3.04627679e-04 -7.77839206e+01 
 1.89935859e+05  3.01035152e-04 -7.76496508e+01 
 1.92124208e+05  2.97482174e-04 -7.75134365e+01 
 1.94337770e+05  2.93968749e-04 -7.73752683e+01 
 1.96576835e+05  2.90493746e-04 -7.72350871e+01 
 1.98841698e+05  2.87057170e-04 -7.70928819e+01 
 2.01132655e+05  2.83658346e-04 -7.69486109e+01 
 2.03450008e+05  2.80297959e-04 -7.68022956e+01 
 2.05794060e+05  2.76973523e-04 -7.66538056e+01 
 2.08165120e+05  2.73685723e-04 -7.65031599e+01 
 2.10563497e+05  2.70434568e-04 -7.63503464e+01 
 2.12989507e+05  2.67218480e-04 -7.61952706e+01 
 2.15443469e+05  2.64038372e-04 -7.60379655e+01 
 2.17925704e+05  2.60893121e-04 -7.58783573e+01 
 2.20436538e+05  2.57782511e-04 -7.57164184e+01 
 2.22976301e+05  2.54705647e-04 -7.55520820e+01 
 2.25545326e+05  2.51662765e-04 -7.53853442e+01 
 2.28143949e+05  2.48652974e-04 -7.52161349e+01 
 2.30772513e+05  2.45676509e-04 -7.50444500e+01 
 2.33431362e+05  2.42732255e-04 -7.48702016e+01 
 2.36120845e+05  2.39820675e-04 -7.46933989e+01 
 2.38841315e+05  2.36940657e-04 -7.45139496e+01 
 2.41593128e+05  2.34092213e-04 -7.43318325e+01 
 2.44376647e+05  2.31274684e-04 -7.41469798e+01 
 2.47192236e+05  2.28488308e-04 -7.39593850e+01 
 2.50040265e+05  2.25732203e-04 -7.37689616e+01 
 2.52921107e+05  2.23005715e-04 -7.35756346e+01 
 2.55835142e+05  2.20309528e-04 -7.33794291e+01 
 2.58782750e+05  2.17642767e-04 -7.31802520e+01 
 2.61764319e+05  2.15005002e-04 -7.29780409e+01 
 2.64780240e+05  2.12395806e-04 -7.27727310e+01 
 2.67830910e+05  2.09815197e-04 -7.25642927e+01 
 2.70916727e+05  2.07262308e-04 -7.23526195e+01 
 2.74038098e+05  2.04737822e-04 -7.21377385e+01 
 2.77195432e+05  2.02240653e-04 -7.19195193e+01 
 2.80389144e+05  1.99770380e-04 -7.16978860e+01 
 2.83619651e+05  1.97327468e-04 -7.14728453e+01 
 2.86887379e+05  1.94910836e-04 -7.12442550e+01 
 2.90192756e+05  1.92520510e-04 -7.10120759e+01 
 2.93536216e+05  1.90156296e-04 -7.07762467e+01 
 2.96918198e+05  1.87817781e-04 -7.05366811e+01 
 3.00339145e+05  1.85504991e-04 -7.02933374e+01 
 3.03799507e+05  1.83217080e-04 -7.00460758e+01 
 3.07299737e+05  1.80954515e-04 -6.97949003e+01 
 3.10840296e+05  1.78715800e-04 -6.95395857e+01 
 3.14421647e+05  1.76502059e-04 -6.92802110e+01 
 3.18044260e+05  1.74311802e-04 -6.90165400e+01 
 3.21708612e+05  1.72146369e-04 -6.87486836e+01 
 3.25415182e+05  1.70004276e-04 -6.84763959e+01 
 3.29164458e+05  1.67884915e-04 -6.81995301e+01 
 3.32956931e+05  1.65789409e-04 -6.79181734e+01 
 3.36793099e+05  1.63716719e-04 -6.76321184e+01 
 3.40673466e+05  1.61667103e-04 -6.73413338e+01 
 3.44598540e+05  1.59639533e-04 -6.70455972e+01 
 3.48568837e+05  1.57634058e-04 -6.67448373e+01 
 3.52584878e+05  1.55650730e-04 -6.64389835e+01 
 3.56647189e+05  1.53690025e-04 -6.61280361e+01 
 3.60756305e+05  1.51749866e-04 -6.58115709e+01 
 3.64912764e+05  1.49831589e-04 -6.54897193e+01 
 3.69117112e+05  1.47935249e-04 -6.51624081e+01 
 3.73369900e+05  1.46059636e-04 -6.48293318e+01 
 3.77671687e+05  1.44204395e-04 -6.44903215e+01 
 3.82023036e+05  1.42369178e-04 -6.41452008e+01 
 3.86424520e+05  1.40556148e-04 -6.37942878e+01 
 3.90876716e+05  1.38762446e-04 -6.34369119e+01 
 3.95380208e+05  1.36990232e-04 -6.30734012e+01 
 3.99935587e+05  1.35237089e-04 -6.27031333e+01 
 4.04543450e+05  1.33503930e-04 -6.23261742e+01 
 4.09204403e+05  1.31790430e-04 -6.19423232e+01 
 4.13919058e+05  1.30097085e-04 -6.15515655e+01 
 4.18688032e+05  1.28422758e-04 -6.11534961e+01 
 4.23511952e+05  1.26768362e-04 -6.07481941e+01 
 4.28391452e+05  1.25132776e-04 -6.03352325e+01 
 4.33327170e+05  1.23516511e-04 -5.99145855e+01 
 4.38319755e+05  1.21918870e-04 -5.94859057e+01 
 4.43369862e+05  1.20340769e-04 -5.90492791e+01 
 4.48478155e+05  1.18781921e-04 -5.86044652e+01 
 4.53645302e+05  1.17241253e-04 -5.81509723e+01 
 4.58871983e+05  1.15719296e-04 -5.76887653e+01 
 4.64158883e+05  1.14216180e-04 -5.72176959e+01 
 4.69506697e+05  1.12731651e-04 -5.67374869e+01 
 4.74916125e+05  1.11265076e-04 -5.62477159e+01 
 4.80387878e+05  1.09817770e-04 -5.57486175e+01 
 4.85922674e+05  1.08389874e-04 -5.52400491e+01 
 4.91521239e+05  1.06979250e-04 -5.47210066e+01 
 4.97184308e+05  1.05586842e-04 -5.41915812e+01 
 5.02912624e+05  1.04213206e-04 -5.36517438e+01 
 5.08706939e+05  1.02857397e-04 -5.31008604e+01 
 5.14568013e+05  1.01521466e-04 -5.25395299e+01 
 5.20496616e+05  1.00202642e-04 -5.19663049e+01 
 5.26493525e+05  9.89026156e-05 -5.13816265e+01 
 5.32559528e+05  9.76223136e-05 -5.07856622e+01 
 5.38695420e+05  9.63601371e-05 -5.01773798e+01 
 5.44902008e+05  9.51152627e-05 -4.95560254e+01 
 5.51180104e+05  9.38907741e-05 -4.89228467e+01 
 5.57530533e+05  9.26837416e-05 -4.82759938e+01 
 5.63954130e+05  9.14972136e-05 -4.76167895e+01 
 5.70451735e+05  9.03283425e-05 -4.69432964e+01 
 5.77024203e+05  8.91794658e-05 -4.62565047e+01 
 5.83672396e+05  8.80498418e-05 -4.55556296e+01 
 5.90397186e+05  8.69391084e-05 -4.48400509e+01 
 5.97199455e+05  8.58485629e-05 -4.41102319e+01 
 6.04080098e+05  8.47778568e-05 -4.33655719e+01 
 6.11040015e+05  8.37263659e-05 -4.26052049e+01 
 6.18080121e+05  8.26953889e-05 -4.18296536e+01 
 6.25201340e+05  8.16858674e-05 -4.10392815e+01 
 6.32404607e+05  8.06956987e-05 -4.02319967e+01 
 6.39690866e+05  7.97270832e-05 -3.94091530e+01 
 6.47061073e+05  7.87789080e-05 -3.85693621e+01 
 6.54516197e+05  7.78524491e-05 -3.77133042e+01 
 6.62057214e+05  7.69478026e-05 -3.68406524e+01 
 6.69685116e+05  7.60653624e-05 -3.59513676e+01 
 6.77400903e+05  7.52041858e-05 -3.50439902e+01 
 6.85205587e+05  7.43671105e-05 -3.41211220e+01 
 6.93100193e+05  7.35508877e-05 -3.31786549e+01 
 7.01085757e+05  7.27585870e-05 -3.22195955e+01 
 7.09163327e+05  7.19905994e-05 -3.12440882e+01 
 7.17333962e+05  7.12463721e-05 -3.02510276e+01 
 7.25598736e+05  7.05254582e-05 -2.92392494e+01 
 7.33958732e+05  6.98306056e-05 -2.82122470e+01 
 7.42415048e+05  6.91595816e-05 -2.71662773e+01 
 7.50968794e+05  6.85146061e-05 -2.61043329e+01 
 7.59621092e+05  6.78948843e-05 -2.50246844e+01 
 7.68373077e+05  6.73020674e-05 -2.39298575e+01 
 7.77225899e+05  6.67350683e-05 -2.28174286e+01 
 7.86180718e+05  6.61951172e-05 -2.16893352e+01 
 7.95238711e+05  6.56823111e-05 -2.05453932e+01 
 8.04401065e+05  6.51974162e-05 -1.93869813e+01 
 8.13668983e+05  6.47413966e-05 -1.82163709e+01 
 8.23043682e+05  6.43120438e-05 -1.70272534e+01 
 8.32526392e+05  6.39121093e-05 -1.58266742e+01 
 8.42118357e+05  6.35416036e-05 -1.46147479e+01 
 8.51820836e+05  6.31997168e-05 -1.33883226e+01 
 8.61635102e+05  6.28881523e-05 -1.21532634e+01 
 8.71562443e+05  6.26066971e-05 -1.09089888e+01 
 8.81604162e+05  6.23547894e-05 -9.65237518e+00 
 8.91761577e+05  6.21338631e-05 -8.39041999e+00 
 9.02036021e+05  6.19432420e-05 -7.11921680e+00 
 9.12428842e+05  6.17834573e-05 -5.84165182e+00 
 9.22941404e+05  6.16548323e-05 -4.56068665e+00 
 9.33575087e+05  6.15571593e-05 -3.27414221e+00 
 9.44331286e+05  6.14906793e-05 -1.98415915e+00 
 9.55211412e+05  6.14554922e-05 -6.92039593e-01 
 9.66216894e+05  6.14516209e-05  5.98296599e-01 
 9.77349176e+05  6.14790654e-05  1.89074172e+00 
 9.88609719e+05  6.15378160e-05  3.18137436e+00 
 1.00000000e+06  6.16276369e-05  4.46716248e+00 
 1.01152151e+06  6.17488255e-05  5.75199887e+00 
 1.02317577e+06  6.19009908e-05  7.03115523e+00 
 1.03496431e+06  6.20839039e-05  8.30340036e+00 
 1.04688866e+06  6.22976022e-05  9.56923292e+00 
 1.05895041e+06  6.25417183e-05  1.08266314e+01 
 1.07115112e+06  6.28159582e-05  1.20744779e+01 
 1.08349240e+06  6.31208477e-05  1.33149985e+01 
 1.09597588e+06  6.34548480e-05  1.45421983e+01 
 1.10860318e+06  6.38187045e-05  1.57592039e+01 
 1.12137597e+06  6.42113370e-05  1.69626580e+01 
 1.13429592e+06  6.46322807e-05  1.81517392e+01 
 1.14736472e+06  6.50825864e-05  1.93295632e+01 
 1.16058410e+06  6.55607039e-05  2.04922292e+01 
 1.17395579e+06  6.60661476e-05  2.16390839e+01 
 1.18748154e+06  6.65998547e-05  2.27724982e+01 
 1.20116312e+06  6.71599953e-05  2.38889018e+01 
 1.21500234e+06  6.77468168e-05  2.49892698e+01 
 1.22900101e+06  6.83594545e-05  2.60724370e+01 
 1.24316096e+06  6.89986675e-05  2.71401046e+01 
 1.25748406e+06  6.96623077e-05  2.81891515e+01 
 1.27197218e+06  7.03534344e-05  2.92246672e+01 
 1.28662722e+06  7.10671209e-05  3.02396972e+01 
 1.30145112e+06  7.18051086e-05  3.12374009e+01 
 1.31644581e+06  7.25684234e-05  3.22194784e+01 
 1.33161325e+06  7.33541683e-05  3.31826475e+01 
 1.34695546e+06  7.41633618e-05  3.41287008e+01 
 1.36247442e+06  7.49955713e-05  3.50575670e+01 
 1.37817219e+06  7.58503629e-05  3.59692144e+01 
 1.39405082e+06  7.67284207e-05  3.68647614e+01 
 1.41011240e+06  7.76293810e-05  3.77441705e+01 
 1.42635903e+06  7.85482299e-05  3.86031908e+01 
 1.44279285e+06  7.94902635e-05  3.94473336e+01 
 1.45941600e+06  8.04563912e-05  4.02775886e+01 
 1.47623069e+06  8.14402549e-05  4.10889503e+01 
 1.49323910e+06  8.24438085e-05  4.18836667e+01 
 1.51044348e+06  8.34704330e-05  4.26647528e+01 
 1.52784607e+06  8.45173318e-05  4.34303775e+01 
 1.54544917e+06  8.55841614e-05  4.41807032e+01 
 1.56325509e+06  8.66692681e-05  4.49150360e+01 
 1.58126615e+06  8.77736008e-05  4.56344840e+01 
 1.59948473e+06  8.88995288e-05  4.63409081e+01 
 1.61791322e+06  9.00440988e-05  4.70327814e+01 
 1.63655403e+06  9.12056166e-05  4.77095428e+01 
 1.65540961e+06  9.23892984e-05  4.83745559e+01 
 1.67448244e+06  9.35921558e-05  4.90263887e+01 
 1.69377501e+06  9.48110911e-05  4.96637758e+01 
 1.71328986e+06  9.60529368e-05  5.02905775e+01 
 1.73302956e+06  9.73103329e-05  5.09033735e+01 
 1.75299668e+06  9.85858764e-05  5.15038294e+01 
 1.77319386e+06  9.98822690e-05  5.20934706e+01 
 1.79362374e+06  1.01194904e-04  5.26704927e+01 
 1.81428900e+06  1.02527995e-04  5.32370349e+01 
 1.83519236e+06  1.03876874e-04  5.37914011e+01 
 1.85633655e+06  1.05247344e-04  5.43362281e+01 
 1.87772436e+06  1.06636236e-04  5.48704503e+01 
 1.89935859e+06  1.08040300e-04  5.53931284e+01 
 1.92124208e+06  1.09465474e-04  5.59067200e+01 
 1.94337770e+06  1.10906983e-04  5.64097265e+01 
 1.96576835e+06  1.12369312e-04  5.69039312e+01 
 1.98841698e+06  1.13849208e-04  5.73884287e+01 
 2.01132655e+06  1.15348083e-04  5.78638986e+01 
 2.03450008e+06  1.16865803e-04  5.83304897e+01 
 2.05794060e+06  1.18402232e-04  5.87883519e+01 
 2.08165120e+06  1.19957239e-04  5.92376359e+01 
 2.10563497e+06  1.21532302e-04  5.96789361e+01 
 2.12989507e+06  1.23124087e-04  6.01115060e+01 
 2.15443469e+06  1.24734067e-04  6.05359516e+01 
 2.17925704e+06  1.26365380e-04  6.09532438e+01 
 2.20436538e+06  1.28014674e-04  6.13626706e+01 
 2.22976301e+06  1.29686753e-04  6.17655510e+01 
 2.25545326e+06  1.31371675e-04  6.21596690e+01 
 2.28143949e+06  1.33084148e-04  6.25485900e+01 
 2.30772513e+06  1.34810895e-04  6.29294096e+01 
 2.33431362e+06  1.36558428e-04  6.33037371e+01 
 2.36120845e+06  1.38326672e-04  6.36716661e+01 
 2.38841315e+06  1.40113877e-04  6.40329574e+01 
 2.41593128e+06  1.41921634e-04  6.43880566e+01 
 2.44376647e+06  1.43753238e-04  6.47376922e+01 
 2.47192236e+06  1.45600200e-04  6.50803677e+01 
 2.50040265e+06  1.47470876e-04  6.54177554e+01 
 2.52921107e+06  1.49366920e-04  6.57501983e+01 
 2.55835142e+06  1.51276382e-04  6.60757238e+01 
 2.58782750e+06  1.53211091e-04  6.63964683e+01 
 2.61764319e+06  1.55169305e-04  6.67121923e+01 
 2.64780240e+06  1.57145835e-04  6.70221559e+01 
 2.67830910e+06  1.59145758e-04  6.73272516e+01 
 2.70916727e+06  1.61169032e-04  6.76275363e+01 
 2.74038098e+06  1.63210434e-04  6.79223311e+01 
 2.77195432e+06  1.65283726e-04  6.82136676e+01 
 2.80389144e+06  1.67371587e-04  6.84991784e+01 
 2.83619651e+06  1.69480867e-04  6.87799242e+01 
 2.86887379e+06  1.71618473e-04  6.90568716e+01 
 2.90192756e+06  1.73780904e-04  6.93295981e+01 
 2.93536216e+06  1.75961146e-04  6.95973044e+01 
 2.96918198e+06  1.78173116e-04  6.98617503e+01 
 3.00339145e+06  1.80402805e-04  7.01213128e+01 
 3.03799507e+06  1.82664179e-04  7.03776702e+01 
 3.07299737e+06  1.84939666e-04  7.06288997e+01 
 3.10840296e+06  1.87246781e-04  7.08770036e+01 
 3.14421647e+06  1.89578473e-04  7.11212479e+01 
 3.18044260e+06  1.91941768e-04  7.13623948e+01 
 3.21708612e+06  1.94322521e-04  7.15990569e+01 
 3.25415182e+06  1.96727747e-04  7.18320149e+01 
 3.29164458e+06  1.99168047e-04  7.20623112e+01 
 3.32956931e+06  2.01636330e-04  7.22892818e+01 
 3.36793099e+06  2.04129020e-04  7.25126435e+01 
 3.40673466e+06  2.06646083e-04  7.27324512e+01 
 3.44598540e+06  2.09191046e-04  7.29490586e+01 
 3.48568837e+06  2.11756757e-04  7.31619149e+01 
 3.52584878e+06  2.14368155e-04  7.33730903e+01 
 3.56647189e+06  2.16993117e-04  7.35800129e+01 
 3.60756305e+06  2.19653036e-04  7.37844280e+01 
 3.64912764e+06  2.22347912e-04  7.39863317e+01 
 3.69117112e+06  2.25063405e-04  7.41846888e+01 
 3.73369900e+06  2.27817410e-04  7.43808360e+01 
 3.77671687e+06  2.30588386e-04  7.45732794e+01 
 3.82023036e+06  2.33397846e-04  7.47635533e+01 
 3.86424520e+06  2.36242197e-04  7.49514094e+01 
 3.90876716e+06  2.39110632e-04  7.51361671e+01 
 3.95380208e+06  2.42021136e-04  7.53190008e+01 
 3.99935587e+06  2.44948473e-04  7.54983596e+01 
 4.04543450e+06  2.47928686e-04  7.56764620e+01 
 4.09204403e+06  2.50929301e-04  7.58513707e+01 
 4.13919058e+06  2.53961120e-04  7.60237676e+01 
 4.18688032e+06  2.57024126e-04  7.61936801e+01 
 4.23511952e+06  2.60136402e-04  7.63621040e+01 
 4.28391452e+06  2.63268988e-04  7.65274879e+01 
 4.33327170e+06  2.66447220e-04  7.66911936e+01 
 4.38319755e+06  2.69649341e-04  7.68521184e+01 
 4.43369862e+06  2.72897101e-04  7.70113740e+01 
 4.48478155e+06  2.76175977e-04  7.71682552e+01 
 4.53645302e+06  2.79482317e-04  7.73226265e+01 
 4.58871983e+06  2.82837916e-04  7.74755143e+01 
 4.64158883e+06  2.86231869e-04  7.76264134e+01 
 4.69506697e+06  2.89653247e-04  7.77748668e+01 
 4.74916125e+06  2.93127524e-04  7.79219861e+01 
 4.80387878e+06  2.96625558e-04  7.80665502e+01 
 4.85922674e+06  3.00172844e-04  7.82096322e+01 
 4.91521239e+06  3.03754795e-04  7.83506477e+01 
 4.97184308e+06  3.07375047e-04  7.84897608e+01 
 5.02912624e+06  3.11037243e-04  7.86271227e+01 
 5.08706939e+06  3.14755993e-04  7.87632688e+01 
 5.14568013e+06  3.18494758e-04  7.88968796e+01 
 5.20496616e+06  3.22282758e-04  7.90290277e+01 
 5.26493525e+06  3.26112680e-04  7.91594586e+01 
 5.32559528e+06  3.29984517e-04  7.92881831e+01 
 5.38695420e+06  3.33909248e-04  7.94155650e+01 
 5.44902008e+06  3.37857572e-04  7.95406744e+01 
 5.51180104e+06  3.41858778e-04  7.96644611e+01 
 5.57530533e+06  3.45920202e-04  7.97871335e+01 
 5.63954130e+06  3.50027188e-04  7.99082403e+01 
 5.70451735e+06  3.54150378e-04  8.00269549e+01 
 5.77024203e+06  3.58341118e-04  8.01447716e+01 
 5.83672396e+06  3.62577399e-04  8.02610589e+01 
 5.90397186e+06  3.66873904e-04  8.03762159e+01 
 5.97199455e+06  3.71193902e-04  8.04892763e+01 
 6.04080098e+06  3.75574117e-04  8.06012199e+01 
 6.11040015e+06  3.80007202e-04  8.07118512e+01 
 6.18080121e+06  3.84500514e-04  8.08213474e+01 
 6.25201340e+06  3.89009912e-04  8.09286594e+01 
 6.32404607e+06  3.93594239e-04  8.10352019e+01 
 6.39690866e+06  3.98231428e-04  8.11404463e+01 
 6.47061073e+06  4.02921476e-04  8.12443964e+01 
 6.54516197e+06  4.07657015e-04  8.13468993e+01 
 6.62057214e+06  4.12452770e-04  8.14482790e+01 
 6.69685116e+06  4.17301375e-04  8.15483803e+01 
 6.77400903e+06  4.22188082e-04  8.16469163e+01 
 6.85205587e+06  4.27149743e-04  8.17446321e+01 
 6.93100193e+06  4.32164244e-04  8.18410848e+01 
 7.01085757e+06  4.37238958e-04  8.19364202e+01 
 7.09163327e+06  4.42381261e-04  8.20307719e+01 
 7.17333962e+06  4.47554258e-04  8.21234778e+01 
 7.25598736e+06  4.52794838e-04  8.22152142e+01 
 7.33958732e+06  4.58095619e-04  8.23058493e+01 
 7.42415048e+06  4.63463987e-04  8.23955077e+01 
 7.50968794e+06  4.68885169e-04  8.24839461e+01 
 7.59621092e+06  4.74373935e-04  8.25714099e+01 
 7.68373077e+06  4.79930287e-04  8.26578957e+01 
 7.77225899e+06  4.85532053e-04  8.27430679e+01 
 7.86180718e+06  4.91216182e-04  8.28274908e+01 
 7.95238711e+06  4.96953109e-04  8.29107240e+01 
 8.04401065e+06  5.02742825e-04  8.29927824e+01 
 8.13668983e+06  5.08622304e-04  8.30741867e+01 
 8.23043682e+06  5.14561965e-04  8.31545215e+01 
 8.32526392e+06  5.20576602e-04  8.32339887e+01 
 8.42118357e+06  5.26651417e-04  8.33123957e+01 
 8.51820836e+06  5.32786404e-04  8.33897522e+01 
 8.61635102e+06  5.39011166e-04  8.34664288e+01 
 8.71562443e+06  5.45281291e-04  8.35418828e+01 
 8.81604162e+06  5.51626385e-04  8.36164816e+01 
 8.91761577e+06  5.58076068e-04  8.36905606e+01 
 9.02036021e+06  5.64563696e-04  8.37633576e+01 
 9.12428842e+06  5.71141104e-04  8.38354635e+01 
 9.22941404e+06  5.77786073e-04  8.39066333e+01 
 9.33575087e+06  5.84520826e-04  8.39771043e+01 
 9.44331286e+06  5.91323137e-04  8.40466436e+01 
 9.55211412e+06  5.98193002e-04  8.41152597e+01 
 9.66216894e+06  6.05174887e-04  8.41833899e+01 
 9.77349176e+06  6.12194675e-04  8.42503153e+01 
 9.88609719e+06  6.19319074e-04  8.43166788e+01 
 1.00000000e+07  6.26511019e-04  8.43821332e+01 
 1.01152151e+07  6.33800165e-04  8.44469491e+01 
 1.02317577e+07  6.41149436e-04  8.45108006e+01 
 1.03496431e+07  6.48625577e-04  8.45742628e+01 
 1.04688866e+07  6.56154421e-04  8.46367044e+01 
 1.05895041e+07  6.63765633e-04  8.46983829e+01 
 1.07115112e+07  6.71481468e-04  8.47594759e+01 
 1.08349240e+07  6.79272252e-04  8.48197482e+01 
 1.09597588e+07  6.87152820e-04  8.48793190e+01 
 1.10860318e+07  6.95123172e-04  8.49381891e+01 
 1.12137597e+07  7.03212996e-04  8.49965716e+01 
 1.13429592e+07  7.11348071e-04  8.50539365e+01 
 1.14736472e+07  7.19602619e-04  8.51108132e+01 
 1.16058410e+07  7.27961797e-04  8.51670915e+01 
 1.17395579e+07  7.36395908e-04  8.52225747e+01 
 1.18748154e+07  7.44934648e-04  8.52774620e+01 
 1.20116312e+07  7.53578018e-04  8.53317506e+01 
 1.21500234e+07  7.62311167e-04  8.53853487e+01 
 1.22900101e+07  7.71148945e-04  8.54383490e+01 
 1.24316096e+07  7.80076498e-04  8.54906646e+01 
 1.25748406e+07  7.89123536e-04  8.55424689e+01 
 1.27197218e+07  7.98275204e-04  8.55936741e+01 
 1.28662722e+07  8.07546360e-04  8.56443609e+01 
 1.30145112e+07  8.16847852e-04  8.56940540e+01 
 1.31644581e+07  8.26328266e-04  8.57435485e+01 
 1.33161325e+07  8.35898447e-04  8.57923698e+01 
 1.34695546e+07  8.45558394e-04  8.58405253e+01 
 1.36247442e+07  8.55382415e-04  8.58883802e+01 
 1.37817219e+07  8.65296202e-04  8.59355680e+01 
 1.39405082e+07  8.75270020e-04  8.59819601e+01 
 1.41011240e+07  8.85393053e-04  8.60279749e+01 
 1.42635903e+07  8.95650439e-04  8.60735369e+01 
 1.44279285e+07  9.06012448e-04  8.61185136e+01 
 1.45941600e+07  9.16508812e-04  8.61630342e+01 
 1.47623069e+07  9.27109797e-04  8.62069731e+01 
 1.49323910e+07  9.37845139e-04  8.62504543e+01 
 1.51044348e+07  9.48685098e-04  8.62933587e+01 
 1.52784607e+07  9.59659413e-04  8.63358053e+01 
 1.54544917e+07  9.70738342e-04  8.63776811e+01 
 1.56325509e+07  9.81966500e-04  8.64191550e+01 
 1.58126615e+07  9.93329014e-04  8.64601687e+01 
 1.59948473e+07  1.00479614e-03  8.65006178e+01 
 1.61791322e+07  1.01645712e-03  8.65408130e+01 
 1.63655403e+07  1.02820783e-03  8.65803936e+01 
 1.65540961e+07  1.04007803e-03  8.66194670e+01 
 1.67448244e+07  1.05211233e-03  8.66581790e+01 
 1.69377501e+07  1.06426611e-03  8.66963852e+01 
 1.71328986e+07  1.07655425e-03  8.67341354e+01 
 1.73302956e+07  1.08902138e-03  8.67715633e+01 
 1.75299668e+07  1.10157822e-03  8.68084029e+01 
 1.77319386e+07  1.11432894e-03  8.68449603e+01 
 1.79362374e+07  1.12719913e-03  8.68810203e+01 
 1.81428900e+07  1.14020367e-03  8.69166287e+01 
 1.83519236e+07  1.15337232e-03  8.69518670e+01 
 1.85633655e+07  1.16671997e-03  8.69867713e+01 
 1.87772436e+07  1.18018709e-03  8.70211868e+01 
 1.89935859e+07  1.19383320e-03  8.70552667e+01 
 1.92124208e+07  1.20761366e-03  8.70888994e+01 
 1.94337770e+07  1.22158801e-03  8.71222294e+01 
 1.96576835e+07  1.23566693e-03  8.71550456e+01 
 1.98841698e+07  1.24993973e-03  8.71875581e+01 
 2.01132655e+07  1.26437665e-03  8.72196968e+01 
 2.03450008e+07  1.27899256e-03  8.72514940e+01 
 2.05794060e+07  1.29372793e-03  8.72828230e+01 
 2.08165120e+07  1.30865718e-03  8.73138438e+01 
 2.10563497e+07  1.32379520e-03  8.73445833e+01 
 2.12989507e+07  1.33906757e-03  8.73748905e+01 
 2.15443469e+07  1.35453381e-03  8.74048852e+01 
 2.17925704e+07  1.37016417e-03  8.74345095e+01 
 2.20436538e+07  1.38594375e-03  8.74637381e+01 
 2.22976301e+07  1.40199164e-03  8.74927883e+01 
 2.25545326e+07  1.41818876e-03  8.75214413e+01 
 2.28143949e+07  1.43450533e-03  8.75496508e+01 
 2.30772513e+07  1.45103067e-03  8.75775740e+01 
 2.33431362e+07  1.46782433e-03  8.76053059e+01 
 2.36120845e+07  1.48476721e-03  8.76326479e+01 
 2.38841315e+07  1.50185931e-03  8.76596051e+01 
 2.41593128e+07  1.51921973e-03  8.76863641e+01 
 2.44376647e+07  1.53675916e-03  8.77127845e+01 
 2.47192236e+07  1.55450735e-03  8.77389120e+01 
 2.50040265e+07  1.57240476e-03  8.77646614e+01 
 2.52921107e+07  1.59054072e-03  8.77901624e+01 
 2.55835142e+07  1.60891524e-03  8.78154122e+01 
 2.58782750e+07  1.62749852e-03  8.78403685e+01 
 2.61764319e+07  1.64623102e-03  8.78649546e+01 
 2.64780240e+07  1.66523185e-03  8.78893274e+01 
 2.67830910e+07  1.68441168e-03  8.79133717e+01 
 2.70916727e+07  1.70385983e-03  8.79371993e+01 
 2.74038098e+07  1.72354655e-03  8.79607712e+01 
 2.77195432e+07  1.74344204e-03  8.79840518e+01 
 2.80389144e+07  1.76351651e-03  8.80070092e+01 
 2.83619651e+07  1.78388911e-03  8.80297790e+01 
 2.86887379e+07  1.80444069e-03  8.80522275e+01 
 2.90192756e+07  1.82526062e-03  8.80744534e+01 
 2.93536216e+07  1.84631910e-03  8.80964237e+01 
 2.96918198e+07  1.86761613e-03  8.81181388e+01 
 3.00339145e+07  1.88915172e-03  8.81395989e+01 
 3.03799507e+07  1.91095566e-03  8.81608334e+01 
 3.07299737e+07  1.93302793e-03  8.81818411e+01 
 3.10840296e+07  1.95524940e-03  8.82025114e+01 
 3.14421647e+07  1.97782857e-03  8.82230385e+01 
 3.18044260e+07  2.00064630e-03  8.82433116e+01 
 3.21708612e+07  2.02364300e-03  8.82632808e+01 
 3.25415182e+07  2.04705699e-03  8.82831512e+01 
 3.29164458e+07  2.07064995e-03  8.83027188e+01 
 3.32956931e+07  2.09454105e-03  8.83220842e+01 
 3.36793099e+07  2.11870048e-03  8.83412229e+01 
 3.40673466e+07  2.14312826e-03  8.83601352e+01 
 3.44598540e+07  2.16776481e-03  8.83787772e+01 
 3.48568837e+07  2.19281864e-03  8.83973053e+01 
 3.52584878e+07  2.21808124e-03  8.84155637e+01 
 3.56647189e+07  2.24367175e-03  8.84336398e+01 
 3.60756305e+07  2.26953061e-03  8.84514912e+01 
 3.64912764e+07  2.29571740e-03  8.84691590e+01 
 3.69117112e+07  2.32217252e-03  8.84866031e+01 
 3.73369900e+07  2.34895557e-03  8.85038630e+01 
 3.77671687e+07  2.37600696e-03  8.85209007e+01 
 3.82023036e+07  2.40338627e-03  8.85377543e+01 
 3.86424520e+07  2.43115310e-03  8.85544586e+01 
 3.90876716e+07  2.45912867e-03  8.85709069e+01 
 3.95380208e+07  2.48755134e-03  8.85872390e+01 
 3.99935587e+07  2.51615298e-03  8.86033014e+01 
 4.04543450e+07  2.54514212e-03  8.86192129e+01 
 4.09204403e+07  2.57448898e-03  8.86349557e+01 
 4.13919058e+07  2.60419356e-03  8.86505289e+01 
 4.18688032e+07  2.63422606e-03  8.86659169e+01 
 4.23511952e+07  2.66458649e-03  8.86811202e+01 
 4.28391452e+07  2.69530464e-03  8.86961540e+01 
 4.33327170e+07  2.72635071e-03  8.87110040e+01 
 4.38319755e+07  2.75775450e-03  8.87256848e+01 
 4.43369862e+07  2.78957560e-03  8.87402235e+01 
 4.48478155e+07  2.82175441e-03  8.87545921e+01 
 4.53645302e+07  2.85429095e-03  8.87687909e+01 
 4.58871983e+07  2.88718520e-03  8.87828205e+01 
 4.64158883e+07  2.92043718e-03  8.87966813e+01 
 4.69506697e+07  2.95410646e-03  8.88103981e+01 
 4.74916125e+07  2.98813346e-03  8.88239465e+01 
 4.80387878e+07  3.02263736e-03  8.88373732e+01 
 4.85922674e+07  3.05743939e-03  8.88506089e+01 
 4.91521239e+07  3.09259913e-03  8.88636780e+01 
 4.97184308e+07  3.12823578e-03  8.88766246e+01 
 5.02912624e+07  3.16434933e-03  8.88894469e+01 
 5.08706939e+07  3.20088020e-03  8.89021230e+01 
 5.14568013e+07  3.23776878e-03  8.89146328e+01 
 5.20496616e+07  3.27495548e-03  8.89269585e+01 
 5.26493525e+07  3.31273827e-03  8.89391983e+01 
 5.32559528e+07  3.35099797e-03  8.89513113e+01 
 5.38695420e+07  3.38949619e-03  8.89632237e+01 
 5.44902008e+07  3.42865011e-03  8.89750646e+01 
 5.51180104e+07  3.46810214e-03  8.89867252e+01 
 5.57530533e+07  3.50809067e-03  8.89982766e+01 
 5.63954130e+07  3.54855611e-03  8.90097008e+01 
 5.70451735e+07  3.58943886e-03  8.90209811e+01 
 5.77024203e+07  3.63079851e-03  8.90321346e+01 
 5.83672396e+07  3.67263507e-03  8.90431610e+01 
 5.90397186e+07  3.71494854e-03  8.90540604e+01 
 5.97199455e+07  3.75779850e-03  8.90648479e+01 
 6.04080098e+07  3.80112537e-03  8.90755081e+01 
 6.11040015e+07  3.84480996e-03  8.90860131e+01 
 6.18080121e+07  3.88915023e-03  8.90964343e+01 
 6.25201340e+07  3.93402701e-03  8.91067424e+01 
 6.32404607e+07  3.97944030e-03  8.91169371e+01 
 6.39690866e+07  4.02521129e-03  8.91269793e+01 
 6.47061073e+07  4.07169758e-03  8.91369473e+01 
 6.54516197e+07  4.11854157e-03  8.91467643e+01 
 6.62057214e+07  4.16598167e-03  8.91564812e+01 
 6.69685116e+07  4.21395827e-03  8.91660855e+01 
 6.77400903e+07  4.26265016e-03  8.91756119e+01 
 6.85205587e+07  4.31175937e-03  8.91850020e+01 
 6.93100193e+07  4.36152427e-03  8.91943017e+01 
 7.01085757e+07  4.41176607e-03  8.92034777e+01 
 7.09163327e+07  4.46254438e-03  8.92125418e+01 
 7.17333962e+07  4.51397838e-03  8.92215149e+01 
 7.25598736e+07  4.56600849e-03  8.92303864e+01 
 7.33958732e+07  4.61857510e-03  8.92391463e+01 
 7.42415048e+07  4.67179741e-03  8.92478147e+01 
 7.50968794e+07  4.72561581e-03  8.92563815e+01 
 7.59621092e+07  4.77997072e-03  8.92648380e+01 
 7.68373077e+07  4.83516013e-03  8.92732297e+01 
 7.77225899e+07  4.89094564e-03  8.92815196e+01 
 7.86180718e+07  4.94726766e-03  8.92896996e+01 
 7.95238711e+07  5.00430497e-03  8.92977957e+01 
 8.04401065e+07  5.06187878e-03  8.93057830e+01 
 8.13668983e+07  5.12028709e-03  8.93137025e+01 
 8.23043682e+07  5.17923190e-03  8.93215136e+01 
 8.32526392e+07  5.23883242e-03  8.93292329e+01 
 8.42118357e+07  5.29926743e-03  8.93368829e+01 
 8.51820836e+07  5.36035815e-03  8.93444406e+01 
 8.61635102e+07  5.42210457e-03  8.93519064e+01 
 8.71562443e+07  5.48456628e-03  8.93592876e+01 
 8.81604162e+07  5.54762410e-03  8.93665707e+01 
 8.91761577e+07  5.61175482e-03  8.93738098e+01 
 9.02036021e+07  5.67660085e-03  8.93809633e+01 
 9.12428842e+07  5.74180457e-03  8.93879933e+01 
 9.22941404e+07  5.80796199e-03  8.93949648e+01 
 9.33575087e+07  5.87495392e-03  8.94018643e+01 
 9.44331286e+07  5.94266115e-03  8.94086793e+01 
 9.55211412e+07  6.01084527e-03  8.94153872e+01 
 9.66216894e+07  6.08034071e-03  8.94220693e+01 
 9.77349176e+07  6.15031304e-03  8.94286446e+01 
 9.88609719e+07  6.22135829e-03  8.94351695e+01 
 1.00000000e+08  6.29276122e-03  8.94415787e+01 
