 frequency       Youtmag         Youtphdeg      
 1.00000000e+05  3.06229201e-02 -3.73121993e+00 
 1.01152151e+05  3.06213961e-02 -3.77408437e+00 
 1.02317577e+05  3.06198371e-02 -3.81743835e+00 
 1.03496431e+05  3.06182422e-02 -3.86128732e+00 
 1.04688866e+05  3.06166105e-02 -3.90563651e+00 
 1.05895041e+05  3.06149413e-02 -3.95049228e+00 
 1.07115112e+05  3.06132337e-02 -3.99585946e+00 
 1.08349240e+05  3.06114869e-02 -4.04174466e+00 
 1.09597588e+05  3.06096998e-02 -4.08815231e+00 
 1.10860318e+05  3.06078717e-02 -4.13508969e+00 
 1.12137597e+05  3.06060015e-02 -4.18256260e+00 
 1.13429592e+05  3.06040883e-02 -4.23057639e+00 
 1.14736472e+05  3.06021312e-02 -4.27913646e+00 
 1.16058410e+05  3.06001290e-02 -4.32824994e+00 
 1.17395579e+05  3.05980809e-02 -4.37792271e+00 
 1.18748154e+05  3.05959858e-02 -4.42816151e+00 
 1.20116312e+05  3.05938425e-02 -4.47897182e+00 
 1.21500234e+05  3.05916500e-02 -4.53036066e+00 
 1.22900101e+05  3.05894072e-02 -4.58233334e+00 
 1.24316096e+05  3.05871129e-02 -4.63489757e+00 
 1.25748406e+05  3.05847660e-02 -4.68805936e+00 
 1.27197218e+05  3.05823652e-02 -4.74182475e+00 
 1.28662722e+05  3.05799094e-02 -4.79620132e+00 
 1.30145112e+05  3.05773973e-02 -4.85119537e+00 
 1.31644581e+05  3.05748276e-02 -4.90681391e+00 
 1.33161325e+05  3.05721990e-02 -4.96306396e+00 
 1.34695546e+05  3.05695102e-02 -5.01995255e+00 
 1.36247442e+05  3.05667597e-02 -5.07748549e+00 
 1.37817219e+05  3.05639463e-02 -5.13567140e+00 
 1.39405082e+05  3.05610685e-02 -5.19451593e+00 
 1.41011240e+05  3.05581249e-02 -5.25402800e+00 
 1.42635903e+05  3.05551138e-02 -5.31421332e+00 
 1.44279285e+05  3.05520339e-02 -5.37508025e+00 
 1.45941600e+05  3.05488836e-02 -5.43663631e+00 
 1.47623069e+05  3.05456613e-02 -5.49888819e+00 
 1.49323910e+05  3.05423654e-02 -5.56184438e+00 
 1.51044348e+05  3.05389941e-02 -5.62551166e+00 
 1.52784607e+05  3.05355459e-02 -5.68989816e+00 
 1.54544917e+05  3.05320190e-02 -5.75501184e+00 
 1.56325509e+05  3.05284115e-02 -5.82086050e+00 
 1.58126615e+05  3.05247218e-02 -5.88745155e+00 
 1.59948473e+05  3.05209479e-02 -5.95479310e+00 
 1.61791322e+05  3.05170880e-02 -6.02289376e+00 
 1.63655403e+05  3.05131402e-02 -6.09176195e+00 
 1.65540961e+05  3.05091025e-02 -6.16140575e+00 
 1.67448244e+05  3.05049727e-02 -6.23183175e+00 
 1.69377501e+05  3.05007491e-02 -6.30305074e+00 
 1.71328986e+05  3.04964293e-02 -6.37507075e+00 
 1.73302956e+05  3.04920113e-02 -6.44789770e+00 
 1.75299668e+05  3.04874928e-02 -6.52154322e+00 
 1.77319386e+05  3.04828718e-02 -6.59601553e+00 
 1.79362374e+05  3.04781458e-02 -6.67132251e+00 
 1.81428900e+05  3.04733125e-02 -6.74747339e+00 
 1.83519236e+05  3.04683695e-02 -6.82447705e+00 
 1.85633655e+05  3.04633145e-02 -6.90234202e+00 
 1.87772436e+05  3.04581449e-02 -6.98107821e+00 
 1.89935859e+05  3.04528581e-02 -7.06069344e+00 
 1.92124208e+05  3.04474517e-02 -7.14119823e+00 
 1.94337770e+05  3.04419230e-02 -7.22260187e+00 
 1.96576835e+05  3.04362692e-02 -7.30491288e+00 
 1.98841698e+05  3.04304875e-02 -7.38813988e+00 
 2.01132655e+05  3.04245753e-02 -7.47229463e+00 
 2.03450008e+05  3.04185296e-02 -7.55738680e+00 
 2.05794060e+05  3.04123475e-02 -7.64342270e+00 
 2.08165120e+05  3.04060259e-02 -7.73041527e+00 
 2.10563497e+05  3.03995620e-02 -7.81837320e+00 
 2.12989507e+05  3.03929523e-02 -7.90730487e+00 
 2.15443469e+05  3.03861940e-02 -7.99722356e+00 
 2.17925704e+05  3.03792837e-02 -8.08813744e+00 
 2.20436538e+05  3.03722180e-02 -8.18005612e+00 
 2.22976301e+05  3.03649937e-02 -8.27299063e+00 
 2.25545326e+05  3.03576072e-02 -8.36694998e+00 
 2.28143949e+05  3.03500551e-02 -8.46194547e+00 
 2.30772513e+05  3.03423337e-02 -8.55798724e+00 
 2.33431362e+05  3.03344394e-02 -8.65508601e+00 
 2.36120845e+05  3.03263684e-02 -8.75325091e+00 
 2.38841315e+05  3.03181171e-02 -8.85249470e+00 
 2.41593128e+05  3.03096814e-02 -8.95282637e+00 
 2.44376647e+05  3.03010573e-02 -9.05425641e+00 
 2.47192236e+05  3.02922411e-02 -9.15679763e+00 
 2.50040265e+05  3.02832284e-02 -9.26045908e+00 
 2.52921107e+05  3.02740150e-02 -9.36525089e+00 
 2.55835142e+05  3.02645967e-02 -9.47118553e+00 
 2.58782750e+05  3.02549692e-02 -9.57827304e+00 
 2.61764319e+05  3.02451280e-02 -9.68652584e+00 
 2.64780240e+05  3.02350685e-02 -9.79595306e+00 
 2.67830910e+05  3.02247862e-02 -9.90656708e+00 
 2.70916727e+05  3.02142763e-02 -1.00183783e+01 
 2.74038098e+05  3.02035342e-02 -1.01313992e+01 
 2.77195432e+05  3.01925549e-02 -1.02456409e+01 
 2.80389144e+05  3.01813333e-02 -1.03611128e+01 
 2.83619651e+05  3.01698645e-02 -1.04778279e+01 
 2.86887379e+05  3.01581433e-02 -1.05957971e+01 
 2.90192756e+05  3.01461644e-02 -1.07150323e+01 
 2.93536216e+05  3.01339227e-02 -1.08355454e+01 
 2.96918198e+05  3.01214125e-02 -1.09573460e+01 
 3.00339145e+05  3.01086283e-02 -1.10804470e+01 
 3.03799507e+05  3.00955644e-02 -1.12048588e+01 
 3.07299737e+05  3.00822154e-02 -1.13305958e+01 
 3.10840296e+05  3.00685750e-02 -1.14576661e+01 
 3.14421647e+05  3.00546377e-02 -1.15860840e+01 
 3.18044260e+05  3.00403972e-02 -1.17158595e+01 
 3.21708612e+05  3.00258473e-02 -1.18470043e+01 
 3.25415182e+05  3.00109821e-02 -1.19795318e+01 
 3.29164458e+05  2.99957948e-02 -1.21134513e+01 
 3.32956931e+05  2.99802793e-02 -1.22487759e+01 
 3.36793099e+05  2.99644288e-02 -1.23855169e+01 
 3.40673466e+05  2.99482368e-02 -1.25236860e+01 
 3.44598540e+05  2.99316964e-02 -1.26632938e+01 
 3.48568837e+05  2.99148006e-02 -1.28043528e+01 
 3.52584878e+05  2.98975428e-02 -1.29468757e+01 
 3.56647189e+05  2.98799156e-02 -1.30908731e+01 
 3.60756305e+05  2.98619118e-02 -1.32363557e+01 
 3.64912764e+05  2.98435239e-02 -1.33833351e+01 
 3.69117112e+05  2.98247449e-02 -1.35318245e+01 
 3.73369900e+05  2.98055672e-02 -1.36818354e+01 
 3.77671687e+05  2.97859826e-02 -1.38333760e+01 
 3.82023036e+05  2.97659836e-02 -1.39864583e+01 
 3.86424520e+05  2.97455625e-02 -1.41410959e+01 
 3.90876716e+05  2.97247111e-02 -1.42972983e+01 
 3.95380208e+05  2.97034215e-02 -1.44550782e+01 
 3.99935587e+05  2.96816855e-02 -1.46144460e+01 
 4.04543450e+05  2.96594945e-02 -1.47754111e+01 
 4.09204403e+05  2.96368402e-02 -1.49379858e+01 
 4.13919058e+05  2.96137140e-02 -1.51021803e+01 
 4.18688032e+05  2.95901072e-02 -1.52680046e+01 
 4.23511952e+05  2.95660114e-02 -1.54354715e+01 
 4.28391452e+05  2.95414171e-02 -1.56045878e+01 
 4.33327170e+05  2.95163157e-02 -1.57753665e+01 
 4.38319755e+05  2.94906982e-02 -1.59478172e+01 
 4.43369862e+05  2.94645552e-02 -1.61219488e+01 
 4.48478155e+05  2.94378778e-02 -1.62977746e+01 
 4.53645302e+05  2.94106562e-02 -1.64753003e+01 
 4.58871983e+05  2.93828809e-02 -1.66545359e+01 
 4.64158883e+05  2.93545424e-02 -1.68354910e+01 
 4.69506697e+05  2.93256314e-02 -1.70181775e+01 
 4.74916125e+05  2.92961373e-02 -1.72025994e+01 
 4.80387878e+05  2.92660510e-02 -1.73887689e+01 
 4.85922674e+05  2.92353626e-02 -1.75766963e+01 
 4.91521239e+05  2.92040613e-02 -1.77663839e+01 
 4.97184308e+05  2.91721377e-02 -1.79578448e+01 
 5.02912624e+05  2.91395813e-02 -1.81510843e+01 
 5.08706939e+05  2.91063818e-02 -1.83461100e+01 
 5.14568013e+05  2.90725292e-02 -1.85429317e+01 
 5.20496616e+05  2.90380129e-02 -1.87415541e+01 
 5.26493525e+05  2.90028226e-02 -1.89419857e+01 
 5.32559528e+05  2.89669471e-02 -1.91442288e+01 
 5.38695420e+05  2.89303766e-02 -1.93482942e+01 
 5.44902008e+05  2.88931002e-02 -1.95541854e+01 
 5.51180104e+05  2.88551075e-02 -1.97619095e+01 
 5.57530533e+05  2.88163869e-02 -1.99714668e+01 
 5.63954130e+05  2.87769292e-02 -2.01828707e+01 
 5.70451735e+05  2.87367221e-02 -2.03961170e+01 
 5.77024203e+05  2.86957558e-02 -2.06112152e+01 
 5.83672396e+05  2.86540193e-02 -2.08281674e+01 
 5.90397186e+05  2.86115011e-02 -2.10469739e+01 
 5.97199455e+05  2.85681917e-02 -2.12676434e+01 
 6.04080098e+05  2.85240791e-02 -2.14901731e+01 
 6.11040015e+05  2.84791532e-02 -2.17145677e+01 
 6.18080121e+05  2.84334030e-02 -2.19408282e+01 
 6.25201340e+05  2.83868178e-02 -2.21689552e+01 
 6.32404607e+05  2.83393864e-02 -2.23989475e+01 
 6.39690866e+05  2.82910995e-02 -2.26308113e+01 
 6.47061073e+05  2.82419450e-02 -2.28645393e+01 
 6.54516197e+05  2.81919132e-02 -2.31001345e+01 
 6.62057214e+05  2.81409938e-02 -2.33375960e+01 
 6.69685116e+05  2.80891755e-02 -2.35769182e+01 
 6.77400903e+05  2.80364484e-02 -2.38181004e+01 
 6.85205587e+05  2.79828030e-02 -2.40611421e+01 
 6.93100193e+05  2.79282283e-02 -2.43060358e+01 
 7.01085757e+05  2.78727150e-02 -2.45527810e+01 
 7.09163327e+05  2.78162530e-02 -2.48013709e+01 
 7.17333962e+05  2.77588331e-02 -2.50518024e+01 
 7.25598736e+05  2.77004441e-02 -2.53040623e+01 
 7.33958732e+05  2.76410787e-02 -2.55581534e+01 
 7.42415048e+05  2.75807262e-02 -2.58140614e+01 
 7.50968794e+05  2.75193785e-02 -2.60717827e+01 
 7.59621092e+05  2.74570264e-02 -2.63313067e+01 
 7.68373077e+05  2.73936622e-02 -2.65926285e+01 
 7.77225899e+05  2.73292759e-02 -2.68557310e+01 
 7.86180718e+05  2.72638608e-02 -2.71206093e+01 
 7.95238711e+05  2.71974074e-02 -2.73872464e+01 
 8.04401065e+05  2.71299099e-02 -2.76556375e+01 
 8.13668983e+05  2.70613604e-02 -2.79257674e+01 
 8.23043682e+05  2.69917513e-02 -2.81976207e+01 
 8.32526392e+05  2.69210759e-02 -2.84711835e+01 
 8.42118357e+05  2.68493287e-02 -2.87464454e+01 
 8.51820836e+05  2.67765027e-02 -2.90233868e+01 
 8.61635102e+05  2.67025925e-02 -2.93019933e+01 
 8.71562443e+05  2.66275924e-02 -2.95822464e+01 
 8.81604162e+05  2.65514969e-02 -2.98641273e+01 
 8.91761577e+05  2.64743029e-02 -3.01476237e+01 
 9.02036021e+05  2.63960042e-02 -3.04327089e+01 
 9.12428842e+05  2.63165977e-02 -3.07193658e+01 
 9.22941404e+05  2.62360807e-02 -3.10075770e+01 
 9.33575087e+05  2.61544481e-02 -3.12973136e+01 
 9.44331286e+05  2.60717002e-02 -3.15885636e+01 
 9.55211412e+05  2.59878311e-02 -3.18812914e+01 
 9.66216894e+05  2.59028434e-02 -3.21754883e+01 
 9.77349176e+05  2.58167322e-02 -3.24711167e+01 
 9.88609719e+05  2.57294973e-02 -3.27681540e+01 
 1.00000000e+06  2.56411405e-02 -3.30665812e+01 
 1.01152151e+06  2.55516595e-02 -3.33663628e+01 
 1.02317577e+06  2.54610567e-02 -3.36674777e+01 
 1.03496431e+06  2.53693331e-02 -3.39698964e+01 
 1.04688866e+06  2.52764903e-02 -3.42735897e+01 
 1.05895041e+06  2.51825298e-02 -3.45785255e+01 
 1.07115112e+06  2.50874556e-02 -3.48846768e+01 
 1.08349240e+06  2.49912696e-02 -3.51920084e+01 
 1.09597588e+06  2.48939779e-02 -3.55004954e+01 
 1.10860318e+06  2.47955831e-02 -3.58100990e+01 
 1.12137597e+06  2.46960911e-02 -3.61207894e+01 
 1.13429592e+06  2.45955081e-02 -3.64325344e+01 
 1.14736472e+06  2.44938388e-02 -3.67452953e+01 
 1.16058410e+06  2.43910916e-02 -3.70590415e+01 
 1.17395579e+06  2.42872723e-02 -3.73737334e+01 
 1.18748154e+06  2.41823896e-02 -3.76893366e+01 
 1.20116312e+06  2.40764530e-02 -3.80058179e+01 
 1.21500234e+06  2.39694688e-02 -3.83231314e+01 
 1.22900101e+06  2.38614503e-02 -3.86412501e+01 
 1.24316096e+06  2.37524055e-02 -3.89601287e+01 
 1.25748406e+06  2.36423470e-02 -3.92797340e+01 
 1.27197218e+06  2.35312827e-02 -3.96000161e+01 
 1.28662722e+06  2.34192287e-02 -3.99209474e+01 
 1.30145112e+06  2.33061969e-02 -4.02424855e+01 
 1.31644581e+06  2.31921970e-02 -4.05645804e+01 
 1.33161325e+06  2.30772472e-02 -4.08872040e+01 
 1.34695546e+06  2.29613583e-02 -4.12103048e+01 
 1.36247442e+06  2.28445473e-02 -4.15338480e+01 
 1.37817219e+06  2.27268281e-02 -4.18577874e+01 
 1.39405082e+06  2.26082174e-02 -4.21820832e+01 
 1.41011240e+06  2.24887302e-02 -4.25066891e+01 
 1.42635903e+06  2.23683900e-02 -4.28315813e+01 
 1.44279285e+06  2.22472025e-02 -4.31566839e+01 
 1.45941600e+06  2.21251955e-02 -4.34819818e+01 
 1.47623069e+06  2.20023813e-02 -4.38074150e+01 
 1.49323910e+06  2.18787845e-02 -4.41329563e+01 
 1.51044348e+06  2.17544190e-02 -4.44585477e+01 
 1.52784607e+06  2.16293059e-02 -4.47841497e+01 
 1.54544917e+06  2.15034644e-02 -4.51097168e+01 
 1.56325509e+06  2.13769213e-02 -4.54352220e+01 
 1.58126615e+06  2.12496895e-02 -4.57606011e+01 
 1.59948473e+06  2.11217932e-02 -4.60858186e+01 
 1.61791322e+06  2.09932522e-02 -4.64108263e+01 
 1.63655403e+06  2.08640935e-02 -4.67355947e+01 
 1.65540961e+06  2.07343357e-02 -4.70600710e+01 
 1.67448244e+06  2.06039990e-02 -4.73842070e+01 
 1.69377501e+06  2.04731144e-02 -4.77079806e+01 
 1.71328986e+06  2.03416926e-02 -4.80313183e+01 
 1.73302956e+06  2.02097673e-02 -4.83542042e+01 
 1.75299668e+06  2.00773575e-02 -4.86765852e+01 
 1.77319386e+06  1.99444886e-02 -4.89984240e+01 
 1.79362374e+06  1.98111810e-02 -4.93196707e+01 
 1.81428900e+06  1.96774643e-02 -4.96402982e+01 
 1.83519236e+06  1.95433574e-02 -4.99602531e+01 
 1.85633655e+06  1.94088855e-02 -5.02794980e+01 
 1.87772436e+06  1.92740734e-02 -5.05979938e+01 
 1.89935859e+06  1.91389492e-02 -5.09157103e+01 
 1.92124208e+06  1.90035330e-02 -5.12325986e+01 
 1.94337770e+06  1.88678533e-02 -5.15486293e+01 
 1.96576835e+06  1.87319258e-02 -5.18637437e+01 
 1.98841698e+06  1.85957815e-02 -5.21779206e+01 
 2.01132655e+06  1.84594497e-02 -5.24911343e+01 
 2.03450008e+06  1.83229425e-02 -5.28033191e+01 
 2.05794060e+06  1.81862918e-02 -5.31144581e+01 
 2.08165120e+06  1.80495247e-02 -5.34245226e+01 
 2.10563497e+06  1.79126571e-02 -5.37334588e+01 
 2.12989507e+06  1.77757206e-02 -5.40412507e+01 
 2.15443469e+06  1.76387358e-02 -5.43478575e+01 
 2.17925704e+06  1.75017224e-02 -5.46532375e+01 
 2.20436538e+06  1.73647134e-02 -5.49573806e+01 
 2.22976301e+06  1.72277227e-02 -5.52602341e+01 
 2.25545326e+06  1.70907821e-02 -5.55617872e+01 
 2.28143949e+06  1.69539012e-02 -5.58619799e+01 
 2.30772513e+06  1.68171137e-02 -5.61608083e+01 
 2.33431362e+06  1.66804405e-02 -5.64582405e+01 
 2.36120845e+06  1.65439051e-02 -5.67542519e+01 
 2.38841315e+06  1.64075193e-02 -5.70487930e+01 
 2.41593128e+06  1.62713165e-02 -5.73418645e+01 
 2.44376647e+06  1.61353109e-02 -5.76334247e+01 
 2.47192236e+06  1.59995287e-02 -5.79234609e+01 
 2.50040265e+06  1.58639847e-02 -5.82119359e+01 
 2.52921107e+06  1.57287041e-02 -5.84988381e+01 
 2.55835142e+06  1.55937027e-02 -5.87841350e+01 
 2.58782750e+06  1.54589970e-02 -5.90677987e+01 
 2.61764319e+06  1.53246194e-02 -5.93498373e+01 
 2.64780240e+06  1.51905764e-02 -5.96302032e+01 
 2.67830910e+06  1.50568867e-02 -5.99088778e+01 
 2.70916727e+06  1.49235740e-02 -6.01858544e+01 
 2.74038098e+06  1.47906549e-02 -6.04611129e+01 
 2.77195432e+06  1.46581363e-02 -6.07346131e+01 
 2.80389144e+06  1.45260539e-02 -6.10063798e+01 
 2.83619651e+06  1.43944139e-02 -6.12763752e+01 
 2.86887379e+06  1.42632291e-02 -6.15445765e+01 
 2.90192756e+06  1.41325152e-02 -6.18109696e+01 
 2.93536216e+06  1.40022941e-02 -6.20755558e+01 
 2.96918198e+06  1.38725749e-02 -6.23383094e+01 
 3.00339145e+06  1.37433695e-02 -6.25992130e+01 
 3.03799507e+06  1.36146997e-02 -6.28582720e+01 
 3.07299737e+06  1.34865775e-02 -6.31154720e+01 
 3.10840296e+06  1.33590112e-02 -6.33707926e+01 
 3.14421647e+06  1.32320125e-02 -6.36242224e+01 
 3.18044260e+06  1.31055933e-02 -6.38757510e+01 
 3.21708612e+06  1.29797750e-02 -6.41253916e+01 
 3.25415182e+06  1.28545595e-02 -6.43731154e+01 
 3.29164458e+06  1.27299584e-02 -6.46189169e+01 
 3.32956931e+06  1.26059800e-02 -6.48627850e+01 
 3.36793099e+06  1.24826496e-02 -6.51047460e+01 
 3.40673466e+06  1.23599520e-02 -6.53447416e+01 
 3.44598540e+06  1.22379195e-02 -6.55828158e+01 
 3.48568837e+06  1.21165538e-02 -6.58189492e+01 
 3.52584878e+06  1.19958500e-02 -6.60531099e+01 
 3.56647189e+06  1.18758374e-02 -6.62853393e+01 
 3.60756305e+06  1.17565078e-02 -6.65156014e+01 
 3.64912764e+06  1.16378702e-02 -6.67438977e+01 
 3.69117112e+06  1.15199338e-02 -6.69702311e+01 
 3.73369900e+06  1.14027077e-02 -6.71946064e+01 
 3.77671687e+06  1.12861982e-02 -6.74170227e+01 
 3.82023036e+06  1.11704078e-02 -6.76374731e+01 
 3.86424520e+06  1.10553395e-02 -6.78559525e+01 
 3.90876716e+06  1.09410066e-02 -6.80724791e+01 
 3.95380208e+06  1.08273986e-02 -6.82870216e+01 
 3.99935587e+06  1.07145464e-02 -6.84996377e+01 
 4.04543450e+06  1.06024122e-02 -6.87102408e+01 
 4.09204403e+06  1.04910447e-02 -6.89189280e+01 
 4.13919058e+06  1.03804200e-02 -6.91256447e+01 
 4.18688032e+06  1.02705529e-02 -6.93304181e+01 
 4.23511952e+06  1.01614301e-02 -6.95332182e+01 
 4.28391452e+06  1.00530702e-02 -6.97340823e+01 
 4.33327170e+06  9.94546740e-03 -6.99329978e+01 
 4.38319755e+06  9.83863374e-03 -7.01299903e+01 
 4.43369862e+06  9.73256035e-03 -7.03250425e+01 
 4.48478155e+06  9.62724209e-03 -7.05181456e+01 
 4.53645302e+06  9.52269859e-03 -7.07093439e+01 
 4.58871983e+06  9.41891813e-03 -7.08986165e+01 
 4.64158883e+06  9.31589970e-03 -7.10859658e+01 
 4.69506697e+06  9.21365307e-03 -7.12714177e+01 
 4.74916125e+06  9.11216356e-03 -7.14549475e+01 
 4.80387878e+06  9.01144138e-03 -7.16365833e+01 
 4.85922674e+06  8.91147579e-03 -7.18163099e+01 
 4.91521239e+06  8.81229161e-03 -7.19941880e+01 
 4.97184308e+06  8.71385725e-03 -7.21701595e+01 
 5.02912624e+06  8.61619093e-03 -7.23442723e+01 
 5.08706939e+06  8.51927914e-03 -7.25165078e+01 
 5.14568013e+06  8.42312990e-03 -7.26868936e+01 
 5.20496616e+06  8.32773721e-03 -7.28554280e+01 
 5.26493525e+06  8.23308103e-03 -7.30220800e+01 
 5.32559528e+06  8.13920207e-03 -7.31869483e+01 
 5.38695420e+06  8.04605573e-03 -7.33499507e+01 
 5.44902008e+06  7.95366536e-03 -7.35111497e+01 
 5.51180104e+06  7.86201523e-03 -7.36705256e+01 
 5.57530533e+06  7.77110411e-03 -7.38280893e+01 
 5.63954130e+06  7.68091662e-03 -7.39838224e+01 
 5.70451735e+06  7.59149488e-03 -7.41378296e+01 
 5.77024203e+06  7.50278809e-03 -7.42900172e+01 
 5.83672396e+06  7.41480292e-03 -7.44404146e+01 
 5.90397186e+06  7.32753906e-03 -7.45890369e+01 
 5.97199455e+06  7.24101078e-03 -7.47359306e+01 
 6.04080098e+06  7.15518940e-03 -7.48810503e+01 
 6.11040015e+06  7.07007515e-03 -7.50244127e+01 
 6.18080121e+06  6.98566843e-03 -7.51660355e+01 
 6.25201340e+06  6.90198426e-03 -7.53059681e+01 
 6.32404607e+06  6.81898737e-03 -7.54441510e+01 
 6.39690866e+06  6.73667145e-03 -7.55805876e+01 
 6.47061073e+06  6.65505921e-03 -7.57153449e+01 
 6.54516197e+06  6.57413747e-03 -7.58484118e+01 
 6.62057214e+06  6.49388596e-03 -7.59797614e+01 
 6.69685116e+06  6.41430621e-03 -7.61094148e+01 
 6.77400903e+06  6.33542164e-03 -7.62374418e+01 
 6.85205587e+06  6.25716897e-03 -7.63637203e+01 
 6.93100193e+06  6.17960086e-03 -7.64883849e+01 
 7.01085757e+06  6.10267599e-03 -7.66113620e+01 
 7.09163327e+06  6.02641112e-03 -7.67327070e+01 
 7.17333962e+06  5.95080144e-03 -7.68524275e+01 
 7.25598736e+06  5.87581320e-03 -7.69704656e+01 
 7.33958732e+06  5.80145633e-03 -7.70868616e+01 
 7.42415048e+06  5.72773361e-03 -7.72016399e+01 
 7.50968794e+06  5.65464800e-03 -7.73148252e+01 
 7.59621092e+06  5.58217348e-03 -7.74263762e+01 
 7.68373077e+06  5.51029138e-03 -7.75362678e+01 
 7.77225899e+06  5.43904135e-03 -7.76446087e+01 
 7.86180718e+06  5.36836858e-03 -7.77512901e+01 
 7.95238711e+06  5.29832026e-03 -7.78564386e+01 
 8.04401065e+06  5.22886361e-03 -7.79599958e+01 
 8.13668983e+06  5.15995134e-03 -7.80618678e+01 
 8.23043682e+06  5.09165285e-03 -7.81622339e+01 
 8.32526392e+06  5.02391377e-03 -7.82609830e+01 
 8.42118357e+06  4.95674541e-03 -7.83581582e+01 
 8.51820836e+06  4.89013729e-03 -7.84537507e+01 
 8.61635102e+06  4.82409364e-03 -7.85477864e+01 
 8.71562443e+06  4.75858956e-03 -7.86402212e+01 
 8.81604162e+06  4.69362945e-03 -7.87310804e+01 
 8.91761577e+06  4.62918854e-03 -7.88203186e+01 
 9.02036021e+06  4.56530796e-03 -7.89080505e+01 
 9.12428842e+06  4.50194850e-03 -7.89941945e+01 
 9.22941404e+06  4.43910759e-03 -7.90787576e+01 
 9.33575087e+06  4.37677538e-03 -7.91617284e+01 
 9.44331286e+06  4.31494946e-03 -7.92431131e+01 
 9.55211412e+06  4.25362745e-03 -7.93229180e+01 
 9.66216894e+06  4.19279243e-03 -7.94011113e+01 
 9.77349176e+06  4.13247880e-03 -7.94777923e+01 
 9.88609719e+06  4.07262581e-03 -7.95528155e+01 
 1.00000000e+07  4.01325333e-03 -7.96262413e+01 
 1.01152151e+07  3.95435936e-03 -7.96980736e+01 
 1.02317577e+07  3.89592725e-03 -7.97682768e+01 
 1.03496431e+07  3.83792578e-03 -7.98367746e+01 
 1.04688866e+07  3.78041175e-03 -7.99037249e+01 
 1.05895041e+07  3.72336139e-03 -7.99690710e+01 
 1.07115112e+07  3.66672895e-03 -8.00326930e+01 
 1.08349240e+07  3.61053474e-03 -8.00946494e+01 
 1.09597588e+07  3.55477715e-03 -8.01549381e+01 
 1.10860318e+07  3.49945459e-03 -8.02135568e+01 
 1.12137597e+07  3.44452148e-03 -8.02703766e+01 
 1.13429592e+07  3.39003509e-03 -8.03255588e+01 
 1.14736472e+07  3.33594993e-03 -8.03789715e+01 
 1.16058410e+07  3.28224990e-03 -8.04305629e+01 
 1.17395579e+07  3.22896305e-03 -8.04804094e+01 
 1.18748154e+07  3.17604400e-03 -8.05283687e+01 
 1.20116312e+07  3.12350617e-03 -8.05744704e+01 
 1.21500234e+07  3.07136306e-03 -8.06187447e+01 
 1.22900101e+07  3.01961348e-03 -8.06611765e+01 
 1.24316096e+07  2.96819750e-03 -8.07015635e+01 
 1.25748406e+07  2.91717283e-03 -8.07400685e+01 
 1.27197218e+07  2.86646487e-03 -8.07764330e+01 
 1.28662722e+07  2.81613144e-03 -8.08108187e+01 
 1.30145112e+07  2.76617153e-03 -8.08431995e+01 
 1.31644581e+07  2.71651066e-03 -8.08732978e+01 
 1.33161325e+07  2.66717730e-03 -8.09011727e+01 
 1.34695546e+07  2.61820002e-03 -8.09268861e+01 
 1.36247442e+07  2.56950437e-03 -8.09501376e+01 
 1.37817219e+07  2.52114841e-03 -8.09710843e+01 
 1.39405082e+07  2.47313134e-03 -8.09896772e+01 
 1.41011240e+07  2.42540826e-03 -8.10056984e+01 
 1.42635903e+07  2.37796372e-03 -8.10190258e+01 
 1.44279285e+07  2.33081174e-03 -8.10296417e+01 
 1.45941600e+07  2.28396639e-03 -8.10375269e+01 
 1.47623069e+07  2.23738288e-03 -8.10424231e+01 
 1.49323910e+07  2.19110475e-03 -8.10444143e+01 
 1.51044348e+07  2.14508728e-03 -8.10432203e+01 
 1.52784607e+07  2.09932993e-03 -8.10387268e+01 
 1.54544917e+07  2.05383220e-03 -8.10308096e+01 
 1.56325509e+07  2.00859361e-03 -8.10193340e+01 
 1.58126615e+07  1.96359900e-03 -8.10040855e+01 
 1.59948473e+07  1.91889211e-03 -8.09851089e+01 
 1.61791322e+07  1.87438427e-03 -8.09618121e+01 
 1.63655403e+07  1.83008987e-03 -8.09340568e+01 
 1.65540961e+07  1.78608217e-03 -8.09019949e+01 
 1.67448244e+07  1.74227264e-03 -8.08649454e+01 
 1.69377501e+07  1.69869048e-03 -8.08227923e+01 
 1.71328986e+07  1.65533551e-03 -8.07752469e+01 
 1.73302956e+07  1.61214879e-03 -8.07216501e+01 
 1.75299668e+07  1.56923319e-03 -8.06622355e+01 
 1.77319386e+07  1.52648575e-03 -8.05960031e+01 
 1.79362374e+07  1.48393594e-03 -8.05226747e+01 
 1.81428900e+07  1.44155446e-03 -8.04415554e+01 
 1.83519236e+07  1.39941500e-03 -8.03525785e+01 
 1.85633655e+07  1.35738559e-03 -8.02542032e+01 
 1.87772436e+07  1.31561349e-03 -8.01467662e+01 
 1.89935859e+07  1.27396701e-03 -8.00285004e+01 
 1.92124208e+07  1.23250549e-03 -7.98989346e+01 
 1.94337770e+07  1.19115633e-03 -7.97564174e+01 
 1.96576835e+07  1.15005243e-03 -7.96009065e+01 
 1.98841698e+07  1.10904827e-03 -7.94297564e+01 
 2.01132655e+07  1.06824776e-03 -7.92423677e+01 
 2.03450008e+07  1.02753534e-03 -7.90357643e+01 
 2.05794060e+07  9.87000784e-04 -7.88087434e+01 
 2.08165120e+07  9.46646304e-04 -7.85589239e+01 
 2.10563497e+07  9.06387010e-04 -7.82823772e+01 
 2.12989507e+07  8.66299238e-04 -7.79766113e+01 
 2.15443469e+07  8.26328672e-04 -7.76367972e+01 
 2.17925704e+07  7.86538423e-04 -7.72589717e+01 
 2.20436538e+07  7.46890735e-04 -7.68366714e+01 
 2.22976301e+07  7.07306042e-04 -7.63610835e+01 
 2.25545326e+07  6.67967380e-04 -7.58267383e+01 
 2.28143949e+07  6.28770204e-04 -7.52205747e+01 
 2.30772513e+07  5.89700381e-04 -7.45280355e+01 
 2.33431362e+07  5.50805555e-04 -7.37321704e+01 
 2.36120845e+07  5.12110100e-04 -7.28103042e+01 
 2.38841315e+07  4.73731127e-04 -7.17361091e+01 
 2.41593128e+07  4.35513457e-04 -7.04624083e+01 
 2.44376647e+07  3.97686325e-04 -6.89422454e+01 
 2.47192236e+07  3.60167002e-04 -6.70913620e+01 
 2.50040265e+07  3.23271176e-04 -6.48146114e+01 
 2.52921107e+07  2.87044353e-04 -6.19467383e+01 
 2.55835142e+07  2.51772971e-04 -5.82518068e+01 
 2.58782750e+07  2.17918674e-04 -5.33696308e+01 
 2.61764319e+07  1.86317817e-04 -4.67684446e+01 
 2.64780240e+07  1.58182895e-04 -3.76342036e+01 
 2.67830910e+07  1.35721820e-04 -2.50328690e+01 
 2.70916727e+07  1.22107156e-04 -8.61864617e+00 
 2.74038098e+07  1.20356054e-04  9.98163928e+00 
 2.77195432e+07  1.30968521e-04  2.72916437e+01 
 2.80389144e+07  1.51347176e-04  4.09595072e+01 
 2.83619651e+07  1.78219290e-04  5.09639405e+01 
 2.86887379e+07  2.09051765e-04  5.81741466e+01 
 2.90192756e+07  2.42401584e-04  6.34671718e+01 
 2.93536216e+07  2.77331091e-04  6.74464197e+01 
 2.96918198e+07  3.13423646e-04  7.05240520e+01 
 3.00339145e+07  3.50216703e-04  7.29526090e+01 
 3.03799507e+07  3.87558412e-04  7.49118767e+01 
 3.07299737e+07  4.25427750e-04  7.65246516e+01 
 3.10840296e+07  4.63558093e-04  7.78673676e+01 
 3.14421647e+07  5.01999371e-04  7.90030942e+01 
 3.18044260e+07  5.40704394e-04  7.99746539e+01 
 3.21708612e+07  5.79579392e-04  8.08130862e+01 
 3.25415182e+07  6.18715564e-04  8.15447135e+01 
 3.29164458e+07  6.57974914e-04  8.21865196e+01 
 3.32956931e+07  6.97430114e-04  8.27544209e+01 
 3.36793099e+07  7.37009626e-04  8.32594142e+01 
 3.40673466e+07  7.76762642e-04  8.37114568e+01 
 3.44598540e+07  8.16592233e-04  8.41174342e+01 
 3.48568837e+07  8.56729004e-04  8.44852685e+01 
 3.52584878e+07  8.96811652e-04  8.48177002e+01 
 3.56647189e+07  9.37251094e-04  8.51215561e+01 
 3.60756305e+07  9.77717066e-04  8.53985565e+01 
 3.64912764e+07  1.01835483e-03  8.56525618e+01 
 3.69117112e+07  1.05919143e-03  8.58862511e+01 
 3.73369900e+07  1.10013540e-03  8.61014806e+01 
 3.77671687e+07  1.14127396e-03  8.63005004e+01 
 3.82023036e+07  1.18254591e-03  8.64847585e+01 
 3.86424520e+07  1.22403902e-03  8.66559619e+01 
 3.90876716e+07  1.26563300e-03  8.68150325e+01 
 3.95380208e+07  1.30747549e-03  8.69634635e+01 
 3.99935587e+07  1.34944648e-03  8.71019311e+01 
 4.04543450e+07  1.39163438e-03  8.72314994e+01 
 4.09204403e+07  1.43400864e-03  8.73528615e+01 
 4.13919058e+07  1.47659837e-03  8.74667498e+01 
 4.18688032e+07  1.51937319e-03  8.75737161e+01 
 4.23511952e+07  1.56227298e-03  8.76742207e+01 
 4.28391452e+07  1.60553550e-03  8.77691068e+01 
 4.33327170e+07  1.64892207e-03  8.78584610e+01 
 4.38319755e+07  1.69249186e-03  8.79427774e+01 
 4.43369862e+07  1.73642322e-03  8.80226271e+01 
 4.48478155e+07  1.78053713e-03  8.80981153e+01 
 4.53645302e+07  1.82483330e-03  8.81695494e+01 
 4.58871983e+07  1.86943061e-03  8.82373220e+01 
 4.64158883e+07  1.91420967e-03  8.83015636e+01 
 4.69506697e+07  1.95928943e-03  8.83626099e+01 
 4.74916125e+07  2.00461011e-03  8.84206133e+01 
 4.80387878e+07  2.05023111e-03  8.84758101e+01 
 4.85922674e+07  2.09609269e-03  8.85283283e+01 
 4.91521239e+07  2.14219470e-03  8.85783322e+01 
 4.97184308e+07  2.18865616e-03  8.86260483e+01 
 5.02912624e+07  2.23535778e-03  8.86715345e+01 
 5.08706939e+07  2.28247821e-03  8.87150224e+01 
 5.14568013e+07  2.32977899e-03  8.87564910e+01 
 5.20496616e+07  2.37731960e-03  8.87960894e+01 
 5.26493525e+07  2.42521914e-03  8.88339806e+01 
 5.32559528e+07  2.47359671e-03  8.88703092e+01 
 5.38695420e+07  2.52215427e-03  8.89050218e+01 
 5.44902008e+07  2.57113013e-03  8.89383079e+01 
 5.51180104e+07  2.62040501e-03  8.89701910e+01 
 5.57530533e+07  2.66997888e-03  8.90007443e+01 
 5.63954130e+07  2.71991125e-03  8.90300575e+01 
 5.70451735e+07  2.77020208e-03  8.90581919e+01 
 5.77024203e+07  2.82091092e-03  8.90852245e+01 
 5.83672396e+07  2.87197813e-03  8.91111888e+01 
 5.90397186e+07  2.92340366e-03  8.91361360e+01 
 5.97199455e+07  2.97518747e-03  8.91601147e+01 
 6.04080098e+07  3.02744872e-03  8.91832029e+01 
 6.11040015e+07  3.08000858e-03  8.92053934e+01 
 6.18080121e+07  3.13298622e-03  8.92267588e+01 
 6.25201340e+07  3.18644121e-03  8.92473499e+01 
 6.32404607e+07  3.24037351e-03  8.92671999e+01 
 6.39690866e+07  3.29454471e-03  8.92862887e+01 
 6.47061073e+07  3.34937198e-03  8.93047394e+01 
 6.54516197e+07  3.40437849e-03  8.93224807e+01 
 6.62057214e+07  3.46004102e-03  8.93396380e+01 
 6.69685116e+07  3.51606155e-03  8.93561783e+01 
 6.77400903e+07  3.57261887e-03  8.93721600e+01 
 6.85205587e+07  3.62965336e-03  8.93875951e+01 
 6.93100193e+07  3.68716500e-03  8.94025059e+01 
 7.01085757e+07  3.74509416e-03  8.94169042e+01 
 7.09163327e+07  3.80350045e-03  8.94308204e+01 
 7.17333962e+07  3.86238384e-03  8.94442737e+01 
 7.25598736e+07  3.92186353e-03  8.94572990e+01 
 7.33958732e+07  3.98176070e-03  8.94698882e+01 
 7.42415048e+07  4.04225413e-03  8.94820819e+01 
 7.50968794e+07  4.10322462e-03  8.94938799e+01 
 7.59621092e+07  4.16479137e-03  8.95053118e+01 
 7.68373077e+07  4.22683514e-03  8.95163771e+01 
 7.77225899e+07  4.28965396e-03  8.95271228e+01 
 7.86180718e+07  4.35271139e-03  8.95375020e+01 
 7.95238711e+07  4.41660344e-03  8.95475915e+01 
 8.04401065e+07  4.48085329e-03  8.95573528e+01 
 8.13668983e+07  4.54581854e-03  8.95668332e+01 
 8.23043682e+07  4.61132038e-03  8.95760253e+01 
 8.32526392e+07  4.67747801e-03  8.95849504e+01 
 8.42118357e+07  4.74435103e-03  8.95936224e+01 
 8.51820836e+07  4.81164142e-03  8.96020249e+01 
 8.61635102e+07  4.87982599e-03  8.96102064e+01 
 8.71562443e+07  4.94836830e-03  8.96181314e+01 
 8.81604162e+07  5.01762599e-03  8.96258369e+01 
 8.91761577e+07  5.08771824e-03  8.96333383e+01 
 9.02036021e+07  5.15852584e-03  8.96406333e+01 
 9.12428842e+07  5.22957197e-03  8.96476963e+01 
 9.22941404e+07  5.30169107e-03  8.96545911e+01 
 9.33575087e+07  5.37440631e-03  8.96612915e+01 
 9.44331286e+07  5.44783689e-03  8.96678114e+01 
 9.55211412e+07  5.52162518e-03  8.96741353e+01 
 9.66216894e+07  5.59672484e-03  8.96803252e+01 
 9.77349176e+07  5.67230141e-03  8.96863369e+01 
 9.88609719e+07  5.74871252e-03  8.96921961e+01 
 1.00000000e+08  5.82560055e-03  8.96978886e+01 
 1.01152151e+08  5.90344230e-03  8.97034443e+01 
 1.02317577e+08  5.98223780e-03  8.97088666e+01 
 1.03496431e+08  6.06162940e-03  8.97141422e+01 
 1.04688866e+08  6.14185552e-03  8.97192868e+01 
 1.05895041e+08  6.22279696e-03  8.97242989e+01 
 1.07115112e+08  6.30445370e-03  8.97291827e+01 
 1.08349240e+08  6.38718338e-03  8.97339569e+01 
 1.09597588e+08  6.47074757e-03  8.97386144e+01 
 1.10860318e+08  6.55502707e-03  8.97431538e+01 
 1.12137597e+08  6.64037949e-03  8.97475925e+01 
 1.13429592e+08  6.72656642e-03  8.97519238e+01 
 1.14736472e+08  6.81323024e-03  8.97561381e+01 
 1.16058410e+08  6.90108618e-03  8.97602643e+01 
 1.17395579e+08  6.98989584e-03  8.97642961e+01 
 1.18748154e+08  7.07965921e-03  8.97682359e+01 
 1.20116312e+08  7.17025708e-03  8.97720823e+01 
 1.21500234e+08  7.26168945e-03  8.97758379e+01 
 1.22900101e+08  7.35431394e-03  8.97795161e+01 
 1.24316096e+08  7.44765373e-03  8.97831045e+01 
 1.25748406e+08  7.54206643e-03  8.97866159e+01 
 1.27197218e+08  7.63767125e-03  8.97900555e+01 
 1.28662722e+08  7.73387214e-03  8.97934088e+01 
 1.30145112e+08  7.83162279e-03  8.97967033e+01 
 1.31644581e+08  7.92996950e-03  8.97999157e+01 
 1.33161325e+08  8.02962755e-03  8.98030660e+01 
 1.34695546e+08  8.13000087e-03  8.98061413e+01 
 1.36247442e+08  8.23156632e-03  8.98091547e+01 
 1.37817219e+08  8.33444308e-03  8.98121104e+01 
 1.39405082e+08  8.43827355e-03  8.98150015e+01 
 1.41011240e+08  8.54305771e-03  8.98178297e+01 
 1.42635903e+08  8.64915319e-03  8.98206040e+01 
 1.44279285e+08  8.75632158e-03  8.98233207e+01 
 1.45941600e+08  8.86480128e-03  8.98259858e+01 
 1.47623069e+08  8.97423469e-03  8.98285934e+01 
 1.49323910e+08  9.08474099e-03  8.98311473e+01 
 1.51044348e+08  9.19655861e-03  8.98336530e+01 
 1.52784607e+08  9.30968755e-03  8.98361114e+01 
 1.54544917e+08  9.42388939e-03  8.98385195e+01 
 1.56325509e+08  9.53940255e-03  8.98408823e+01 
 1.58126615e+08  9.65610782e-03  8.98431988e+01 
 1.59948473e+08  9.77412441e-03  8.98454719e+01 
 1.61791322e+08  9.89369073e-03  8.98477061e+01 
 1.63655403e+08  1.00140915e-02  8.98498913e+01 
 1.65540961e+08  1.01363997e-02  8.98520445e+01 
 1.67448244e+08  1.02593039e-02  8.98541472e+01 
 1.69377501e+08  1.03838771e-02  8.98562158e+01 
 1.71328986e+08  1.05100000e-02  8.98582491e+01 
 1.73302956e+08  1.06375534e-02  8.98602461e+01 
 1.75299668e+08  1.07660605e-02  8.98622014e+01 
 1.77319386e+08  1.08959981e-02  8.98641219e+01 
 1.79362374e+08  1.10278431e-02  8.98660141e+01 
 1.81428900e+08  1.11608802e-02  8.98678698e+01 
 1.83519236e+08  1.12953478e-02  8.98696924e+01 
 1.85633655e+08  1.14312460e-02  8.98714827e+01 
 1.87772436e+08  1.15688130e-02  8.98732438e+01 
 1.89935859e+08  1.17078106e-02  8.98749736e+01 
 1.92124208e+08  1.18484772e-02  8.98766751e+01 
 1.94337770e+08  1.19905742e-02  8.98783463e+01 
 1.96576835e+08  1.21341018e-02  8.98799879e+01 
 1.98841698e+08  1.22790599e-02  8.98816003e+01 
 2.01132655e+08  1.24261637e-02  8.98831909e+01 
 2.03450008e+08  1.25749366e-02  8.98847553e+01 
 2.05794060e+08  1.27251399e-02  8.98862919e+01 
 2.08165120e+08  1.28765353e-02  8.98877991e+01 
 2.10563497e+08  1.30298381e-02  8.98892836e+01 
 2.12989507e+08  1.31855251e-02  8.98907497e+01 
 2.15443469e+08  1.33426426e-02  8.98921895e+01 
 2.17925704e+08  1.35011906e-02  8.98936037e+01 
 2.20436538e+08  1.36618844e-02  8.98949983e+01 
 2.22976301e+08  1.38237702e-02  8.98963661e+01 
 2.25545326e+08  1.39878019e-02  8.98977149e+01 
 2.28143949e+08  1.41535025e-02  8.98990413e+01 
 2.30772513e+08  1.43215873e-02  8.99003508e+01 
 2.33431362e+08  1.44913410e-02  8.99016384e+01 
 2.36120845e+08  1.46627637e-02  8.99029045e+01 
 2.38841315e+08  1.48363321e-02  8.99041527e+01 
 2.41593128e+08  1.50113310e-02  8.99053784e+01 
 2.44376647e+08  1.51889526e-02  8.99065897e+01 
 2.47192236e+08  1.53682431e-02  8.99077806e+01 
 2.50040265e+08  1.55501562e-02  8.99089571e+01 
 2.52921107e+08  1.57334998e-02  8.99101124e+01 
 2.55835142e+08  1.59187508e-02  8.99112496e+01 
 2.58782750e+08  1.61068628e-02  8.99123742e+01 
 2.61764319e+08  1.62961669e-02  8.99134772e+01 
 2.64780240e+08  1.64880936e-02  8.99145665e+01 
 2.67830910e+08  1.66821661e-02  8.99156398e+01 
 2.70916727e+08  1.68783843e-02  8.99166972e+01 
 2.74038098e+08  1.70767483e-02  8.99177389e+01 
 2.77195432e+08  1.72779734e-02  8.99187685e+01 
 2.80389144e+08  1.74806289e-02  8.99197794e+01 
 2.83619651e+08  1.76861455e-02  8.99207783e+01 
 2.86887379e+08  1.78933310e-02  8.99217601e+01 
 2.90192756e+08  1.81031392e-02  8.99227292e+01 
 2.93536216e+08  1.83148547e-02  8.99236826e+01 
 2.96918198e+08  1.85301464e-02  8.99246275e+01 
 3.00339145e+08  1.87473455e-02  8.99255569e+01 
 3.03799507e+08  1.89662136e-02  8.99264702e+01 
 3.07299737e+08  1.91891348e-02  8.99273768e+01 
 3.10840296e+08  1.94137249e-02  8.99282676e+01 
 3.14421647e+08  1.96404607e-02  8.99291446e+01 
 3.18044260e+08  1.98702960e-02  8.99300115e+01 
 3.21708612e+08  2.01027540e-02  8.99308664e+01 
 3.25415182e+08  2.03378345e-02  8.99317097e+01 
 3.29164458e+08  2.05750608e-02  8.99325396e+01 
 3.32956931e+08  2.08151481e-02  8.99333589e+01 
 3.36793099e+08  2.10583349e-02  8.99341683e+01 
 3.40673466e+08  2.13039059e-02  8.99349655e+01 
 3.44598540e+08  2.15530531e-02  8.99357544e+01 
 3.48568837e+08  2.18038693e-02  8.99365293e+01 
 3.52584878e+08  2.20580233e-02  8.99372953e+01 
 3.56647189e+08  2.23159920e-02  8.99380536e+01 
 3.60756305e+08  2.25763450e-02  8.99388003e+01 
 3.64912764e+08  2.28386052e-02  8.99395343e+01 
 3.69117112e+08  2.31046802e-02  8.99402608e+01 
 3.73369900e+08  2.33740931e-02  8.99409785e+01 
 3.77671687e+08  2.36468438e-02  8.99416875e+01 
 3.82023036e+08  2.39210250e-02  8.99423830e+01 
 3.86424520e+08  2.41999746e-02  8.99430735e+01 
 3.90876716e+08  2.44817852e-02  8.99437542e+01 
 3.95380208e+08  2.47664568e-02  8.99444252e+01 
 3.99935587e+08  2.50539895e-02  8.99450867e+01 
 4.04543450e+08  2.53453368e-02  8.99457408e+01 
 4.09204403e+08  2.56404989e-02  8.99463876e+01 
 4.13919058e+08  2.59385220e-02  8.99470249e+01 
 4.18688032e+08  2.62398829e-02  8.99476540e+01 
 4.23511952e+08  2.65445817e-02  8.99482748e+01 
 4.28391452e+08  2.68526184e-02  8.99488875e+01 
 4.33327170e+08  2.71649466e-02  8.99494937e+01 
 4.38319755e+08  2.74801359e-02  8.99500910e+01 
 4.43369862e+08  2.77996166e-02  8.99506820e+01 
 4.48478155e+08  2.81224353e-02  8.99512649e+01 
 4.53645302e+08  2.84490686e-02  8.99518407e+01 
 4.58871983e+08  2.87790398e-02  8.99524085e+01 
 4.64158883e+08  2.91123488e-02  8.99529685e+01 
 4.69506697e+08  2.94504263e-02  8.99535231e+01 
 4.74916125e+08  2.97923184e-02  8.99540706e+01 
 4.80387878e+08  3.01380252e-02  8.99546111e+01 
 4.85922674e+08  3.04870699e-02  8.99551439e+01 
 4.91521239e+08  3.08408829e-02  8.99556713e+01 
 4.97184308e+08  3.11975570e-02  8.99561904e+01 
 5.02912624e+08  3.15599532e-02  8.99567054e+01 
 5.08706939e+08  3.19252103e-02  8.99572122e+01 
 5.14568013e+08  3.22957127e-02  8.99577142e+01 
 5.20496616e+08  3.26705066e-02  8.99582100e+01 
 5.26493525e+08  3.30476847e-02  8.99586973e+01 
 5.32559528e+08  3.34310616e-02  8.99591810e+01 
 5.38695420e+08  3.38187302e-02  8.99596586e+01 
 5.44902008e+08  3.42106902e-02  8.99601301e+01 
 5.51180104e+08  3.46064649e-02  8.99605951e+01 
 5.57530533e+08  3.50074849e-02  8.99610553e+01 
 5.63954130e+08  3.54108890e-02  8.99615074e+01 
 5.70451735e+08  3.58214457e-02  8.99619567e+01 
 5.77024203e+08  3.62362940e-02  8.99624001e+01 
 5.83672396e+08  3.66554337e-02  8.99628376e+01 
 5.90397186e+08  3.70798187e-02  8.99632703e+01 
 5.97199455e+08  3.75084952e-02  8.99636972e+01 
 6.04080098e+08  3.79424170e-02  8.99641192e+01 
 6.11040015e+08  3.83811071e-02  8.99645360e+01 
 6.18080121e+08  3.88255192e-02  8.99649483e+01 
 6.25201340e+08  3.92742229e-02  8.99653550e+01 
 6.32404607e+08  3.97296023e-02  8.99657580e+01 
 6.39690866e+08  4.01878427e-02  8.99661543e+01 
 6.47061073e+08  4.06532357e-02  8.99665473e+01 
 6.54516197e+08  4.11224434e-02  8.99669344e+01 
 6.62057214e+08  4.15988036e-02  8.99673182e+01 
 6.69685116e+08  4.20794554e-02  8.99676966e+01 
 6.77400903e+08  4.25663060e-02  8.99680709e+01 
 6.85205587e+08  4.30574482e-02  8.99684398e+01 
 6.93100193e+08  4.35552662e-02  8.99688051e+01 
 7.01085757e+08  4.40578524e-02  8.99691653e+01 
 7.09163327e+08  4.45671145e-02  8.99695219e+01 
 7.17333962e+08  4.50830522e-02  8.99698748e+01 
 7.25598736e+08  4.56037583e-02  8.99702227e+01 
 7.33958732e+08  4.61311401e-02  8.99705670e+01 
 7.42415048e+08  4.66632903e-02  8.99709063e+01 
 7.50968794e+08  4.72030699e-02  8.99712426e+01 
 7.59621092e+08  4.77485716e-02  8.99715746e+01 
 7.68373077e+08  4.82997952e-02  8.99719023e+01 
 7.77225899e+08  4.88586483e-02  8.99722269e+01 
 7.86180718e+08  4.94213161e-02  8.99725462e+01 
 7.95238711e+08  4.99916133e-02  8.99728624e+01 
 8.04401065e+08  5.05695398e-02  8.99731754e+01 
 8.13668983e+08  5.11550958e-02  8.99734853e+01 
 8.23043682e+08  5.17435128e-02  8.99737895e+01 
 8.32526392e+08  5.23405129e-02  8.99740911e+01 
 8.42118357e+08  5.29460960e-02  8.99743900e+01 
 8.51820836e+08  5.35583548e-02  8.99746852e+01 
 8.61635102e+08  5.41753821e-02  8.99749759e+01 
 8.71562443e+08  5.48009924e-02  8.99752638e+01 
 8.81604162e+08  5.54351857e-02  8.99755490e+01 
 8.91761577e+08  5.60741474e-02  8.99758298e+01 
 9.02036021e+08  5.67207386e-02  8.99761074e+01 
 9.12428842e+08  5.73749591e-02  8.99763818e+01 
 9.22941404e+08  5.80377627e-02  8.99766534e+01 
 9.33575087e+08  5.87081957e-02  8.99769219e+01 
 9.44331286e+08  5.93853044e-02  8.99771868e+01 
 9.55211412e+08  6.00719498e-02  8.99774493e+01 
 9.66216894e+08  6.07624100e-02  8.99777073e+01 
 9.77349176e+08  6.14652679e-02  8.99779638e+01 
 9.88609719e+08  6.21738479e-02  8.99782165e+01 
 1.00000000e+09  6.28910109e-02  8.99784664e+01 
