 time            Vin             Vout           
 0.00000000e+00  7.80000000e-01  2.70592010e-01 
 1.00000000e-11  7.80000000e-01  2.70592010e-01 
 2.00000000e-11  7.80000000e-01  2.70592010e-01 
 4.00000000e-11  7.80000000e-01  2.70592010e-01 
 8.00000000e-11  7.80000000e-01  2.70592010e-01 
 1.60000000e-10  7.80000000e-01  2.70592010e-01 
 3.20000000e-10  7.80000000e-01  2.70592010e-01 
 6.40000000e-10  7.80000000e-01  2.70592010e-01 
 1.28000000e-09  7.80000000e-01  2.70592010e-01 
 2.28000000e-09  7.80000000e-01  2.70592010e-01 
 3.28000000e-09  7.80000000e-01  2.70592010e-01 
 4.28000000e-09  7.80000000e-01  2.70592010e-01 
 5.28000000e-09  7.80000000e-01  2.70592010e-01 
 6.28000000e-09  7.80000000e-01  2.70592010e-01 
 7.28000000e-09  7.80000000e-01  2.70592010e-01 
 8.28000000e-09  7.80000000e-01  2.70592010e-01 
 9.28000000e-09  7.80000000e-01  2.70592010e-01 
 1.02800000e-08  7.80000000e-01  2.70592010e-01 
 1.12800000e-08  7.80000000e-01  2.70592010e-01 
 1.22800000e-08  7.80000000e-01  2.70592010e-01 
 1.32800000e-08  7.80000000e-01  2.70592010e-01 
 1.42800000e-08  7.80000000e-01  2.70592010e-01 
 1.52800000e-08  7.80000000e-01  2.70592010e-01 
 1.62800000e-08  7.80000000e-01  2.70592010e-01 
 1.72800000e-08  7.80000000e-01  2.70592010e-01 
 1.82800000e-08  7.80000000e-01  2.70592010e-01 
 1.92800000e-08  7.80000000e-01  2.70592010e-01 
 2.02800000e-08  7.80000000e-01  2.70592010e-01 
 2.12800000e-08  7.80000000e-01  2.70592010e-01 
 2.22800000e-08  7.80000000e-01  2.70592010e-01 
 2.32800000e-08  7.80000000e-01  2.70592010e-01 
 2.42800000e-08  7.80000000e-01  2.70592010e-01 
 2.52800000e-08  7.80000000e-01  2.70592010e-01 
 2.62800000e-08  7.80000000e-01  2.70592010e-01 
 2.72800000e-08  7.80000000e-01  2.70592010e-01 
 2.82800000e-08  7.80000000e-01  2.70592010e-01 
 2.92800000e-08  7.80000000e-01  2.70592010e-01 
 3.02800000e-08  7.80000000e-01  2.70592010e-01 
 3.12800000e-08  7.80000000e-01  2.70592010e-01 
 3.22800000e-08  7.80000000e-01  2.70592010e-01 
 3.32800000e-08  7.80000000e-01  2.70592010e-01 
 3.42800000e-08  7.80000000e-01  2.70592010e-01 
 3.52800000e-08  7.80000000e-01  2.70592010e-01 
 3.62800000e-08  7.80000000e-01  2.70592010e-01 
 3.72800000e-08  7.80000000e-01  2.70592010e-01 
 3.82800000e-08  7.80000000e-01  2.70592010e-01 
 3.92800000e-08  7.80000000e-01  2.70592010e-01 
 4.02800000e-08  7.80000000e-01  2.70592010e-01 
 4.12800000e-08  7.80000000e-01  2.70592010e-01 
 4.22800000e-08  7.80000000e-01  2.70592010e-01 
 4.32800000e-08  7.80000000e-01  2.70592010e-01 
 4.42800000e-08  7.80000000e-01  2.70592010e-01 
 4.52800000e-08  7.80000000e-01  2.70592010e-01 
 4.62800000e-08  7.80000000e-01  2.70592010e-01 
 4.72800000e-08  7.80000000e-01  2.70592010e-01 
 4.82800000e-08  7.80000000e-01  2.70592010e-01 
 4.92800000e-08  7.80000000e-01  2.70592010e-01 
 5.02800000e-08  7.80000000e-01  2.70592010e-01 
 5.12800000e-08  7.80000000e-01  2.70592010e-01 
 5.22800000e-08  7.80000000e-01  2.70592010e-01 
 5.32800000e-08  7.80000000e-01  2.70592010e-01 
 5.42800000e-08  7.80000000e-01  2.70592010e-01 
 5.52800000e-08  7.80000000e-01  2.70592010e-01 
 5.62800000e-08  7.80000000e-01  2.70592010e-01 
 5.72800000e-08  7.80000000e-01  2.70592010e-01 
 5.82800000e-08  7.80000000e-01  2.70592010e-01 
 5.92800000e-08  7.80000000e-01  2.70592010e-01 
 6.02800000e-08  7.80000000e-01  2.70592010e-01 
 6.12800000e-08  7.80000000e-01  2.70592010e-01 
 6.22800000e-08  7.80000000e-01  2.70592010e-01 
 6.32800000e-08  7.80000000e-01  2.70592010e-01 
 6.42800000e-08  7.80000000e-01  2.70592010e-01 
 6.52800000e-08  7.80000000e-01  2.70592010e-01 
 6.62800000e-08  7.80000000e-01  2.70592010e-01 
 6.72800000e-08  7.80000000e-01  2.70592010e-01 
 6.82800000e-08  7.80000000e-01  2.70592010e-01 
 6.92800000e-08  7.80000000e-01  2.70592010e-01 
 7.02800000e-08  7.80000000e-01  2.70592010e-01 
 7.12800000e-08  7.80000000e-01  2.70592010e-01 
 7.22800000e-08  7.80000000e-01  2.70592010e-01 
 7.32800000e-08  7.80000000e-01  2.70592010e-01 
 7.42800000e-08  7.80000000e-01  2.70592010e-01 
 7.52800000e-08  7.80000000e-01  2.70592010e-01 
 7.62800000e-08  7.80000000e-01  2.70592010e-01 
 7.72800000e-08  7.80000000e-01  2.70592010e-01 
 7.82800000e-08  7.80000000e-01  2.70592010e-01 
 7.92800000e-08  7.80000000e-01  2.70592010e-01 
 8.02800000e-08  7.80000000e-01  2.70592010e-01 
 8.12800000e-08  7.80000000e-01  2.70592010e-01 
 8.22800000e-08  7.80000000e-01  2.70592010e-01 
 8.32800000e-08  7.80000000e-01  2.70592010e-01 
 8.42800000e-08  7.80000000e-01  2.70592010e-01 
 8.52800000e-08  7.80000000e-01  2.70592010e-01 
 8.62800000e-08  7.80000000e-01  2.70592010e-01 
 8.72800000e-08  7.80000000e-01  2.70592010e-01 
 8.82800000e-08  7.80000000e-01  2.70592010e-01 
 8.92800000e-08  7.80000000e-01  2.70592010e-01 
 9.02800000e-08  7.80000000e-01  2.70592010e-01 
 9.12800000e-08  7.80000000e-01  2.70592010e-01 
 9.22800000e-08  7.80000000e-01  2.70592010e-01 
 9.32800000e-08  7.80000000e-01  2.70592010e-01 
 9.42800000e-08  7.80000000e-01  2.70592010e-01 
 9.52800000e-08  7.80000000e-01  2.70592010e-01 
 9.62800000e-08  7.80000000e-01  2.70592010e-01 
 9.72800000e-08  7.80000000e-01  2.70592010e-01 
 9.82800000e-08  7.80000000e-01  2.70592010e-01 
 9.92800000e-08  7.80000000e-01  2.70592010e-01 
 1.00000000e-07  7.80000000e-01  2.70592010e-01 
 1.00000100e-07  7.81000000e-01  2.70593596e-01 
 1.00000300e-07  7.83000000e-01  2.70596781e-01 
 1.00000700e-07  7.87000000e-01  2.70603201e-01 
 1.00001000e-07  7.90000000e-01  2.70608059e-01 
 1.00001080e-07  7.90000000e-01  2.70608061e-01 
 1.00001240e-07  7.90000000e-01  2.70608065e-01 
 1.00001560e-07  7.90000000e-01  2.70608074e-01 
 1.00002200e-07  7.90000000e-01  2.70608091e-01 
 1.00003480e-07  7.90000000e-01  2.70608126e-01 
 1.00006040e-07  7.90000000e-01  2.70608196e-01 
 1.00011160e-07  7.90000000e-01  2.70608340e-01 
 1.00021400e-07  7.90000000e-01  2.70608641e-01 
 1.00041880e-07  7.90000000e-01  2.70609296e-01 
 1.00082840e-07  7.90000000e-01  2.70610818e-01 
 1.00164760e-07  7.90000000e-01  2.70614693e-01 
 1.00328600e-07  7.90000000e-01  2.70625666e-01 
 1.00656280e-07  7.90000000e-01  2.70659683e-01 
 1.01311640e-07  7.90000000e-01  2.70769453e-01 
 1.02311640e-07  7.90000000e-01  2.71018221e-01 
 1.03311640e-07  7.90000000e-01  2.71330002e-01 
 1.04311640e-07  7.90000000e-01  2.71670365e-01 
 1.05311640e-07  7.90000000e-01  2.72016387e-01 
 1.06311640e-07  7.90000000e-01  2.72357031e-01 
 1.07311640e-07  7.90000000e-01  2.72690786e-01 
 1.08311640e-07  7.90000000e-01  2.73020198e-01 
 1.09311640e-07  7.90000000e-01  2.73347498e-01 
 1.10311640e-07  7.90000000e-01  2.73673775e-01 
 1.11311640e-07  7.90000000e-01  2.73999456e-01 
 1.12311640e-07  7.90000000e-01  2.74324687e-01 
 1.13311640e-07  7.90000000e-01  2.74649505e-01 
 1.14311640e-07  7.90000000e-01  2.74973902e-01 
 1.15311640e-07  7.90000000e-01  2.75297853e-01 
 1.16311640e-07  7.90000000e-01  2.75621321e-01 
 1.17311640e-07  7.90000000e-01  2.75944260e-01 
 1.18311640e-07  7.90000000e-01  2.76266618e-01 
 1.19311640e-07  7.90000000e-01  2.76588332e-01 
 1.20311640e-07  7.90000000e-01  2.76909332e-01 
 1.21311640e-07  7.90000000e-01  2.77229534e-01 
 1.22311640e-07  7.90000000e-01  2.77548841e-01 
 1.23311640e-07  7.90000000e-01  2.77867138e-01 
 1.24311640e-07  7.90000000e-01  2.78184290e-01 
 1.25311640e-07  7.90000000e-01  2.78500134e-01 
 1.26311640e-07  7.90000000e-01  2.78814477e-01 
 1.27311640e-07  7.90000000e-01  2.79127086e-01 
 1.28311640e-07  7.90000000e-01  2.79437679e-01 
 1.29311640e-07  7.90000000e-01  2.79745911e-01 
 1.30311640e-07  7.90000000e-01  2.80051362e-01 
 1.31311640e-07  7.90000000e-01  2.80353514e-01 
 1.32311640e-07  7.90000000e-01  2.80651731e-01 
 1.33311640e-07  7.90000000e-01  2.80945227e-01 
 1.34311640e-07  7.90000000e-01  2.81233033e-01 
 1.35311640e-07  7.90000000e-01  2.81513962e-01 
 1.36311640e-07  7.90000000e-01  2.81786562e-01 
 1.37311640e-07  7.90000000e-01  2.82049076e-01 
 1.38311640e-07  7.90000000e-01  2.82299402e-01 
 1.39311640e-07  7.90000000e-01  2.82535068e-01 
 1.40311640e-07  7.90000000e-01  2.82753218e-01 
 1.41311640e-07  7.90000000e-01  2.82950624e-01 
 1.42311640e-07  7.90000000e-01  2.83123727e-01 
 1.43311640e-07  7.90000000e-01  2.83268718e-01 
 1.44311640e-07  7.90000000e-01  2.83381651e-01 
 1.45311640e-07  7.90000000e-01  2.83458592e-01 
 1.46311640e-07  7.90000000e-01  2.83495802e-01 
 1.47311640e-07  7.90000000e-01  2.83489955e-01 
 1.48311640e-07  7.90000000e-01  2.83438361e-01 
 1.49311640e-07  7.90000000e-01  2.83339198e-01 
 1.50311640e-07  7.90000000e-01  2.83191740e-01 
 1.51311640e-07  7.90000000e-01  2.82996545e-01 
 1.52311640e-07  7.90000000e-01  2.82755599e-01 
 1.53311640e-07  7.90000000e-01  2.82472391e-01 
 1.54311640e-07  7.90000000e-01  2.82151912e-01 
 1.55311640e-07  7.90000000e-01  2.81800553e-01 
 1.56311640e-07  7.90000000e-01  2.81425922e-01 
 1.57311640e-07  7.90000000e-01  2.81036567e-01 
 1.58311640e-07  7.90000000e-01  2.80641637e-01 
 1.59311640e-07  7.90000000e-01  2.80250490e-01 
 1.60311640e-07  7.90000000e-01  2.79872284e-01 
 1.61311640e-07  7.90000000e-01  2.79515583e-01 
 1.62311640e-07  7.90000000e-01  2.79188006e-01 
 1.63311640e-07  7.90000000e-01  2.78895937e-01 
 1.64311640e-07  7.90000000e-01  2.78644332e-01 
 1.65311640e-07  7.90000000e-01  2.78436619e-01 
 1.66311640e-07  7.90000000e-01  2.78274688e-01 
 1.67311640e-07  7.90000000e-01  2.78158981e-01 
 1.68311640e-07  7.90000000e-01  2.78088640e-01 
 1.69311640e-07  7.90000000e-01  2.78061714e-01 
 1.70311640e-07  7.90000000e-01  2.78075391e-01 
 1.71311640e-07  7.90000000e-01  2.78126237e-01 
 1.72311640e-07  7.90000000e-01  2.78210433e-01 
 1.73311640e-07  7.90000000e-01  2.78323980e-01 
 1.74311640e-07  7.90000000e-01  2.78462872e-01 
 1.75311640e-07  7.90000000e-01  2.78623235e-01 
 1.76311640e-07  7.90000000e-01  2.78801418e-01 
 1.77311640e-07  7.90000000e-01  2.78994057e-01 
 1.78311640e-07  7.90000000e-01  2.79198097e-01 
 1.79311640e-07  7.90000000e-01  2.79410792e-01 
 1.80311640e-07  7.90000000e-01  2.79629683e-01 
 1.81311640e-07  7.90000000e-01  2.79852558e-01 
 1.82311640e-07  7.90000000e-01  2.80077413e-01 
 1.83311640e-07  7.90000000e-01  2.80302391e-01 
 1.84311640e-07  7.90000000e-01  2.80525744e-01 
 1.85311640e-07  7.90000000e-01  2.80745777e-01 
 1.86311640e-07  7.90000000e-01  2.80960803e-01 
 1.87311640e-07  7.90000000e-01  2.81169106e-01 
 1.88311640e-07  7.90000000e-01  2.81368910e-01 
 1.89311640e-07  7.90000000e-01  2.81558358e-01 
 1.90311640e-07  7.90000000e-01  2.81735497e-01 
 1.91311640e-07  7.90000000e-01  2.81898281e-01 
 1.92311640e-07  7.90000000e-01  2.82044586e-01 
 1.93311640e-07  7.90000000e-01  2.82172233e-01 
 1.94311640e-07  7.90000000e-01  2.82279039e-01 
 1.95311640e-07  7.90000000e-01  2.82362871e-01 
 1.96311640e-07  7.90000000e-01  2.82421721e-01 
 1.97311640e-07  7.90000000e-01  2.82453795e-01 
 1.98311640e-07  7.90000000e-01  2.82457601e-01 
 1.99311640e-07  7.90000000e-01  2.82432050e-01 
 2.00311640e-07  7.90000000e-01  2.82376555e-01 
 2.01311640e-07  7.90000000e-01  2.82291117e-01 
 2.02311640e-07  7.90000000e-01  2.82176398e-01 
 2.03311640e-07  7.90000000e-01  2.82033776e-01 
 2.04311640e-07  7.90000000e-01  2.81865365e-01 
 2.05311640e-07  7.90000000e-01  2.81674003e-01 
 2.06311640e-07  7.90000000e-01  2.81463211e-01 
 2.07311640e-07  7.90000000e-01  2.81237107e-01 
 2.08311640e-07  7.90000000e-01  2.81000286e-01 
 2.09311640e-07  7.90000000e-01  2.80757679e-01 
 2.10311640e-07  7.90000000e-01  2.80514381e-01 
 2.11311640e-07  7.90000000e-01  2.80275484e-01 
 2.12311640e-07  7.90000000e-01  2.80045876e-01 
 2.13311640e-07  7.90000000e-01  2.79830099e-01 
 2.14311640e-07  7.90000000e-01  2.79632210e-01 
 2.15311640e-07  7.90000000e-01  2.79455639e-01 
 2.16311640e-07  7.90000000e-01  2.79303119e-01 
 2.17311640e-07  7.90000000e-01  2.79176643e-01 
 2.18311640e-07  7.90000000e-01  2.79077458e-01 
 2.19311640e-07  7.90000000e-01  2.79006092e-01 
 2.20311640e-07  7.90000000e-01  2.78962412e-01 
 2.21311640e-07  7.90000000e-01  2.78945701e-01 
 2.22311640e-07  7.90000000e-01  2.78954749e-01 
 2.23311640e-07  7.90000000e-01  2.78987955e-01 
 2.24311640e-07  7.90000000e-01  2.79043423e-01 
 2.25311640e-07  7.90000000e-01  2.79119055e-01 
 2.26311640e-07  7.90000000e-01  2.79212635e-01 
 2.27311640e-07  7.90000000e-01  2.79321898e-01 
 2.28311640e-07  7.90000000e-01  2.79444588e-01 
 2.29311640e-07  7.90000000e-01  2.79578490e-01 
 2.30311640e-07  7.90000000e-01  2.79721469e-01 
 2.31311640e-07  7.90000000e-01  2.79871473e-01 
 2.32311640e-07  7.90000000e-01  2.80026544e-01 
 2.33311640e-07  7.90000000e-01  2.80184813e-01 
 2.34311640e-07  7.90000000e-01  2.80344491e-01 
 2.35311640e-07  7.90000000e-01  2.80503851e-01 
 2.36311640e-07  7.90000000e-01  2.80661224e-01 
 2.37311640e-07  7.90000000e-01  2.80814972e-01 
 2.38311640e-07  7.90000000e-01  2.80963486e-01 
 2.39311640e-07  7.90000000e-01  2.81105182e-01 
 2.40311640e-07  7.90000000e-01  2.81238484e-01 
 2.41311640e-07  7.90000000e-01  2.81361834e-01 
 2.42311640e-07  7.90000000e-01  2.81473695e-01 
 2.43311640e-07  7.90000000e-01  2.81572571e-01 
 2.44311640e-07  7.90000000e-01  2.81657027e-01 
 2.45311640e-07  7.90000000e-01  2.81725721e-01 
 2.46311640e-07  7.90000000e-01  2.81777432e-01 
 2.47311640e-07  7.90000000e-01  2.81811110e-01 
 2.48311640e-07  7.90000000e-01  2.81825913e-01 
 2.49311640e-07  7.90000000e-01  2.81821252e-01 
 2.50311640e-07  7.90000000e-01  2.81796840e-01 
 2.51311640e-07  7.90000000e-01  2.81752725e-01 
 2.52311640e-07  7.90000000e-01  2.81689326e-01 
 2.53311640e-07  7.90000000e-01  2.81607457e-01 
 2.54311640e-07  7.90000000e-01  2.81508332e-01 
 2.55311640e-07  7.90000000e-01  2.81393564e-01 
 2.56311640e-07  7.90000000e-01  2.81265143e-01 
 2.57311640e-07  7.90000000e-01  2.81125401e-01 
 2.58311640e-07  7.90000000e-01  2.80976954e-01 
 2.59311640e-07  7.90000000e-01  2.80822640e-01 
 2.60311640e-07  7.90000000e-01  2.80665438e-01 
 2.61311640e-07  7.90000000e-01  2.80508383e-01 
 2.62311640e-07  7.90000000e-01  2.80354481e-01 
 2.63311640e-07  7.90000000e-01  2.80206627e-01 
 2.64311640e-07  7.90000000e-01  2.80067485e-01 
 2.65311640e-07  7.90000000e-01  2.79939467e-01 
 2.66311640e-07  7.90000000e-01  2.79824678e-01 
 2.67311640e-07  7.90000000e-01  2.79724835e-01 
 2.68311640e-07  7.90000000e-01  2.79641257e-01 
 2.69311640e-07  7.90000000e-01  2.79574859e-01 
 2.70311640e-07  7.90000000e-01  2.79526152e-01 
 2.71311640e-07  7.90000000e-01  2.79495271e-01 
 2.72311640e-07  7.90000000e-01  2.79482001e-01 
 2.73311640e-07  7.90000000e-01  2.79485814e-01 
 2.74311640e-07  7.90000000e-01  2.79505921e-01 
 2.75311640e-07  7.90000000e-01  2.79541311e-01 
 2.76311640e-07  7.90000000e-01  2.79590797e-01 
 2.77311640e-07  7.90000000e-01  2.79653065e-01 
 2.78311640e-07  7.90000000e-01  2.79726707e-01 
 2.79311640e-07  7.90000000e-01  2.79810257e-01 
 2.80311640e-07  7.90000000e-01  2.79902217e-01 
 2.81311640e-07  7.90000000e-01  2.80001083e-01 
 2.82311640e-07  7.90000000e-01  2.80105357e-01 
 2.83311640e-07  7.90000000e-01  2.80213560e-01 
 2.84311640e-07  7.90000000e-01  2.80324242e-01 
 2.85311640e-07  7.90000000e-01  2.80435976e-01 
 2.86311640e-07  7.90000000e-01  2.80547369e-01 
 2.87311640e-07  7.90000000e-01  2.80657074e-01 
 2.88311640e-07  7.90000000e-01  2.80763774e-01 
 2.89311640e-07  7.90000000e-01  2.80866173e-01 
 2.90311640e-07  7.90000000e-01  2.80963025e-01 
 2.91311640e-07  7.90000000e-01  2.81053143e-01 
 2.92311640e-07  7.90000000e-01  2.81135380e-01 
 2.93311640e-07  7.90000000e-01  2.81208655e-01 
 2.94311640e-07  7.90000000e-01  2.81271966e-01 
 2.95311640e-07  7.90000000e-01  2.81324400e-01 
 2.96311640e-07  7.90000000e-01  2.81365161e-01 
 2.97311640e-07  7.90000000e-01  2.81393585e-01 
 2.98311640e-07  7.90000000e-01  2.81409161e-01 
 2.99311640e-07  7.90000000e-01  2.81411556e-01 
 3.00311640e-07  7.90000000e-01  2.81400632e-01 
 3.01311640e-07  7.90000000e-01  2.81376464e-01 
 3.02311640e-07  7.90000000e-01  2.81339354e-01 
 3.03311640e-07  7.90000000e-01  2.81289841e-01 
 3.04311640e-07  7.90000000e-01  2.81228700e-01 
 3.05311640e-07  7.90000000e-01  2.81156938e-01 
 3.06311640e-07  7.90000000e-01  2.81075782e-01 
 3.07311640e-07  7.90000000e-01  2.80986658e-01 
 3.08311640e-07  7.90000000e-01  2.80891162e-01 
 3.09311640e-07  7.90000000e-01  2.80791031e-01 
 3.10311640e-07  7.90000000e-01  2.80688084e-01 
 3.11311640e-07  7.90000000e-01  2.80584190e-01 
 3.12311640e-07  7.90000000e-01  2.80481235e-01 
 3.13311640e-07  7.90000000e-01  2.80381061e-01 
 3.14311640e-07  7.90000000e-01  2.80285418e-01 
 3.15311640e-07  7.90000000e-01  2.80195922e-01 
 3.16311640e-07  7.90000000e-01  2.80114002e-01 
 3.17311640e-07  7.90000000e-01  2.80040915e-01 
 3.18311640e-07  7.90000000e-01  2.79977718e-01 
 3.19311640e-07  7.90000000e-01  2.79925224e-01 
 3.20311640e-07  7.90000000e-01  2.79884004e-01 
 3.21311640e-07  7.90000000e-01  2.79854398e-01 
 3.22311640e-07  7.90000000e-01  2.79836520e-01 
 3.23311640e-07  7.90000000e-01  2.79830272e-01 
 3.24311640e-07  7.90000000e-01  2.79835363e-01 
 3.25311640e-07  7.90000000e-01  2.79851328e-01 
 3.26311640e-07  7.90000000e-01  2.79877556e-01 
 3.27311640e-07  7.90000000e-01  2.79913307e-01 
 3.28311640e-07  7.90000000e-01  2.79957740e-01 
 3.29311640e-07  7.90000000e-01  2.80009933e-01 
 3.30311640e-07  7.90000000e-01  2.80068904e-01 
 3.31311640e-07  7.90000000e-01  2.80133625e-01 
 3.32311640e-07  7.90000000e-01  2.80203040e-01 
 3.33311640e-07  7.90000000e-01  2.80276080e-01 
 3.34311640e-07  7.90000000e-01  2.80351674e-01 
 3.35311640e-07  7.90000000e-01  2.80428746e-01 
 3.36311640e-07  7.90000000e-01  2.80506236e-01 
 3.37311640e-07  7.90000000e-01  2.80583110e-01 
 3.38311640e-07  7.90000000e-01  2.80658356e-01 
 3.39311640e-07  7.90000000e-01  2.80730994e-01 
 3.40311640e-07  7.90000000e-01  2.80800081e-01 
 3.41311640e-07  7.90000000e-01  2.80864702e-01 
 3.42311640e-07  7.90000000e-01  2.80924010e-01 
 3.43311640e-07  7.90000000e-01  2.80977227e-01 
 3.44311640e-07  7.90000000e-01  2.81023637e-01 
 3.45311640e-07  7.90000000e-01  2.81062600e-01 
 3.46311640e-07  7.90000000e-01  2.81093569e-01 
 3.47311640e-07  7.90000000e-01  2.81116099e-01 
 3.48311640e-07  7.90000000e-01  2.81129859e-01 
 3.49311640e-07  7.90000000e-01  2.81134639e-01 
 3.50311640e-07  7.90000000e-01  2.81130364e-01 
 3.51311640e-07  7.90000000e-01  2.81117099e-01 
 3.52311640e-07  7.90000000e-01  2.81095057e-01 
 3.53311640e-07  7.90000000e-01  2.81064596e-01 
 3.54311640e-07  7.90000000e-01  2.81026223e-01 
 3.55311640e-07  7.90000000e-01  2.80980589e-01 
 3.56311640e-07  7.90000000e-01  2.80928477e-01 
 3.57311640e-07  7.90000000e-01  2.80870791e-01 
 3.58311640e-07  7.90000000e-01  2.80808540e-01 
 3.59311640e-07  7.90000000e-01  2.80742821e-01 
 3.60311640e-07  7.90000000e-01  2.80674786e-01 
 3.61311640e-07  7.90000000e-01  2.80605620e-01 
 3.62311640e-07  7.90000000e-01  2.80536530e-01 
 3.63311640e-07  7.90000000e-01  2.80468705e-01 
 3.64311640e-07  7.90000000e-01  2.80403291e-01 
 3.65311640e-07  7.90000000e-01  2.80341365e-01 
 3.66311640e-07  7.90000000e-01  2.80283917e-01 
 3.67311640e-07  7.90000000e-01  2.80231826e-01 
 3.68311640e-07  7.90000000e-01  2.80185835e-01 
 3.69311640e-07  7.90000000e-01  2.80146571e-01 
 3.70311640e-07  7.90000000e-01  2.80114535e-01 
 3.71311640e-07  7.90000000e-01  2.80090068e-01 
 3.72311640e-07  7.90000000e-01  2.80073366e-01 
 3.73311640e-07  7.90000000e-01  2.80064486e-01 
 3.74311640e-07  7.90000000e-01  2.80063355e-01 
 3.75311640e-07  7.90000000e-01  2.80069775e-01 
 3.76311640e-07  7.90000000e-01  2.80083436e-01 
 3.77311640e-07  7.90000000e-01  2.80103929e-01 
 3.78311640e-07  7.90000000e-01  2.80130757e-01 
 3.79311640e-07  7.90000000e-01  2.80163352e-01 
 3.80311640e-07  7.90000000e-01  2.80201082e-01 
 3.81311640e-07  7.90000000e-01  2.80243269e-01 
 3.82311640e-07  7.90000000e-01  2.80289196e-01 
 3.83311640e-07  7.90000000e-01  2.80338120e-01 
 3.84311640e-07  7.90000000e-01  2.80389282e-01 
 3.85311640e-07  7.90000000e-01  2.80441914e-01 
 3.86311640e-07  7.90000000e-01  2.80495243e-01 
 3.87311640e-07  7.90000000e-01  2.80548512e-01 
 3.88311640e-07  7.90000000e-01  2.80600977e-01 
 3.89311640e-07  7.90000000e-01  2.80651915e-01 
 3.90311640e-07  7.90000000e-01  2.80700631e-01 
 3.91311640e-07  7.90000000e-01  2.80746463e-01 
 3.92311640e-07  7.90000000e-01  2.80788789e-01 
 3.93311640e-07  7.90000000e-01  2.80827029e-01 
 3.94311640e-07  7.90000000e-01  2.80860666e-01 
 3.95311640e-07  7.90000000e-01  2.80889254e-01 
 3.96311640e-07  7.90000000e-01  2.80912406e-01 
 3.97311640e-07  7.90000000e-01  2.80929812e-01 
 3.98311640e-07  7.90000000e-01  2.80941241e-01 
 3.99311640e-07  7.90000000e-01  2.80946550e-01 
 4.00311640e-07  7.90000000e-01  2.80945686e-01 
 4.01311640e-07  7.90000000e-01  2.80938694e-01 
 4.02311640e-07  7.90000000e-01  2.80925711e-01 
 4.03311640e-07  7.90000000e-01  2.80906974e-01 
 4.04311640e-07  7.90000000e-01  2.80882815e-01 
 4.05311640e-07  7.90000000e-01  2.80853655e-01 
 4.06311640e-07  7.90000000e-01  2.80820000e-01 
 4.07311640e-07  7.90000000e-01  2.80782435e-01 
 4.08311640e-07  7.90000000e-01  2.80741612e-01 
 4.09311640e-07  7.90000000e-01  2.80698234e-01 
 4.10311640e-07  7.90000000e-01  2.80653039e-01 
 4.11311640e-07  7.90000000e-01  2.80606801e-01 
 4.12311640e-07  7.90000000e-01  2.80560305e-01 
 4.13311640e-07  7.90000000e-01  2.80514330e-01 
 4.14311640e-07  7.90000000e-01  2.80469632e-01 
 4.15311640e-07  7.90000000e-01  2.80426935e-01 
 4.16311640e-07  7.90000000e-01  2.80386911e-01 
 4.17311640e-07  7.90000000e-01  2.80350171e-01 
 4.18311640e-07  7.90000000e-01  2.80317254e-01 
 4.19311640e-07  7.90000000e-01  2.80288619e-01 
 4.20311640e-07  7.90000000e-01  2.80264631e-01 
 4.21311640e-07  7.90000000e-01  2.80245575e-01 
 4.22311640e-07  7.90000000e-01  2.80231657e-01 
 4.23311640e-07  7.90000000e-01  2.80222980e-01 
 4.24311640e-07  7.90000000e-01  2.80219556e-01 
 4.25311640e-07  7.90000000e-01  2.80221316e-01 
 4.26311640e-07  7.90000000e-01  2.80228108e-01 
 4.27311640e-07  7.90000000e-01  2.80239708e-01 
 4.28311640e-07  7.90000000e-01  2.80255827e-01 
 4.29311640e-07  7.90000000e-01  2.80276115e-01 
 4.30311640e-07  7.90000000e-01  2.80300173e-01 
 4.31311640e-07  7.90000000e-01  2.80327558e-01 
 4.32311640e-07  7.90000000e-01  2.80357793e-01 
 4.33311640e-07  7.90000000e-01  2.80390375e-01 
 4.34311640e-07  7.90000000e-01  2.80424780e-01 
 4.35311640e-07  7.90000000e-01  2.80460467e-01 
 4.36311640e-07  7.90000000e-01  2.80496894e-01 
 4.37311640e-07  7.90000000e-01  2.80533523e-01 
 4.38311640e-07  7.90000000e-01  2.80569821e-01 
 4.39311640e-07  7.90000000e-01  2.80605266e-01 
 4.40311640e-07  7.90000000e-01  2.80639357e-01 
 4.41311640e-07  7.90000000e-01  2.80671618e-01 
 4.42311640e-07  7.90000000e-01  2.80701599e-01 
 4.43311640e-07  7.90000000e-01  2.80728888e-01 
 4.44311640e-07  7.90000000e-01  2.80753111e-01 
 4.45311640e-07  7.90000000e-01  2.80773941e-01 
 4.46311640e-07  7.90000000e-01  2.80791098e-01 
 4.47311640e-07  7.90000000e-01  2.80804351e-01 
 4.48311640e-07  7.90000000e-01  2.80813542e-01 
 4.49311640e-07  7.90000000e-01  2.80818565e-01 
 4.50311640e-07  7.90000000e-01  2.80819376e-01 
 4.51311640e-07  7.90000000e-01  2.80815998e-01 
 4.52311640e-07  7.90000000e-01  2.80808516e-01 
 4.53311640e-07  7.90000000e-01  2.80797082e-01 
 4.54311640e-07  7.90000000e-01  2.80781909e-01 
 4.55311640e-07  7.90000000e-01  2.80763273e-01 
 4.56311640e-07  7.90000000e-01  2.80741500e-01 
 4.57311640e-07  7.90000000e-01  2.80716977e-01 
 4.58311640e-07  7.90000000e-01  2.80690121e-01 
 4.59311640e-07  7.90000000e-01  2.80661392e-01 
 4.60311640e-07  7.90000000e-01  2.80631278e-01 
 4.61311640e-07  7.90000000e-01  2.80600287e-01 
 4.62311640e-07  7.90000000e-01  2.80568934e-01 
 4.63311640e-07  7.90000000e-01  2.80537737e-01 
 4.64311640e-07  7.90000000e-01  2.80507200e-01 
 4.65311640e-07  7.90000000e-01  2.80477811e-01 
 4.66311640e-07  7.90000000e-01  2.80450026e-01 
 4.67311640e-07  7.90000000e-01  2.80424270e-01 
 4.68311640e-07  7.90000000e-01  2.80400920e-01 
 4.69311640e-07  7.90000000e-01  2.80380308e-01 
 4.70311640e-07  7.90000000e-01  2.80362712e-01 
 4.71311640e-07  7.90000000e-01  2.80348352e-01 
 4.72311640e-07  7.90000000e-01  2.80337391e-01 
 4.73311640e-07  7.90000000e-01  2.80329930e-01 
 4.74311640e-07  7.90000000e-01  2.80326011e-01 
 4.75311640e-07  7.90000000e-01  2.80325626e-01 
 4.76311640e-07  7.90000000e-01  2.80328706e-01 
 4.77311640e-07  7.90000000e-01  2.80335132e-01 
 4.78311640e-07  7.90000000e-01  2.80344734e-01 
 4.79311640e-07  7.90000000e-01  2.80357299e-01 
 4.80311640e-07  7.90000000e-01  2.80372581e-01 
 4.81311640e-07  7.90000000e-01  2.80390288e-01 
 4.82311640e-07  7.90000000e-01  2.80410105e-01 
 4.83311640e-07  7.90000000e-01  2.80431697e-01 
 4.84311640e-07  7.90000000e-01  2.80454708e-01 
 4.85311640e-07  7.90000000e-01  2.80478771e-01 
 4.86311640e-07  7.90000000e-01  2.80503511e-01 
 4.87311640e-07  7.90000000e-01  2.80528550e-01 
 4.88311640e-07  7.90000000e-01  2.80553514e-01 
 4.89311640e-07  7.90000000e-01  2.80578033e-01 
 4.90311640e-07  7.90000000e-01  2.80601752e-01 
 4.91311640e-07  7.90000000e-01  2.80624330e-01 
 4.92311640e-07  7.90000000e-01  2.80645448e-01 
 4.93311640e-07  7.90000000e-01  2.80664809e-01 
 4.94311640e-07  7.90000000e-01  2.80682146e-01 
 4.95311640e-07  7.90000000e-01  2.80697223e-01 
 4.96311640e-07  7.90000000e-01  2.80709838e-01 
 4.97311640e-07  7.90000000e-01  2.80719828e-01 
 4.98311640e-07  7.90000000e-01  2.80727069e-01 
 4.99311640e-07  7.90000000e-01  2.80731480e-01 
 5.00311640e-07  7.90000000e-01  2.80733021e-01 
 5.01311640e-07  7.90000000e-01  2.80731700e-01 
 5.02311640e-07  7.90000000e-01  2.80727565e-01 
 5.03311640e-07  7.90000000e-01  2.80720712e-01 
 5.04311640e-07  7.90000000e-01  2.80711275e-01 
 5.05311640e-07  7.90000000e-01  2.80699431e-01 
 5.06311640e-07  7.90000000e-01  2.80685394e-01 
 5.07311640e-07  7.90000000e-01  2.80669411e-01 
 5.08311640e-07  7.90000000e-01  2.80651759e-01 
 5.09311640e-07  7.90000000e-01  2.80632741e-01 
 5.10311640e-07  7.90000000e-01  2.80612677e-01 
 5.11311640e-07  7.90000000e-01  2.80591902e-01 
 5.12311640e-07  7.90000000e-01  2.80570759e-01 
 5.13311640e-07  7.90000000e-01  2.80549592e-01 
 5.14311640e-07  7.90000000e-01  2.80528741e-01 
 5.15311640e-07  7.90000000e-01  2.80508535e-01 
 5.16311640e-07  7.90000000e-01  2.80489286e-01 
 5.17311640e-07  7.90000000e-01  2.80471288e-01 
 5.18311640e-07  7.90000000e-01  2.80454805e-01 
 5.19311640e-07  7.90000000e-01  2.80440074e-01 
 5.20311640e-07  7.90000000e-01  2.80427297e-01 
 5.21311640e-07  7.90000000e-01  2.80416640e-01 
 5.22311640e-07  7.90000000e-01  2.80408232e-01 
 5.23311640e-07  7.90000000e-01  2.80402164e-01 
 5.24311640e-07  7.90000000e-01  2.80398485e-01 
 5.25311640e-07  7.90000000e-01  2.80397207e-01 
 5.26311640e-07  7.90000000e-01  2.80398303e-01 
 5.27311640e-07  7.90000000e-01  2.80401712e-01 
 5.28311640e-07  7.90000000e-01  2.80407336e-01 
 5.29311640e-07  7.90000000e-01  2.80415046e-01 
 5.30311640e-07  7.90000000e-01  2.80424686e-01 
 5.31311640e-07  7.90000000e-01  2.80436073e-01 
 5.32311640e-07  7.90000000e-01  2.80449001e-01 
 5.33311640e-07  7.90000000e-01  2.80463247e-01 
 5.34311640e-07  7.90000000e-01  2.80478573e-01 
 5.35311640e-07  7.90000000e-01  2.80494729e-01 
 5.36311640e-07  7.90000000e-01  2.80511458e-01 
 5.37311640e-07  7.90000000e-01  2.80528500e-01 
 5.38311640e-07  7.90000000e-01  2.80545593e-01 
 5.39311640e-07  7.90000000e-01  2.80562480e-01 
 5.40311640e-07  7.90000000e-01  2.80578911e-01 
 5.41311640e-07  7.90000000e-01  2.80594646e-01 
 5.42311640e-07  7.90000000e-01  2.80609457e-01 
 5.43311640e-07  7.90000000e-01  2.80623134e-01 
 5.44311640e-07  7.90000000e-01  2.80635486e-01 
 5.45311640e-07  7.90000000e-01  2.80646344e-01 
 5.46311640e-07  7.90000000e-01  2.80655560e-01 
 5.47311640e-07  7.90000000e-01  2.80663016e-01 
 5.48311640e-07  7.90000000e-01  2.80668620e-01 
 5.49311640e-07  7.90000000e-01  2.80672307e-01 
 5.50311640e-07  7.90000000e-01  2.80674045e-01 
 5.51311640e-07  7.90000000e-01  2.80673829e-01 
 5.52311640e-07  7.90000000e-01  2.80671686e-01 
 5.53311640e-07  7.90000000e-01  2.80667672e-01 
 5.54311640e-07  7.90000000e-01  2.80661873e-01 
 5.55311640e-07  7.90000000e-01  2.80654400e-01 
 5.56311640e-07  7.90000000e-01  2.80645392e-01 
 5.57311640e-07  7.90000000e-01  2.80635009e-01 
 5.58311640e-07  7.90000000e-01  2.80623432e-01 
 5.59311640e-07  7.90000000e-01  2.80610860e-01 
 5.60311640e-07  7.90000000e-01  2.80597504e-01 
 5.61311640e-07  7.90000000e-01  2.80583588e-01 
 5.62311640e-07  7.90000000e-01  2.80569338e-01 
 5.63311640e-07  7.90000000e-01  2.80554986e-01 
 5.64311640e-07  7.90000000e-01  2.80540761e-01 
 5.65311640e-07  7.90000000e-01  2.80526886e-01 
 5.66311640e-07  7.90000000e-01  2.80513576e-01 
 5.67311640e-07  7.90000000e-01  2.80501033e-01 
 5.68311640e-07  7.90000000e-01  2.80489441e-01 
 5.69311640e-07  7.90000000e-01  2.80478969e-01 
 5.70311640e-07  7.90000000e-01  2.80469762e-01 
 5.71311640e-07  7.90000000e-01  2.80461943e-01 
 5.72311640e-07  7.90000000e-01  2.80455611e-01 
 5.73311640e-07  7.90000000e-01  2.80450839e-01 
 5.74311640e-07  7.90000000e-01  2.80447673e-01 
 5.75311640e-07  7.90000000e-01  2.80446135e-01 
 5.76311640e-07  7.90000000e-01  2.80446218e-01 
 5.77311640e-07  7.90000000e-01  2.80447892e-01 
 5.78311640e-07  7.90000000e-01  2.80451104e-01 
 5.79311640e-07  7.90000000e-01  2.80455776e-01 
 5.80311640e-07  7.90000000e-01  2.80461810e-01 
 5.81311640e-07  7.90000000e-01  2.80469090e-01 
 5.82311640e-07  7.90000000e-01  2.80477483e-01 
 5.83311640e-07  7.90000000e-01  2.80486841e-01 
 5.84311640e-07  7.90000000e-01  2.80497007e-01 
 5.85311640e-07  7.90000000e-01  2.80507811e-01 
 5.86311640e-07  7.90000000e-01  2.80519080e-01 
 5.87311640e-07  7.90000000e-01  2.80530634e-01 
 5.88311640e-07  7.90000000e-01  2.80542294e-01 
 5.89311640e-07  7.90000000e-01  2.80553881e-01 
 5.90311640e-07  7.90000000e-01  2.80565222e-01 
 5.91311640e-07  7.90000000e-01  2.80576147e-01 
 5.92311640e-07  7.90000000e-01  2.80586497e-01 
 5.93311640e-07  7.90000000e-01  2.80596124e-01 
 5.94311640e-07  7.90000000e-01  2.80604890e-01 
 5.95311640e-07  7.90000000e-01  2.80612674e-01 
 5.96311640e-07  7.90000000e-01  2.80619370e-01 
 5.97311640e-07  7.90000000e-01  2.80624892e-01 
 5.98311640e-07  7.90000000e-01  2.80629169e-01 
 5.99311640e-07  7.90000000e-01  2.80632153e-01 
 6.00311640e-07  7.90000000e-01  2.80633814e-01 
 6.01311640e-07  7.90000000e-01  2.80634144e-01 
 6.02311640e-07  7.90000000e-01  2.80633155e-01 
 6.03311640e-07  7.90000000e-01  2.80630880e-01 
 6.04311640e-07  7.90000000e-01  2.80627370e-01 
 6.05311640e-07  7.90000000e-01  2.80622697e-01 
 6.06311640e-07  7.90000000e-01  2.80616948e-01 
 6.07311640e-07  7.90000000e-01  2.80610228e-01 
 6.08311640e-07  7.90000000e-01  2.80602656e-01 
 6.09311640e-07  7.90000000e-01  2.80594360e-01 
 6.10311640e-07  7.90000000e-01  2.80585483e-01 
 6.11311640e-07  7.90000000e-01  2.80576170e-01 
 6.12311640e-07  7.90000000e-01  2.80566576e-01 
 6.13311640e-07  7.90000000e-01  2.80556855e-01 
 6.14311640e-07  7.90000000e-01  2.80547161e-01 
 6.15311640e-07  7.90000000e-01  2.80537648e-01 
 6.16311640e-07  7.90000000e-01  2.80528461e-01 
 6.17311640e-07  7.90000000e-01  2.80519740e-01 
 6.18311640e-07  7.90000000e-01  2.80511614e-01 
 6.19311640e-07  7.90000000e-01  2.80504203e-01 
 6.20311640e-07  7.90000000e-01  2.80497609e-01 
 6.21311640e-07  7.90000000e-01  2.80491923e-01 
 6.22311640e-07  7.90000000e-01  2.80487218e-01 
 6.23311640e-07  7.90000000e-01  2.80483552e-01 
 6.24311640e-07  7.90000000e-01  2.80480964e-01 
 6.25311640e-07  7.90000000e-01  2.80479476e-01 
 6.26311640e-07  7.90000000e-01  2.80479091e-01 
 6.27311640e-07  7.90000000e-01  2.80479799e-01 
 6.28311640e-07  7.90000000e-01  2.80481568e-01 
 6.29311640e-07  7.90000000e-01  2.80484353e-01 
 6.30311640e-07  7.90000000e-01  2.80488095e-01 
 6.31311640e-07  7.90000000e-01  2.80492719e-01 
 6.32311640e-07  7.90000000e-01  2.80498140e-01 
 6.33311640e-07  7.90000000e-01  2.80504261e-01 
 6.34311640e-07  7.90000000e-01  2.80510977e-01 
 6.35311640e-07  7.90000000e-01  2.80518176e-01 
 6.36311640e-07  7.90000000e-01  2.80525740e-01 
 6.37311640e-07  7.90000000e-01  2.80533547e-01 
 6.38311640e-07  7.90000000e-01  2.80541474e-01 
 6.39311640e-07  7.90000000e-01  2.80549400e-01 
 6.40311640e-07  7.90000000e-01  2.80557202e-01 
 6.41311640e-07  7.90000000e-01  2.80564763e-01 
 6.42311640e-07  7.90000000e-01  2.80571972e-01 
 6.43311640e-07  7.90000000e-01  2.80578724e-01 
 6.44311640e-07  7.90000000e-01  2.80584922e-01 
 6.45311640e-07  7.90000000e-01  2.80590479e-01 
 6.46311640e-07  7.90000000e-01  2.80595319e-01 
 6.47311640e-07  7.90000000e-01  2.80599378e-01 
 6.48311640e-07  7.90000000e-01  2.80602605e-01 
 6.49311640e-07  7.90000000e-01  2.80604961e-01 
 6.50311640e-07  7.90000000e-01  2.80606421e-01 
 6.51311640e-07  7.90000000e-01  2.80606977e-01 
 6.52311640e-07  7.90000000e-01  2.80606631e-01 
 6.53311640e-07  7.90000000e-01  2.80605401e-01 
 6.54311640e-07  7.90000000e-01  2.80603319e-01 
 6.55311640e-07  7.90000000e-01  2.80600428e-01 
 6.56311640e-07  7.90000000e-01  2.80596784e-01 
 6.57311640e-07  7.90000000e-01  2.80592456e-01 
 6.58311640e-07  7.90000000e-01  2.80587519e-01 
 6.59311640e-07  7.90000000e-01  2.80582059e-01 
 6.60311640e-07  7.90000000e-01  2.80576170e-01 
 6.61311640e-07  7.90000000e-01  2.80569949e-01 
 6.62311640e-07  7.90000000e-01  2.80563499e-01 
 6.63311640e-07  7.90000000e-01  2.80556923e-01 
 6.64311640e-07  7.90000000e-01  2.80550327e-01 
 6.65311640e-07  7.90000000e-01  2.80543814e-01 
 6.66311640e-07  7.90000000e-01  2.80537485e-01 
 6.67311640e-07  7.90000000e-01  2.80531436e-01 
 6.68311640e-07  7.90000000e-01  2.80525757e-01 
 6.69311640e-07  7.90000000e-01  2.80520531e-01 
 6.70311640e-07  7.90000000e-01  2.80515832e-01 
 6.71311640e-07  7.90000000e-01  2.80511725e-01 
 6.72311640e-07  7.90000000e-01  2.80508266e-01 
 6.73311640e-07  7.90000000e-01  2.80505496e-01 
 6.74311640e-07  7.90000000e-01  2.80503448e-01 
 6.75311640e-07  7.90000000e-01  2.80502142e-01 
 6.76311640e-07  7.90000000e-01  2.80501586e-01 
 6.77311640e-07  7.90000000e-01  2.80501776e-01 
 6.78311640e-07  7.90000000e-01  2.80502697e-01 
 6.79311640e-07  7.90000000e-01  2.80504322e-01 
 6.80311640e-07  7.90000000e-01  2.80506615e-01 
 6.81311640e-07  7.90000000e-01  2.80509531e-01 
 6.82311640e-07  7.90000000e-01  2.80513012e-01 
 6.83311640e-07  7.90000000e-01  2.80516998e-01 
 6.84311640e-07  7.90000000e-01  2.80521418e-01 
 6.85311640e-07  7.90000000e-01  2.80526198e-01 
 6.86311640e-07  7.90000000e-01  2.80531258e-01 
 6.87311640e-07  7.90000000e-01  2.80536517e-01 
 6.88311640e-07  7.90000000e-01  2.80541891e-01 
 6.89311640e-07  7.90000000e-01  2.80547296e-01 
 6.90311640e-07  7.90000000e-01  2.80552648e-01 
 6.91311640e-07  7.90000000e-01  2.80557866e-01 
 6.92311640e-07  7.90000000e-01  2.80562872e-01 
 6.93311640e-07  7.90000000e-01  2.80567592e-01 
 6.94311640e-07  7.90000000e-01  2.80571959e-01 
 6.95311640e-07  7.90000000e-01  2.80575911e-01 
 6.96311640e-07  7.90000000e-01  2.80579392e-01 
 6.97311640e-07  7.90000000e-01  2.80582356e-01 
 6.98311640e-07  7.90000000e-01  2.80584765e-01 
 6.99311640e-07  7.90000000e-01  2.80586589e-01 
 7.00311640e-07  7.90000000e-01  2.80587809e-01 
 7.01311640e-07  7.90000000e-01  2.80588415e-01 
 7.02311640e-07  7.90000000e-01  2.80588406e-01 
 7.03311640e-07  7.90000000e-01  2.80587791e-01 
 7.04311640e-07  7.90000000e-01  2.80586587e-01 
 7.05311640e-07  7.90000000e-01  2.80584823e-01 
 7.06311640e-07  7.90000000e-01  2.80582532e-01 
 7.07311640e-07  7.90000000e-01  2.80579759e-01 
 7.08311640e-07  7.90000000e-01  2.80576554e-01 
 7.09311640e-07  7.90000000e-01  2.80572972e-01 
 7.10311640e-07  7.90000000e-01  2.80569074e-01 
 7.11311640e-07  7.90000000e-01  2.80564927e-01 
 7.12311640e-07  7.90000000e-01  2.80560599e-01 
 7.13311640e-07  7.90000000e-01  2.80556158e-01 
 7.14311640e-07  7.90000000e-01  2.80551678e-01 
 7.15311640e-07  7.90000000e-01  2.80547227e-01 
 7.16311640e-07  7.90000000e-01  2.80542875e-01 
 7.17311640e-07  7.90000000e-01  2.80538688e-01 
 7.18311640e-07  7.90000000e-01  2.80534730e-01 
 7.19311640e-07  7.90000000e-01  2.80531057e-01 
 7.20311640e-07  7.90000000e-01  2.80527723e-01 
 7.21311640e-07  7.90000000e-01  2.80524774e-01 
 7.22311640e-07  7.90000000e-01  2.80522251e-01 
 7.23311640e-07  7.90000000e-01  2.80520185e-01 
 7.24311640e-07  7.90000000e-01  2.80518601e-01 
 7.25311640e-07  7.90000000e-01  2.80517517e-01 
 7.26311640e-07  7.90000000e-01  2.80516940e-01 
 7.27311640e-07  7.90000000e-01  2.80516873e-01 
 7.28311640e-07  7.90000000e-01  2.80517306e-01 
 7.29311640e-07  7.90000000e-01  2.80518227e-01 
 7.30311640e-07  7.90000000e-01  2.80519613e-01 
 7.31311640e-07  7.90000000e-01  2.80521434e-01 
 7.32311640e-07  7.90000000e-01  2.80523657e-01 
 7.33311640e-07  7.90000000e-01  2.80526240e-01 
 7.34311640e-07  7.90000000e-01  2.80529137e-01 
 7.35311640e-07  7.90000000e-01  2.80532300e-01 
 7.36311640e-07  7.90000000e-01  2.80535675e-01 
 7.37311640e-07  7.90000000e-01  2.80539207e-01 
 7.38311640e-07  7.90000000e-01  2.80542840e-01 
 7.39311640e-07  7.90000000e-01  2.80546515e-01 
 7.40311640e-07  7.90000000e-01  2.80550176e-01 
 7.41311640e-07  7.90000000e-01  2.80553767e-01 
 7.42311640e-07  7.90000000e-01  2.80557234e-01 
 7.43311640e-07  7.90000000e-01  2.80560524e-01 
 7.44311640e-07  7.90000000e-01  2.80563591e-01 
 7.45311640e-07  7.90000000e-01  2.80566390e-01 
 7.46311640e-07  7.90000000e-01  2.80568882e-01 
 7.47311640e-07  7.90000000e-01  2.80571033e-01 
 7.48311640e-07  7.90000000e-01  2.80572816e-01 
 7.49311640e-07  7.90000000e-01  2.80574207e-01 
 7.50311640e-07  7.90000000e-01  2.80575192e-01 
 7.51311640e-07  7.90000000e-01  2.80575760e-01 
 7.52311640e-07  7.90000000e-01  2.80575909e-01 
 7.53311640e-07  7.90000000e-01  2.80575644e-01 
 7.54311640e-07  7.90000000e-01  2.80574973e-01 
 7.55311640e-07  7.90000000e-01  2.80573914e-01 
 7.56311640e-07  7.90000000e-01  2.80572488e-01 
 7.57311640e-07  7.90000000e-01  2.80570723e-01 
 7.58311640e-07  7.90000000e-01  2.80568652e-01 
 7.59311640e-07  7.90000000e-01  2.80566310e-01 
 7.60311640e-07  7.90000000e-01  2.80563738e-01 
 7.61311640e-07  7.90000000e-01  2.80560980e-01 
 7.62311640e-07  7.90000000e-01  2.80558081e-01 
 7.63311640e-07  7.90000000e-01  2.80555088e-01 
 7.64311640e-07  7.90000000e-01  2.80552050e-01 
 7.65311640e-07  7.90000000e-01  2.80549015e-01 
 7.66311640e-07  7.90000000e-01  2.80546028e-01 
 7.67311640e-07  7.90000000e-01  2.80543137e-01 
 7.68311640e-07  7.90000000e-01  2.80540385e-01 
 7.69311640e-07  7.90000000e-01  2.80537812e-01 
 7.70311640e-07  7.90000000e-01  2.80535455e-01 
 7.71311640e-07  7.90000000e-01  2.80533348e-01 
 7.72311640e-07  7.90000000e-01  2.80531520e-01 
 7.73311640e-07  7.90000000e-01  2.80529995e-01 
 7.74311640e-07  7.90000000e-01  2.80528791e-01 
 7.75311640e-07  7.90000000e-01  2.80527922e-01 
 7.76311640e-07  7.90000000e-01  2.80527396e-01 
 7.77311640e-07  7.90000000e-01  2.80527217e-01 
 7.78311640e-07  7.90000000e-01  2.80527381e-01 
 7.79311640e-07  7.90000000e-01  2.80527880e-01 
 7.80311640e-07  7.90000000e-01  2.80528702e-01 
 7.81311640e-07  7.90000000e-01  2.80529829e-01 
 7.82311640e-07  7.90000000e-01  2.80531237e-01 
 7.83311640e-07  7.90000000e-01  2.80532902e-01 
 7.84311640e-07  7.90000000e-01  2.80534794e-01 
 7.85311640e-07  7.90000000e-01  2.80536879e-01 
 7.86311640e-07  7.90000000e-01  2.80539123e-01 
 7.87311640e-07  7.90000000e-01  2.80541489e-01 
 7.88311640e-07  7.90000000e-01  2.80543938e-01 
 7.89311640e-07  7.90000000e-01  2.80546431e-01 
 7.90311640e-07  7.90000000e-01  2.80548929e-01 
 7.91311640e-07  7.90000000e-01  2.80551394e-01 
 7.92311640e-07  7.90000000e-01  2.80553788e-01 
 7.93311640e-07  7.90000000e-01  2.80556075e-01 
 7.94311640e-07  7.90000000e-01  2.80558222e-01 
 7.95311640e-07  7.90000000e-01  2.80560198e-01 
 7.96311640e-07  7.90000000e-01  2.80561974e-01 
 7.97311640e-07  7.90000000e-01  2.80563527e-01 
 7.98311640e-07  7.90000000e-01  2.80564835e-01 
 7.99311640e-07  7.90000000e-01  2.80565883e-01 
 8.00311640e-07  7.90000000e-01  2.80566657e-01 
 8.01311640e-07  7.90000000e-01  2.80567150e-01 
 8.02311640e-07  7.90000000e-01  2.80567359e-01 
 8.03311640e-07  7.90000000e-01  2.80567284e-01 
 8.04311640e-07  7.90000000e-01  2.80566930e-01 
 8.05311640e-07  7.90000000e-01  2.80566308e-01 
 8.06311640e-07  7.90000000e-01  2.80565431e-01 
 8.07311640e-07  7.90000000e-01  2.80564316e-01 
 8.08311640e-07  7.90000000e-01  2.80562984e-01 
 8.09311640e-07  7.90000000e-01  2.80561459e-01 
 8.10311640e-07  7.90000000e-01  2.80559767e-01 
 8.11311640e-07  7.90000000e-01  2.80557937e-01 
 8.12311640e-07  7.90000000e-01  2.80556001e-01 
 8.13311640e-07  7.90000000e-01  2.80553988e-01 
 8.14311640e-07  7.90000000e-01  2.80551932e-01 
 8.15311640e-07  7.90000000e-01  2.80549866e-01 
 8.16311640e-07  7.90000000e-01  2.80547821e-01 
 8.17311640e-07  7.90000000e-01  2.80545829e-01 
 8.18311640e-07  7.90000000e-01  2.80543920e-01 
 8.19311640e-07  7.90000000e-01  2.80542122e-01 
 8.20311640e-07  7.90000000e-01  2.80540462e-01 
 8.21311640e-07  7.90000000e-01  2.80538963e-01 
 8.22311640e-07  7.90000000e-01  2.80537647e-01 
 8.23311640e-07  7.90000000e-01  2.80536530e-01 
 8.24311640e-07  7.90000000e-01  2.80535627e-01 
 8.25311640e-07  7.90000000e-01  2.80534948e-01 
 8.26311640e-07  7.90000000e-01  2.80534501e-01 
 8.27311640e-07  7.90000000e-01  2.80534289e-01 
 8.28311640e-07  7.90000000e-01  2.80534311e-01 
 8.29311640e-07  7.90000000e-01  2.80534563e-01 
 8.30311640e-07  7.90000000e-01  2.80535039e-01 
 8.31311640e-07  7.90000000e-01  2.80535726e-01 
 8.32311640e-07  7.90000000e-01  2.80536612e-01 
 8.33311640e-07  7.90000000e-01  2.80537680e-01 
 8.34311640e-07  7.90000000e-01  2.80538909e-01 
 8.35311640e-07  7.90000000e-01  2.80540279e-01 
 8.36311640e-07  7.90000000e-01  2.80541766e-01 
 8.37311640e-07  7.90000000e-01  2.80543346e-01 
 8.38311640e-07  7.90000000e-01  2.80544992e-01 
 8.39311640e-07  7.90000000e-01  2.80546679e-01 
 8.40311640e-07  7.90000000e-01  2.80548380e-01 
 8.41311640e-07  7.90000000e-01  2.80550067e-01 
 8.42311640e-07  7.90000000e-01  2.80551716e-01 
 8.43311640e-07  7.90000000e-01  2.80553302e-01 
 8.44311640e-07  7.90000000e-01  2.80554801e-01 
 8.45311640e-07  7.90000000e-01  2.80556190e-01 
 8.46311640e-07  7.90000000e-01  2.80557452e-01 
 8.47311640e-07  7.90000000e-01  2.80558566e-01 
 8.48311640e-07  7.90000000e-01  2.80559520e-01 
 8.49311640e-07  7.90000000e-01  2.80560301e-01 
 8.50311640e-07  7.90000000e-01  2.80560898e-01 
 8.51311640e-07  7.90000000e-01  2.80561306e-01 
 8.52311640e-07  7.90000000e-01  2.80561520e-01 
 8.53311640e-07  7.90000000e-01  2.80561542e-01 
 8.54311640e-07  7.90000000e-01  2.80561372e-01 
 8.55311640e-07  7.90000000e-01  2.80561017e-01 
 8.56311640e-07  7.90000000e-01  2.80560485e-01 
 8.57311640e-07  7.90000000e-01  2.80559787e-01 
 8.58311640e-07  7.90000000e-01  2.80558936e-01 
 8.59311640e-07  7.90000000e-01  2.80557947e-01 
 8.60311640e-07  7.90000000e-01  2.80556838e-01 
 8.61311640e-07  7.90000000e-01  2.80555628e-01 
 8.62311640e-07  7.90000000e-01  2.80554337e-01 
 8.63311640e-07  7.90000000e-01  2.80552987e-01 
 8.64311640e-07  7.90000000e-01  2.80551599e-01 
 8.65311640e-07  7.90000000e-01  2.80550195e-01 
 8.66311640e-07  7.90000000e-01  2.80548797e-01 
 8.67311640e-07  7.90000000e-01  2.80547428e-01 
 8.68311640e-07  7.90000000e-01  2.80546107e-01 
 8.69311640e-07  7.90000000e-01  2.80544855e-01 
 8.70311640e-07  7.90000000e-01  2.80543689e-01 
 8.71311640e-07  7.90000000e-01  2.80542627e-01 
 8.72311640e-07  7.90000000e-01  2.80541684e-01 
 8.73311640e-07  7.90000000e-01  2.80540872e-01 
 8.74311640e-07  7.90000000e-01  2.80540202e-01 
 8.75311640e-07  7.90000000e-01  2.80539681e-01 
 8.76311640e-07  7.90000000e-01  2.80539317e-01 
 8.77311640e-07  7.90000000e-01  2.80539111e-01 
 8.78311640e-07  7.90000000e-01  2.80539065e-01 
 8.79311640e-07  7.90000000e-01  2.80539178e-01 
 8.80311640e-07  7.90000000e-01  2.80539443e-01 
 8.81311640e-07  7.90000000e-01  2.80539857e-01 
 8.82311640e-07  7.90000000e-01  2.80540408e-01 
 8.83311640e-07  7.90000000e-01  2.80541088e-01 
 8.84311640e-07  7.90000000e-01  2.80541883e-01 
 8.85311640e-07  7.90000000e-01  2.80542780e-01 
 8.86311640e-07  7.90000000e-01  2.80543762e-01 
 8.87311640e-07  7.90000000e-01  2.80544814e-01 
 8.88311640e-07  7.90000000e-01  2.80545918e-01 
 8.89311640e-07  7.90000000e-01  2.80547057e-01 
 8.90311640e-07  7.90000000e-01  2.80548211e-01 
 8.91311640e-07  7.90000000e-01  2.80549364e-01 
 8.92311640e-07  7.90000000e-01  2.80550497e-01 
 8.93311640e-07  7.90000000e-01  2.80551594e-01 
 8.94311640e-07  7.90000000e-01  2.80552637e-01 
 8.95311640e-07  7.90000000e-01  2.80553611e-01 
 8.96311640e-07  7.90000000e-01  2.80554503e-01 
 8.97311640e-07  7.90000000e-01  2.80555300e-01 
 8.98311640e-07  7.90000000e-01  2.80555991e-01 
 8.99311640e-07  7.90000000e-01  2.80556567e-01 
 9.00311640e-07  7.90000000e-01  2.80557021e-01 
 9.01311640e-07  7.90000000e-01  2.80557347e-01 
 9.02311640e-07  7.90000000e-01  2.80557543e-01 
 9.03311640e-07  7.90000000e-01  2.80557607e-01 
 9.04311640e-07  7.90000000e-01  2.80557541e-01 
 9.05311640e-07  7.90000000e-01  2.80557347e-01 
 9.06311640e-07  7.90000000e-01  2.80557030e-01 
 9.07311640e-07  7.90000000e-01  2.80556597e-01 
 9.08311640e-07  7.90000000e-01  2.80556057e-01 
 9.09311640e-07  7.90000000e-01  2.80555419e-01 
 9.10311640e-07  7.90000000e-01  2.80554695e-01 
 9.11311640e-07  7.90000000e-01  2.80553897e-01 
 9.12311640e-07  7.90000000e-01  2.80553039e-01 
 9.13311640e-07  7.90000000e-01  2.80552135e-01 
 9.14311640e-07  7.90000000e-01  2.80551200e-01 
 9.15311640e-07  7.90000000e-01  2.80550248e-01 
 9.16311640e-07  7.90000000e-01  2.80549295e-01 
 9.17311640e-07  7.90000000e-01  2.80548356e-01 
 9.18311640e-07  7.90000000e-01  2.80547444e-01 
 9.19311640e-07  7.90000000e-01  2.80546574e-01 
 9.20311640e-07  7.90000000e-01  2.80545758e-01 
 9.21311640e-07  7.90000000e-01  2.80545008e-01 
 9.22311640e-07  7.90000000e-01  2.80544336e-01 
 9.23311640e-07  7.90000000e-01  2.80543749e-01 
 9.24311640e-07  7.90000000e-01  2.80543256e-01 
 9.25311640e-07  7.90000000e-01  2.80542863e-01 
 9.26311640e-07  7.90000000e-01  2.80542574e-01 
 9.27311640e-07  7.90000000e-01  2.80542393e-01 
 9.28311640e-07  7.90000000e-01  2.80542320e-01 
 9.29311640e-07  7.90000000e-01  2.80542356e-01 
 9.30311640e-07  7.90000000e-01  2.80542497e-01 
 9.31311640e-07  7.90000000e-01  2.80542740e-01 
 9.32311640e-07  7.90000000e-01  2.80543080e-01 
 9.33311640e-07  7.90000000e-01  2.80543510e-01 
 9.34311640e-07  7.90000000e-01  2.80544021e-01 
 9.35311640e-07  7.90000000e-01  2.80544605e-01 
 9.36311640e-07  7.90000000e-01  2.80545252e-01 
 9.37311640e-07  7.90000000e-01  2.80545951e-01 
 9.38311640e-07  7.90000000e-01  2.80546689e-01 
 9.39311640e-07  7.90000000e-01  2.80547456e-01 
 9.40311640e-07  7.90000000e-01  2.80548238e-01 
 9.41311640e-07  7.90000000e-01  2.80549023e-01 
 9.42311640e-07  7.90000000e-01  2.80549800e-01 
 9.43311640e-07  7.90000000e-01  2.80550556e-01 
 9.44311640e-07  7.90000000e-01  2.80551280e-01 
 9.45311640e-07  7.90000000e-01  2.80551962e-01 
 9.46311640e-07  7.90000000e-01  2.80552591e-01 
 9.47311640e-07  7.90000000e-01  2.80553158e-01 
 9.48311640e-07  7.90000000e-01  2.80553656e-01 
 9.49311640e-07  7.90000000e-01  2.80554077e-01 
 9.50311640e-07  7.90000000e-01  2.80554418e-01 
 9.51311640e-07  7.90000000e-01  2.80554673e-01 
 9.52311640e-07  7.90000000e-01  2.80554840e-01 
 9.53311640e-07  7.90000000e-01  2.80554917e-01 
 9.54311640e-07  7.90000000e-01  2.80554905e-01 
 9.55311640e-07  7.90000000e-01  2.80554806e-01 
 9.56311640e-07  7.90000000e-01  2.80554622e-01 
 9.57311640e-07  7.90000000e-01  2.80554357e-01 
 9.58311640e-07  7.90000000e-01  2.80554017e-01 
 9.59311640e-07  7.90000000e-01  2.80553607e-01 
 9.60311640e-07  7.90000000e-01  2.80553137e-01 
 9.61311640e-07  7.90000000e-01  2.80552612e-01 
 9.62311640e-07  7.90000000e-01  2.80552044e-01 
 9.63311640e-07  7.90000000e-01  2.80551440e-01 
 9.64311640e-07  7.90000000e-01  2.80550812e-01 
 9.65311640e-07  7.90000000e-01  2.80550168e-01 
 9.66311640e-07  7.90000000e-01  2.80549520e-01 
 9.67311640e-07  7.90000000e-01  2.80548877e-01 
 9.68311640e-07  7.90000000e-01  2.80548249e-01 
 9.69311640e-07  7.90000000e-01  2.80547646e-01 
 9.70311640e-07  7.90000000e-01  2.80547076e-01 
 9.71311640e-07  7.90000000e-01  2.80546549e-01 
 9.72311640e-07  7.90000000e-01  2.80546071e-01 
 9.73311640e-07  7.90000000e-01  2.80545649e-01 
 9.74311640e-07  7.90000000e-01  2.80545289e-01 
 9.75311640e-07  7.90000000e-01  2.80544996e-01 
 9.76311640e-07  7.90000000e-01  2.80544772e-01 
 9.77311640e-07  7.90000000e-01  2.80544621e-01 
 9.78311640e-07  7.90000000e-01  2.80544543e-01 
 9.79311640e-07  7.90000000e-01  2.80544540e-01 
 9.80311640e-07  7.90000000e-01  2.80544608e-01 
 9.81311640e-07  7.90000000e-01  2.80544748e-01 
 9.82311640e-07  7.90000000e-01  2.80544954e-01 
 9.83311640e-07  7.90000000e-01  2.80545223e-01 
 9.84311640e-07  7.90000000e-01  2.80545550e-01 
 9.85311640e-07  7.90000000e-01  2.80545929e-01 
 9.86311640e-07  7.90000000e-01  2.80546354e-01 
 9.87311640e-07  7.90000000e-01  2.80546816e-01 
 9.88311640e-07  7.90000000e-01  2.80547309e-01 
 9.89311640e-07  7.90000000e-01  2.80547823e-01 
 9.90311640e-07  7.90000000e-01  2.80548352e-01 
 9.91311640e-07  7.90000000e-01  2.80548886e-01 
 9.92311640e-07  7.90000000e-01  2.80549417e-01 
 9.93311640e-07  7.90000000e-01  2.80549937e-01 
 9.94311640e-07  7.90000000e-01  2.80550439e-01 
 9.95311640e-07  7.90000000e-01  2.80550914e-01 
 9.96311640e-07  7.90000000e-01  2.80551356e-01 
 9.97311640e-07  7.90000000e-01  2.80551758e-01 
 9.98311640e-07  7.90000000e-01  2.80552115e-01 
 9.99311640e-07  7.90000000e-01  2.80552421e-01 
 1.00000000e-06  7.90000000e-01  2.80552601e-01 
