 frequency       AmagdB          Aphdeg         
 1.00000000e+05 -3.56892648e-02 -2.77031337e-02 
 1.01152151e+05 -3.56842305e-02 -2.80223354e-02 
 1.02317577e+05 -3.56790796e-02 -2.83452156e-02 
 1.03496431e+05 -3.56738092e-02 -2.86718165e-02 
 1.04688866e+05 -3.56684167e-02 -2.90021811e-02 
 1.05895041e+05 -3.56628993e-02 -2.93363527e-02 
 1.07115112e+05 -3.56572539e-02 -2.96743753e-02 
 1.08349240e+05 -3.56514778e-02 -3.00162933e-02 
 1.09597588e+05 -3.56455677e-02 -3.03621515e-02 
 1.10860318e+05 -3.56395207e-02 -3.07119954e-02 
 1.12137597e+05 -3.56333335e-02 -3.10658709e-02 
 1.13429592e+05 -3.56270030e-02 -3.14238246e-02 
 1.14736472e+05 -3.56205257e-02 -3.17859034e-02 
 1.16058410e+05 -3.56138983e-02 -3.21521549e-02 
 1.17395579e+05 -3.56071172e-02 -3.25226272e-02 
 1.18748154e+05 -3.56001791e-02 -3.28973690e-02 
 1.20116312e+05 -3.55930801e-02 -3.32764295e-02 
 1.21500234e+05 -3.55858166e-02 -3.36598585e-02 
 1.22900101e+05 -3.55783848e-02 -3.40477063e-02 
 1.24316096e+05 -3.55707807e-02 -3.44400240e-02 
 1.25748406e+05 -3.55630003e-02 -3.48368631e-02 
 1.27197218e+05 -3.55550397e-02 -3.52382757e-02 
 1.28662722e+05 -3.55468945e-02 -3.56443146e-02 
 1.30145112e+05 -3.55385606e-02 -3.60550330e-02 
 1.31644581e+05 -3.55300335e-02 -3.64704850e-02 
 1.33161325e+05 -3.55213088e-02 -3.68907252e-02 
 1.34695546e+05 -3.55123819e-02 -3.73158087e-02 
 1.36247442e+05 -3.55032481e-02 -3.77457915e-02 
 1.37817219e+05 -3.54939025e-02 -3.81807300e-02 
 1.39405082e+05 -3.54843404e-02 -3.86206814e-02 
 1.41011240e+05 -3.54745567e-02 -3.90657035e-02 
 1.42635903e+05 -3.54645462e-02 -3.95158548e-02 
 1.44279285e+05 -3.54543037e-02 -3.99711944e-02 
 1.45941600e+05 -3.54438238e-02 -4.04317823e-02 
 1.47623069e+05 -3.54331010e-02 -4.08976789e-02 
 1.49323910e+05 -3.54221297e-02 -4.13689455e-02 
 1.51044348e+05 -3.54109041e-02 -4.18456440e-02 
 1.52784607e+05 -3.53994183e-02 -4.23278370e-02 
 1.54544917e+05 -3.53876663e-02 -4.28155881e-02 
 1.56325509e+05 -3.53756420e-02 -4.33089612e-02 
 1.58126615e+05 -3.53633389e-02 -4.38080213e-02 
 1.59948473e+05 -3.53507507e-02 -4.43128339e-02 
 1.61791322e+05 -3.53378708e-02 -4.48234655e-02 
 1.63655403e+05 -3.53246923e-02 -4.53399831e-02 
 1.65540961e+05 -3.53112084e-02 -4.58624547e-02 
 1.67448244e+05 -3.52974119e-02 -4.63909491e-02 
 1.69377501e+05 -3.52832957e-02 -4.69255355e-02 
 1.71328986e+05 -3.52688523e-02 -4.74662845e-02 
 1.73302956e+05 -3.52540742e-02 -4.80132671e-02 
 1.75299668e+05 -3.52389535e-02 -4.85665551e-02 
 1.77319386e+05 -3.52234824e-02 -4.91262215e-02 
 1.79362374e+05 -3.52076527e-02 -4.96923398e-02 
 1.81428900e+05 -3.51914561e-02 -5.02649845e-02 
 1.83519236e+05 -3.51748841e-02 -5.08442309e-02 
 1.85633655e+05 -3.51579279e-02 -5.14301552e-02 
 1.87772436e+05 -3.51405788e-02 -5.20228345e-02 
 1.89935859e+05 -3.51228276e-02 -5.26223468e-02 
 1.92124208e+05 -3.51046649e-02 -5.32287709e-02 
 1.94337770e+05 -3.50860813e-02 -5.38421867e-02 
 1.96576835e+05 -3.50670669e-02 -5.44626748e-02 
 1.98841698e+05 -3.50476118e-02 -5.50903170e-02 
 2.01132655e+05 -3.50277058e-02 -5.57251957e-02 
 2.03450008e+05 -3.50073384e-02 -5.63673947e-02 
 2.05794060e+05 -3.49864990e-02 -5.70169983e-02 
 2.08165120e+05 -3.49651765e-02 -5.76740922e-02 
 2.10563497e+05 -3.49433597e-02 -5.83387628e-02 
 2.12989507e+05 -3.49210373e-02 -5.90110976e-02 
 2.15443469e+05 -3.48981975e-02 -5.96911852e-02 
 2.17925704e+05 -3.48748284e-02 -6.03791151e-02 
 2.20436538e+05 -3.48509175e-02 -6.10749779e-02 
 2.22976301e+05 -3.48264524e-02 -6.17788651e-02 
 2.25545326e+05 -3.48014203e-02 -6.24908696e-02 
 2.28143949e+05 -3.47758080e-02 -6.32110852e-02 
 2.30772513e+05 -3.47496020e-02 -6.39396065e-02 
 2.33431362e+05 -3.47227885e-02 -6.46765298e-02 
 2.36120845e+05 -3.46953536e-02 -6.54219520e-02 
 2.38841315e+05 -3.46672827e-02 -6.61759713e-02 
 2.41593128e+05 -3.46385612e-02 -6.69386872e-02 
 2.44376647e+05 -3.46091740e-02 -6.77102001e-02 
 2.47192236e+05 -3.45791055e-02 -6.84906117e-02 
 2.50040265e+05 -3.45483401e-02 -6.92800248e-02 
 2.52921107e+05 -3.45168616e-02 -7.00785437e-02 
 2.55835142e+05 -3.44846534e-02 -7.08862734e-02 
 2.58782750e+05 -3.44516987e-02 -7.17033206e-02 
 2.61764319e+05 -3.44179801e-02 -7.25297929e-02 
 2.64780240e+05 -3.43834798e-02 -7.33657994e-02 
 2.67830910e+05 -3.43481799e-02 -7.42114502e-02 
 2.70916727e+05 -3.43120618e-02 -7.50668571e-02 
 2.74038098e+05 -3.42751064e-02 -7.59321328e-02 
 2.77195432e+05 -3.42372943e-02 -7.68073915e-02 
 2.80389144e+05 -3.41986058e-02 -7.76927486e-02 
 2.83619651e+05 -3.41590205e-02 -7.85883211e-02 
 2.86887379e+05 -3.41185175e-02 -7.94942272e-02 
 2.90192756e+05 -3.40770757e-02 -8.04105864e-02 
 2.93536216e+05 -3.40346733e-02 -8.13375196e-02 
 2.96918198e+05 -3.39912879e-02 -8.22751495e-02 
 3.00339145e+05 -3.39468968e-02 -8.32235996e-02 
 3.03799507e+05 -3.39014767e-02 -8.41829954e-02 
 3.07299737e+05 -3.38550036e-02 -8.51534635e-02 
 3.10840296e+05 -3.38074533e-02 -8.61351323e-02 
 3.14421647e+05 -3.37588007e-02 -8.71281313e-02 
 3.18044260e+05 -3.37090203e-02 -8.81325919e-02 
 3.21708612e+05 -3.36580858e-02 -8.91486469e-02 
 3.25415182e+05 -3.36059707e-02 -9.01764305e-02 
 3.29164458e+05 -3.35526473e-02 -9.12160786e-02 
 3.32956931e+05 -3.34980879e-02 -9.22677289e-02 
 3.36793099e+05 -3.34422636e-02 -9.33315203e-02 
 3.40673466e+05 -3.33851452e-02 -9.44075937e-02 
 3.44598540e+05 -3.33267027e-02 -9.54960914e-02 
 3.48568837e+05 -3.32669052e-02 -9.65971575e-02 
 3.52584878e+05 -3.32057216e-02 -9.77109378e-02 
 3.56647189e+05 -3.31431195e-02 -9.88375797e-02 
 3.60756305e+05 -3.30790660e-02 -9.99772324e-02 
 3.64912764e+05 -3.30135277e-02 -1.01130047e-01 
 3.69117112e+05 -3.29464699e-02 -1.02296176e-01 
 3.73369900e+05 -3.28778574e-02 -1.03475774e-01 
 3.77671687e+05 -3.28076543e-02 -1.04668998e-01 
 3.82023036e+05 -3.27358235e-02 -1.05876005e-01 
 3.86424520e+05 -3.26623275e-02 -1.07096956e-01 
 3.90876716e+05 -3.25871274e-02 -1.08332012e-01 
 3.95380208e+05 -3.25101839e-02 -1.09581339e-01 
 3.99935587e+05 -3.24314564e-02 -1.10845100e-01 
 4.04543450e+05 -3.23509037e-02 -1.12123464e-01 
 4.09204403e+05 -3.22684833e-02 -1.13416602e-01 
 4.13919058e+05 -3.21841520e-02 -1.14724683e-01 
 4.18688032e+05 -3.20978653e-02 -1.16047884e-01 
 4.23511952e+05 -3.20095781e-02 -1.17386378e-01 
 4.28391452e+05 -3.19192438e-02 -1.18740344e-01 
 4.33327170e+05 -3.18268149e-02 -1.20109963e-01 
 4.38319755e+05 -3.17322430e-02 -1.21495416e-01 
 4.43369862e+05 -3.16354782e-02 -1.22896887e-01 
 4.48478155e+05 -3.15364697e-02 -1.24314564e-01 
 4.53645302e+05 -3.14351654e-02 -1.25748635e-01 
 4.58871983e+05 -3.13315122e-02 -1.27199290e-01 
 4.64158883e+05 -3.12254554e-02 -1.28666724e-01 
 4.69506697e+05 -3.11169394e-02 -1.30151131e-01 
 4.74916125e+05 -3.10059070e-02 -1.31652710e-01 
 4.80387878e+05 -3.08922999e-02 -1.33171661e-01 
 4.85922674e+05 -3.07760584e-02 -1.34708187e-01 
 4.91521239e+05 -3.06571212e-02 -1.36262492e-01 
 4.97184308e+05 -3.05354260e-02 -1.37834784e-01 
 5.02912624e+05 -3.04109086e-02 -1.39425273e-01 
 5.08706939e+05 -3.02835036e-02 -1.41034172e-01 
 5.14568013e+05 -3.01531440e-02 -1.42661696e-01 
 5.20496616e+05 -3.00197612e-02 -1.44308062e-01 
 5.26493525e+05 -2.98832851e-02 -1.45973491e-01 
 5.32559528e+05 -2.97436438e-02 -1.47658205e-01 
 5.38695420e+05 -2.96007639e-02 -1.49362431e-01 
 5.44902008e+05 -2.94545703e-02 -1.51086396e-01 
 5.51180104e+05 -2.93049860e-02 -1.52830331e-01 
 5.57530533e+05 -2.91519323e-02 -1.54594472e-01 
 5.63954130e+05 -2.89953287e-02 -1.56379053e-01 
 5.70451735e+05 -2.88350929e-02 -1.58184315e-01 
 5.77024203e+05 -2.86711404e-02 -1.60010501e-01 
 5.83672396e+05 -2.85033850e-02 -1.61857855e-01 
 5.90397186e+05 -2.83317384e-02 -1.63726626e-01 
 5.97199455e+05 -2.81561104e-02 -1.65617065e-01 
 6.04080098e+05 -2.79764083e-02 -1.67529427e-01 
 6.11040015e+05 -2.77925378e-02 -1.69463970e-01 
 6.18080121e+05 -2.76044019e-02 -1.71420954e-01 
 6.25201340e+05 -2.74119016e-02 -1.73400643e-01 
 6.32404607e+05 -2.72149357e-02 -1.75403304e-01 
 6.39690866e+05 -2.70134003e-02 -1.77429208e-01 
 6.47061073e+05 -2.68071894e-02 -1.79478628e-01 
 6.54516197e+05 -2.65961944e-02 -1.81551841e-01 
 6.62057214e+05 -2.63803041e-02 -1.83649128e-01 
 6.69685116e+05 -2.61594050e-02 -1.85770773e-01 
 6.77400903e+05 -2.59333806e-02 -1.87917063e-01 
 6.85205587e+05 -2.57021119e-02 -1.90088289e-01 
 6.93100193e+05 -2.54654770e-02 -1.92284746e-01 
 7.01085757e+05 -2.52233514e-02 -1.94506731e-01 
 7.09163327e+05 -2.49756073e-02 -1.96754548e-01 
 7.17333962e+05 -2.47221144e-02 -1.99028501e-01 
 7.25598736e+05 -2.44627391e-02 -2.01328901e-01 
 7.33958732e+05 -2.41973445e-02 -2.03656059e-01 
 7.42415048e+05 -2.39257910e-02 -2.06010295e-01 
 7.50968794e+05 -2.36479353e-02 -2.08391928e-01 
 7.59621092e+05 -2.33636310e-02 -2.10801285e-01 
 7.68373077e+05 -2.30727281e-02 -2.13238694e-01 
 7.77225899e+05 -2.27750734e-02 -2.15704489e-01 
 7.86180718e+05 -2.24705099e-02 -2.18199007e-01 
 7.95238711e+05 -2.21588770e-02 -2.20722592e-01 
 8.04401065e+05 -2.18400103e-02 -2.23275588e-01 
 8.13668983e+05 -2.15137416e-02 -2.25858347e-01 
 8.23043682e+05 -2.11798988e-02 -2.28471224e-01 
 8.32526392e+05 -2.08383058e-02 -2.31114578e-01 
 8.42118357e+05 -2.04887824e-02 -2.33788773e-01 
 8.51820836e+05 -2.01311441e-02 -2.36494180e-01 
 8.61635102e+05 -1.97652023e-02 -2.39231170e-01 
 8.71562443e+05 -1.93907636e-02 -2.42000123e-01 
 8.81604162e+05 -1.90076305e-02 -2.44801422e-01 
 8.91761577e+05 -1.86156007e-02 -2.47635455e-01 
 9.02036021e+05 -1.82144672e-02 -2.50502615e-01 
 9.12428842e+05 -1.78040181e-02 -2.53403301e-01 
 9.22941404e+05 -1.73840367e-02 -2.56337917e-01 
 9.33575087e+05 -1.69543012e-02 -2.59306870e-01 
 9.44331286e+05 -1.65145844e-02 -2.62310576e-01 
 9.55211412e+05 -1.60646540e-02 -2.65349454e-01 
 9.66216894e+05 -1.56042724e-02 -2.68423928e-01 
 9.77349176e+05 -1.51331960e-02 -2.71534430e-01 
 9.88609719e+05 -1.46511759e-02 -2.74681396e-01 
 1.00000000e+06 -1.41579572e-02 -2.77865268e-01 
 1.01152151e+06 -1.36532792e-02 -2.81086494e-01 
 1.02317577e+06 -1.31368748e-02 -2.84345528e-01 
 1.03496431e+06 -1.26084709e-02 -2.87642830e-01 
 1.04688866e+06 -1.20677879e-02 -2.90978866e-01 
 1.05895041e+06 -1.15145398e-02 -2.94354109e-01 
 1.07115112e+06 -1.09484336e-02 -2.97769038e-01 
 1.08349240e+06 -1.03691697e-02 -3.01224137e-01 
 1.09597588e+06 -9.77644134e-03 -3.04719899e-01 
 1.10860318e+06 -9.16993465e-03 -3.08256823e-01 
 1.12137597e+06 -8.54932835e-03 -3.11835413e-01 
 1.13429592e+06 -7.91429362e-03 -3.15456182e-01 
 1.14736472e+06 -7.26449394e-03 -3.19119649e-01 
 1.16058410e+06 -6.59958488e-03 -3.22826342e-01 
 1.17395579e+06 -5.91921394e-03 -3.26576793e-01 
 1.18748154e+06 -5.22302032e-03 -3.30371544e-01 
 1.20116312e+06 -4.51063475e-03 -3.34211143e-01 
 1.21500234e+06 -3.78167928e-03 -3.38096148e-01 
 1.22900101e+06 -3.03576707e-03 -3.42027123e-01 
 1.24316096e+06 -2.27250220e-03 -3.46004639e-01 
 1.25748406e+06 -1.49147941e-03 -3.50029277e-01 
 1.27197218e+06 -6.92283925e-04 -3.54101626e-01 
 1.28662722e+06  1.25508814e-04 -3.58222282e-01 
 1.30145112e+06  9.62333353e-04 -3.62391852e-01 
 1.31644581e+06  1.81863448e-03 -3.66610950e-01 
 1.33161325e+06  2.69486747e-03 -3.70880197e-01 
 1.34695546e+06  3.59149832e-03 -3.75200228e-01 
 1.36247442e+06  4.50900404e-03 -3.79571683e-01 
 1.37817219e+06  5.44787288e-03 -3.83995214e-01 
 1.39405082e+06  6.40860462e-03 -3.88471479e-01 
 1.41011240e+06  7.39171084e-03 -3.93001151e-01 
 1.42635903e+06  8.39771521e-03 -3.97584908e-01 
 1.44279285e+06  9.42715380e-03 -4.02223441e-01 
 1.45941600e+06  1.04805753e-02 -4.06917450e-01 
 1.47623069e+06  1.15585415e-02 -4.11667647e-01 
 1.49323910e+06  1.26616273e-02 -4.16474754e-01 
 1.51044348e+06  1.37904214e-02 -4.21339503e-01 
 1.52784607e+06  1.49455263e-02 -4.26262639e-01 
 1.54544917e+06  1.61275589e-02 -4.31244916e-01 
 1.56325509e+06  1.73371507e-02 -4.36287103e-01 
 1.58126615e+06  1.85749482e-02 -4.41389978e-01 
 1.59948473e+06  1.98416132e-02 -4.46554332e-01 
 1.61791322e+06  2.11378232e-02 -4.51780969e-01 
 1.63655403e+06  2.24642719e-02 -4.57070706e-01 
 1.65540961e+06  2.38216694e-02 -4.62424371e-01 
 1.67448244e+06  2.52107428e-02 -4.67842807e-01 
 1.69377501e+06  2.66322364e-02 -4.73326870e-01 
 1.71328986e+06  2.80869125e-02 -4.78877430e-01 
 1.73302956e+06  2.95755511e-02 -4.84495370e-01 
 1.75299668e+06  3.10989513e-02 -4.90181589e-01 
 1.77319386e+06  3.26579309e-02 -4.95937000e-01 
 1.79362374e+06  3.42533276e-02 -5.01762530e-01 
 1.81428900e+06  3.58859988e-02 -5.07659124e-01 
 1.83519236e+06  3.75568225e-02 -5.13627741e-01 
 1.85633655e+06  3.92666979e-02 -5.19669356e-01 
 1.87772436e+06  4.10165455e-02 -5.25784960e-01 
 1.89935859e+06  4.28073081e-02 -5.31975562e-01 
 1.92124208e+06  4.46399509e-02 -5.38242190e-01 
 1.94337770e+06  4.65154624e-02 -5.44585885e-01 
 1.96576835e+06  4.84348549e-02 -5.51007709e-01 
 1.98841698e+06  5.03991650e-02 -5.57508744e-01 
 2.01132655e+06  5.24094542e-02 -5.64090089e-01 
 2.03450008e+06  5.44668097e-02 -5.70752861e-01 
 2.05794060e+06  5.65723448e-02 -5.77498199e-01 
 2.08165120e+06  5.87271999e-02 -5.84327263e-01 
 2.10563497e+06  6.09325425e-02 -5.91241233e-01 
 2.12989507e+06  6.31895689e-02 -5.98241309e-01 
 2.15443469e+06  6.54995039e-02 -6.05328715e-01 
 2.17925704e+06  6.78636023e-02 -6.12504697e-01 
 2.20436538e+06  7.02831492e-02 -6.19770523e-01 
 2.22976301e+06  7.27594608e-02 -6.27127487e-01 
 2.25545326e+06  7.52938855e-02 -6.34576904e-01 
 2.28143949e+06  7.78878045e-02 -6.42120118e-01 
 2.30772513e+06  8.05426325e-02 -6.49758495e-01 
 2.33431362e+06  8.32598188e-02 -6.57493429e-01 
 2.36120845e+06  8.60408480e-02 -6.65326341e-01 
 2.38841315e+06  8.88872412e-02 -6.73258679e-01 
 2.41593128e+06  9.18005566e-02 -6.81291921e-01 
 2.44376647e+06  9.47823905e-02 -6.89427571e-01 
 2.47192236e+06  9.78343785e-02 -6.97667166e-01 
 2.50040265e+06  1.00958196e-01 -7.06012274e-01 
 2.52921107e+06  1.04155561e-01 -7.14464493e-01 
 2.55835142e+06  1.07428232e-01 -7.23025453e-01 
 2.58782750e+06  1.10778012e-01 -7.31696820e-01 
 2.61764319e+06  1.14206748e-01 -7.40480294e-01 
 2.64780240e+06  1.17716332e-01 -7.49377608e-01 
 2.67830910e+06  1.21308706e-01 -7.58390535e-01 
 2.70916727e+06  1.24985857e-01 -7.67520882e-01 
 2.74038098e+06  1.28749821e-01 -7.76770498e-01 
 2.77195432e+06  1.32602688e-01 -7.86141269e-01 
 2.80389144e+06  1.36546598e-01 -7.95635124e-01 
 2.83619651e+06  1.40583743e-01 -8.05254032e-01 
 2.86887379e+06  1.44716374e-01 -8.15000008e-01 
 2.90192756e+06  1.48946793e-01 -8.24875111e-01 
 2.93536216e+06  1.53277365e-01 -8.34881444e-01 
 2.96918198e+06  1.57710511e-01 -8.45021161e-01 
 3.00339145e+06  1.62248715e-01 -8.55296462e-01 
 3.03799507e+06  1.66894522e-01 -8.65709599e-01 
 3.07299737e+06  1.71650542e-01 -8.76262876e-01 
 3.10840296e+06  1.76519452e-01 -8.86958650e-01 
 3.14421647e+06  1.81503997e-01 -8.97799336e-01 
 3.18044260e+06  1.86606989e-01 -9.08787403e-01 
 3.21708612e+06  1.91831317e-01 -9.19925380e-01 
 3.25415182e+06  1.97179938e-01 -9.31215858e-01 
 3.29164458e+06  2.02655888e-01 -9.42661492e-01 
 3.32956931e+06  2.08262281e-01 -9.54264998e-01 
 3.36793099e+06  2.14002311e-01 -9.66029163e-01 
 3.40673466e+06  2.19879252e-01 -9.77956843e-01 
 3.44598540e+06  2.25896466e-01 -9.90050964e-01 
 3.48568837e+06  2.32057399e-01 -1.00231453e+00 
 3.52584878e+06  2.38365589e-01 -1.01475061e+00 
 3.56647189e+06  2.44824666e-01 -1.02736237e+00 
 3.60756305e+06  2.51438352e-01 -1.04015305e+00 
 3.64912764e+06  2.58210469e-01 -1.05312598e+00 
 3.69117112e+06  2.65144939e-01 -1.06628455e+00 
 3.73369900e+06  2.72245787e-01 -1.07963229e+00 
 3.77671687e+06  2.79517143e-01 -1.09317278e+00 
 3.82023036e+06  2.86963248e-01 -1.10690973e+00 
 3.86424520e+06  2.94588455e-01 -1.12084692e+00 
 3.90876716e+06  3.02397232e-01 -1.13498826e+00 
 3.95380208e+06  3.10394169e-01 -1.14933776e+00 
 3.99935587e+06  3.18583975e-01 -1.16389954e+00 
 4.04543450e+06  3.26971488e-01 -1.17867785e+00 
 4.09204403e+06  3.35561678e-01 -1.19367704e+00 
 4.13919058e+06  3.44359645e-01 -1.20890160e+00 
 4.18688032e+06  3.53370631e-01 -1.22435615e+00 
 4.23511952e+06  3.62600021e-01 -1.24004543e+00 
 4.28391452e+06  3.72053343e-01 -1.25597435e+00 
 4.33327170e+06  3.81736283e-01 -1.27214794e+00 
 4.38319755e+06  3.91654677e-01 -1.28857139e+00 
 4.43369862e+06  4.01814527e-01 -1.30525005e+00 
 4.48478155e+06  4.12222000e-01 -1.32218943e+00 
 4.53645302e+06  4.22883435e-01 -1.33939522e+00 
 4.58871983e+06  4.33805347e-01 -1.35687328e+00 
 4.64158883e+06  4.44994434e-01 -1.37462964e+00 
 4.69506697e+06  4.56457586e-01 -1.39267056e+00 
 4.74916125e+06  4.68201885e-01 -1.41100245e+00 
 4.80387878e+06  4.80234614e-01 -1.42963198e+00 
 4.85922674e+06  4.92563267e-01 -1.44856599e+00 
 4.91521239e+06  5.05195550e-01 -1.46781158e+00 
 4.97184308e+06  5.18139392e-01 -1.48737607e+00 
 5.02912624e+06  5.31402953e-01 -1.50726702e+00 
 5.08706939e+06  5.44994629e-01 -1.52749226e+00 
 5.14568013e+06  5.58923062e-01 -1.54805988e+00 
 5.20496616e+06  5.73197147e-01 -1.56897825e+00 
 5.26493525e+06  5.87826044e-01 -1.59025602e+00 
 5.32559528e+06  6.02819181e-01 -1.61190217e+00 
 5.38695420e+06  6.18186273e-01 -1.63392597e+00 
 5.44902008e+06  6.33937321e-01 -1.65633703e+00 
 5.51180104e+06  6.50082631e-01 -1.67914532e+00 
 5.57530533e+06  6.66632820e-01 -1.70236115e+00 
 5.63954130e+06  6.83598830e-01 -1.72599522e+00 
 5.70451735e+06  7.00991940e-01 -1.75005864e+00 
 5.77024203e+06  7.18823773e-01 -1.77456292e+00 
 5.83672396e+06  7.37106318e-01 -1.79952000e+00 
 5.90397186e+06  7.55851936e-01 -1.82494229e+00 
 5.97199455e+06  7.75073377e-01 -1.85084267e+00 
 6.04080098e+06  7.94783794e-01 -1.87723453e+00 
 6.11040015e+06  8.14996760e-01 -1.90413177e+00 
 6.18080121e+06  8.35726284e-01 -1.93154886e+00 
 6.25201340e+06  8.56986825e-01 -1.95950085e+00 
 6.32404607e+06  8.78793315e-01 -1.98800338e+00 
 6.39690866e+06  9.01161172e-01 -2.01707273e+00 
 6.47061073e+06  9.24106324e-01 -2.04672589e+00 
 6.54516197e+06  9.47645229e-01 -2.07698052e+00 
 6.62057214e+06  9.71794893e-01 -2.10785503e+00 
 6.69685116e+06  9.96572898e-01 -2.13936862e+00 
 6.77400903e+06  1.02199742e+00 -2.17154134e+00 
 6.85205587e+06  1.04808727e+00 -2.20439407e+00 
 6.93100193e+06  1.07486189e+00 -2.23794863e+00 
 7.01085757e+06  1.10234140e+00 -2.27222782e+00 
 7.09163327e+06  1.13054665e+00 -2.30725544e+00 
 7.17333962e+06  1.15949920e+00 -2.34305638e+00 
 7.25598736e+06  1.18922140e+00 -2.37965669e+00 
 7.33958732e+06  1.21973639e+00 -2.41708361e+00 
 7.42415048e+06  1.25106816e+00 -2.45536565e+00 
 7.50968794e+06  1.28324158e+00 -2.49453271e+00 
 7.59621092e+06  1.31628243e+00 -2.53461609e+00 
 7.68373077e+06  1.35021747e+00 -2.57564863e+00 
 7.77225899e+06  1.38507446e+00 -2.61766478e+00 
 7.86180718e+06  1.42088222e+00 -2.66070069e+00 
 7.95238711e+06  1.45767067e+00 -2.70479437e+00 
 8.04401065e+06  1.49547092e+00 -2.74998572e+00 
 8.13668983e+06  1.53431527e+00 -2.79631672e+00 
 8.23043682e+06  1.57423732e+00 -2.84383154e+00 
 8.32526392e+06  1.61527201e+00 -2.89257670e+00 
 8.42118357e+06  1.65745571e+00 -2.94260119e+00 
 8.51820836e+06  1.70082627e+00 -2.99395666e+00 
 8.61635102e+06  1.74542313e+00 -3.04669763e+00 
 8.71562443e+06  1.79128735e+00 -3.10088160e+00 
 8.81604162e+06  1.83846177e+00 -3.15656938e+00 
 8.91761577e+06  1.88699104e+00 -3.21382520e+00 
 9.02036021e+06  1.93692179e+00 -3.27271707e+00 
 9.12428842e+06  1.98830268e+00 -3.33331697e+00 
 9.22941404e+06  2.04118454e+00 -3.39570117e+00 
 9.33575087e+06  2.09562049e+00 -3.45995057e+00 
 9.44331286e+06  2.15166612e+00 -3.52615105e+00 
 9.55211412e+06  2.20937956e+00 -3.59439382e+00 
 9.66216894e+06  2.26882169e+00 -3.66477587e+00 
 9.77349176e+06  2.33005629e+00 -3.73740044e+00 
 9.88609719e+06  2.39315024e+00 -3.81237747e+00 
 1.00000000e+07  2.45817367e+00 -3.88982423e+00 
 1.01152151e+07  2.52520024e+00 -3.96986586e+00 
 1.02317577e+07  2.59430731e+00 -4.05263609e+00 
 1.03496431e+07  2.66557621e+00 -4.13827796e+00 
 1.04688866e+07  2.73909252e+00 -4.22694461e+00 
 1.05895041e+07  2.81494634e+00 -4.31880025e+00 
 1.07115112e+07  2.89323262e+00 -4.41402111e+00 
 1.08349240e+07  2.97405150e+00 -4.51279657e+00 
 1.09597588e+07  3.05750869e+00 -4.61533041e+00 
 1.10860318e+07  3.14371587e+00 -4.72184216e+00 
 1.12137597e+07  3.23279117e+00 -4.83256871e+00 
 1.13429592e+07  3.32485961e+00 -4.94776595e+00 
 1.14736472e+07  3.42005366e+00 -5.06771079e+00 
 1.16058410e+07  3.51851386e+00 -5.19270329e+00 
 1.17395579e+07  3.62038941e+00 -5.32306912e+00 
 1.18748154e+07  3.72583893e+00 -5.45916235e+00 
 1.20116312e+07  3.83503124e+00 -5.60136859e+00 
 1.21500234e+07  3.94814620e+00 -5.75010851e+00 
 1.22900101e+07  4.06537572e+00 -5.90584195e+00 
 1.24316096e+07  4.18692480e+00 -6.06907251e+00 
 1.25748406e+07  4.31301271e+00 -6.24035283e+00 
 1.27197218e+07  4.44387434e+00 -6.42029071e+00 
 1.28662722e+07  4.57976166e+00 -6.60955604e+00 
 1.30145112e+07  4.72094536e+00 -6.80888895e+00 
 1.31644581e+07  4.86771672e+00 -7.01910907e+00 
 1.33161325e+07  5.02038966e+00 -7.24112654e+00 
 1.34695546e+07  5.17930309e+00 -7.47595461e+00 
 1.36247442e+07  5.34482353e+00 -7.72472459e+00 
 1.37817219e+07  5.51734807e+00 -7.98870337e+00 
 1.39405082e+07  5.69730776e+00 -8.26931415e+00 
 1.41011240e+07  5.88517139e+00 -8.56816101e+00 
 1.42635903e+07  6.08144985e+00 -8.88705825e+00 
 1.44279285e+07  6.28670104e+00 -9.22806555e+00 
 1.45941600e+07  6.50153551e+00 -9.59353037e+00 
 1.47623069e+07  6.72662287e+00 -9.98613922e+00 
 1.49323910e+07  6.96269915e+00 -1.04089803e+01 
 1.51044348e+07  7.21057515e+00 -1.08656200e+01 
 1.52784607e+07  7.47114604e+00 -1.13601977e+01 
 1.54544917e+07  7.74540225e+00 -1.18975433e+01 
 1.56325509e+07  8.03444189e+00 -1.24833240e+01 
 1.58126615e+07  8.33948466e+00 -1.31242294e+01 
 1.59948473e+07  8.66188744e+00 -1.38282070e+01 
 1.61791322e+07  9.00316127e+00 -1.46047627e+01 
 1.63655403e+07  9.36498936e+00 -1.54653492e+01 
 1.65540961e+07  9.74924511e+00 -1.64238711e+01 
 1.67448244e+07  1.01580080e+01 -1.74973472e+01 
 1.69377501e+07  1.05935740e+01 -1.87067863e+01 
 1.71328986e+07  1.10584527e+01 -2.00783541e+01 
 1.73302956e+07  1.15553397e+01 -2.16449341e+01 
 1.75299668e+07  1.20870413e+01 -2.34482250e+01 
 1.77319386e+07  1.26563115e+01 -2.55415486e+01 
 1.79362374e+07  1.32655314e+01 -2.79935682e+01 
 1.81428900e+07  1.39161067e+01 -3.08930656e+01 
 1.83519236e+07  1.46073710e+01 -3.43546737e+01 
 1.85633655e+07  1.53346508e+01 -3.85246711e+01 
 1.87772436e+07  1.60859962e+01 -4.35839147e+01 
 1.89935859e+07  1.68370836e+01 -4.97405193e+01 
 1.92124208e+07  1.75445082e+01 -5.71971699e+01 
 1.94337770e+07  1.81402975e+01 -6.60712750e+01 
 1.96576835e+07  1.85356576e+01 -7.62610966e+01 
 1.98841698e+07  1.86445636e+01 -8.73206857e+01 
 2.01132655e+07  1.84238724e+01 -9.84938216e+01 
 2.03450008e+07  1.78991179e+01 -1.08978628e+02 
 2.05794060e+07  1.71488101e+01 -1.18231430e+02 
 2.08165120e+07  1.62642984e+01 -1.26065999e+02 
 2.10563497e+07  1.53202315e+01 -1.32555211e+02 
 2.12989507e+07  1.43663214e+01 -1.37888983e+02 
 2.15443469e+07  1.34313659e+01 -1.42278750e+02 
 2.17925704e+07  1.25300815e+01 -1.45914192e+02 
 2.20436538e+07  1.16687210e+01 -1.48950911e+02 
 2.22976301e+07  1.08487997e+01 -1.51511586e+02 
 2.25545326e+07  1.00693373e+01 -1.53691409e+02 
 2.28143949e+07  9.32814116e+00 -1.55563977e+02 
 2.30772513e+07  8.62251743e+00 -1.57186361e+02 
 2.33431362e+07  7.94965261e+00 -1.58603095e+02 
 2.36120845e+07  7.30681060e+00 -1.59849219e+02 
 2.38841315e+07  6.69142681e+00 -1.60952544e+02 
 2.41593128e+07  6.10114613e+00 -1.61935346e+02 
 2.44376647e+07  5.53383071e+00 -1.62815628e+02 
 2.47192236e+07  4.98755238e+00 -1.63608065e+02 
 2.50040265e+07  4.46057784e+00 -1.64324716e+02 
 2.52921107e+07  3.95135085e+00 -1.64975573e+02 
 2.55835142e+07  3.45847418e+00 -1.65568970e+02 
 2.58782750e+07  2.98069220e+00 -1.66111912e+02 
 2.61764319e+07  2.51687499e+00 -1.66610323e+02 
 2.64780240e+07  2.06600388e+00 -1.67069241e+02 
 2.67830910e+07  1.62715868e+00 -1.67492979e+02 
 2.70916727e+07  1.19950637e+00 -1.67885249e+02 
 2.74038098e+07  7.82291208e-01 -1.68249258e+02 
 2.77195432e+07  3.74825988e-01 -1.68587793e+02 
 2.80389144e+07 -2.35155286e-02 -1.68903288e+02 
 2.83619651e+07 -4.13305288e-01 -1.69197873e+02 
 2.86887379e+07 -7.95066768e-01 -1.69473425e+02 
 2.90192756e+07 -1.16928009e+00 -1.69731600e+02 
 2.93536216e+07 -1.53638650e+00 -1.69973867e+02 
 2.96918198e+07 -1.89679234e+00 -1.70201530e+02 
 3.00339145e+07 -2.25087249e+00 -1.70415754e+02 
 3.03799507e+07 -2.59897346e+00 -1.70617582e+02 
 3.07299737e+07 -2.94141610e+00 -1.70807948e+02 
 3.10840296e+07 -3.27849802e+00 -1.70987694e+02 
 3.14421647e+07 -3.61049570e+00 -1.71157578e+02 
 3.18044260e+07 -3.93766645e+00 -1.71318287e+02 
 3.21708612e+07 -4.26025005e+00 -1.71470442e+02 
 3.25415182e+07 -4.57847030e+00 -1.71614610e+02 
 3.29164458e+07 -4.89253640e+00 -1.71751303e+02 
 3.32956931e+07 -5.20264413e+00 -1.71880991e+02 
 3.36793099e+07 -5.50897699e+00 -1.72004103e+02 
 3.40673466e+07 -5.81170716e+00 -1.72121032e+02 
 3.44598540e+07 -6.11099641e+00 -1.72232137e+02 
 3.48568837e+07 -6.40699691e+00 -1.72337749e+02 
 3.52584878e+07 -6.69985198e+00 -1.72438173e+02 
 3.56647189e+07 -6.98969671e+00 -1.72533689e+02 
 3.60756305e+07 -7.27665860e+00 -1.72624555e+02 
 3.64912764e+07 -7.56085812e+00 -1.72711012e+02 
 3.69117112e+07 -7.84240917e+00 -1.72793281e+02 
 3.73369900e+07 -8.12141958e+00 -1.72871567e+02 
 3.77671687e+07 -8.39799152e+00 -1.72946060e+02 
 3.82023036e+07 -8.67222188e+00 -1.73016938e+02 
 3.86424520e+07 -8.94420261e+00 -1.73084364e+02 
 3.90876716e+07 -9.21402108e+00 -1.73148492e+02 
 3.95380208e+07 -9.48176033e+00 -1.73209465e+02 
 3.99935587e+07 -9.74749939e+00 -1.73267415e+02 
 4.04543450e+07 -1.00113135e+01 -1.73322467e+02 
 4.09204403e+07 -1.02732744e+01 -1.73374738e+02 
 4.13919058e+07 -1.05334505e+01 -1.73424335e+02 
 4.18688032e+07 -1.07919070e+01 -1.73471361e+02 
 4.23511952e+07 -1.10487062e+01 -1.73515910e+02 
 4.28391452e+07 -1.13039078e+01 -1.73558071e+02 
 4.33327170e+07 -1.15575686e+01 -1.73597930e+02 
 4.38319755e+07 -1.18097432e+01 -1.73635563e+02 
 4.43369862e+07 -1.20604837e+01 -1.73671045e+02 
 4.48478155e+07 -1.23098402e+01 -1.73704446e+02 
 4.53645302e+07 -1.25578606e+01 -1.73735830e+02 
 4.58871983e+07 -1.28045908e+01 -1.73765258e+02 
 4.64158883e+07 -1.30500750e+01 -1.73792788e+02 
 4.69506697e+07 -1.32943555e+01 -1.73818475e+02 
 4.74916125e+07 -1.35374730e+01 -1.73842370e+02 
 4.80387878e+07 -1.37794667e+01 -1.73864520e+02 
 4.85922674e+07 -1.40203742e+01 -1.73884972e+02 
 4.91521239e+07 -1.42602317e+01 -1.73903767e+02 
 4.97184308e+07 -1.44990742e+01 -1.73920945e+02 
 5.02912624e+07 -1.47369351e+01 -1.73936546e+02 
 5.08706939e+07 -1.49738469e+01 -1.73950604e+02 
 5.14568013e+07 -1.52098407e+01 -1.73963153e+02 
 5.20496616e+07 -1.54449468e+01 -1.73974225e+02 
 5.26493525e+07 -1.56791941e+01 -1.73983849e+02 
 5.32559528e+07 -1.59126108e+01 -1.73992054e+02 
 5.38695420e+07 -1.61452240e+01 -1.73998866e+02 
 5.44902008e+07 -1.63770598e+01 -1.74004311e+02 
 5.51180104e+07 -1.66081436e+01 -1.74008410e+02 
 5.57530533e+07 -1.68385000e+01 -1.74011187e+02 
 5.63954130e+07 -1.70681527e+01 -1.74012661e+02 
 5.70451735e+07 -1.72971246e+01 -1.74012853e+02 
 5.77024203e+07 -1.75254380e+01 -1.74011781e+02 
 5.83672396e+07 -1.77531146e+01 -1.74009461e+02 
 5.90397186e+07 -1.79801751e+01 -1.74005909e+02 
 5.97199455e+07 -1.82066399e+01 -1.74001140e+02 
 6.04080098e+07 -1.84325288e+01 -1.73995168e+02 
 6.11040015e+07 -1.86578608e+01 -1.73988005e+02 
 6.18080121e+07 -1.88826544e+01 -1.73979664e+02 
 6.25201340e+07 -1.91069278e+01 -1.73970155e+02 
 6.32404607e+07 -1.93306985e+01 -1.73959489e+02 
 6.39690866e+07 -1.95539836e+01 -1.73947675e+02 
 6.47061073e+07 -1.97767996e+01 -1.73934721e+02 
 6.54516197e+07 -1.99991628e+01 -1.73920635e+02 
 6.62057214e+07 -2.02210889e+01 -1.73905424e+02 
 6.69685116e+07 -2.04425933e+01 -1.73889095e+02 
 6.77400903e+07 -2.06636909e+01 -1.73871652e+02 
 6.85205587e+07 -2.08843964e+01 -1.73853100e+02 
 6.93100193e+07 -2.11047239e+01 -1.73833445e+02 
 7.01085757e+07 -2.13246874e+01 -1.73812688e+02 
 7.09163327e+07 -2.15443005e+01 -1.73790834e+02 
 7.17333962e+07 -2.17635766e+01 -1.73767885e+02 
 7.25598736e+07 -2.19825284e+01 -1.73743842e+02 
 7.33958732e+07 -2.22011689e+01 -1.73718706e+02 
 7.42415048e+07 -2.24195105e+01 -1.73692478e+02 
 7.50968794e+07 -2.26375652e+01 -1.73665158e+02 
 7.59621092e+07 -2.28553452e+01 -1.73636746e+02 
 7.68373077e+07 -2.30728620e+01 -1.73607239e+02 
 7.77225899e+07 -2.32901273e+01 -1.73576638e+02 
 7.86180718e+07 -2.35071522e+01 -1.73544939e+02 
 7.95238711e+07 -2.37239479e+01 -1.73512139e+02 
 8.04401065e+07 -2.39405252e+01 -1.73478236e+02 
 8.13668983e+07 -2.41568950e+01 -1.73443226e+02 
 8.23043682e+07 -2.43730676e+01 -1.73407104e+02 
 8.32526392e+07 -2.45890536e+01 -1.73369866e+02 
 8.42118357e+07 -2.48048631e+01 -1.73331506e+02 
 8.51820836e+07 -2.50205062e+01 -1.73292019e+02 
 8.61635102e+07 -2.52359929e+01 -1.73251398e+02 
 8.71562443e+07 -2.54513330e+01 -1.73209637e+02 
 8.81604162e+07 -2.56665362e+01 -1.73166728e+02 
 8.91761577e+07 -2.58816121e+01 -1.73122663e+02 
 9.02036021e+07 -2.60965702e+01 -1.73077434e+02 
 9.12428842e+07 -2.63114198e+01 -1.73031032e+02 
 9.22941404e+07 -2.65261704e+01 -1.72983448e+02 
 9.33575087e+07 -2.67408309e+01 -1.72934671e+02 
 9.44331286e+07 -2.69554108e+01 -1.72884692e+02 
 9.55211412e+07 -2.71699189e+01 -1.72833499e+02 
 9.66216894e+07 -2.73843644e+01 -1.72781080e+02 
 9.77349176e+07 -2.75987561e+01 -1.72727424e+02 
 9.88609719e+07 -2.78131031e+01 -1.72672517e+02 
 1.00000000e+08 -2.80274141e+01 -1.72616347e+02 
 1.01152151e+08 -2.82416981e+01 -1.72558900e+02 
 1.02317577e+08 -2.84559638e+01 -1.72500160e+02 
 1.03496431e+08 -2.86702199e+01 -1.72440114e+02 
 1.04688866e+08 -2.88844754e+01 -1.72378744e+02 
 1.05895041e+08 -2.90987390e+01 -1.72316035e+02 
 1.07115112e+08 -2.93130193e+01 -1.72251971e+02 
 1.08349240e+08 -2.95273253e+01 -1.72186532e+02 
 1.09597588e+08 -2.97416656e+01 -1.72119701e+02 
 1.10860318e+08 -2.99560490e+01 -1.72051458e+02 
 1.12137597e+08 -3.01704845e+01 -1.71981784e+02 
 1.13429592e+08 -3.03849808e+01 -1.71910659e+02 
 1.14736472e+08 -3.05995467e+01 -1.71838060e+02 
 1.16058410e+08 -3.08141913e+01 -1.71763965e+02 
 1.17395579e+08 -3.10289235e+01 -1.71688352e+02 
 1.18748154e+08 -3.12437523e+01 -1.71611198e+02 
 1.20116312e+08 -3.14586868e+01 -1.71532476e+02 
 1.21500234e+08 -3.16737362e+01 -1.71452162e+02 
 1.22900101e+08 -3.18889096e+01 -1.71370228e+02 
 1.24316096e+08 -3.21042165e+01 -1.71286649e+02 
 1.25748406e+08 -3.23196661e+01 -1.71201394e+02 
 1.27197218e+08 -3.25352679e+01 -1.71114435e+02 
 1.28662722e+08 -3.27510316e+01 -1.71025741e+02 
 1.30145112e+08 -3.29669669e+01 -1.70935281e+02 
 1.31644581e+08 -3.31830834e+01 -1.70843021e+02 
 1.33161325e+08 -3.33993913e+01 -1.70748928e+02 
 1.34695546e+08 -3.36159004e+01 -1.70652966e+02 
 1.36247442e+08 -3.38326211e+01 -1.70555099e+02 
 1.37817219e+08 -3.40495635e+01 -1.70455290e+02 
 1.39405082e+08 -3.42667383e+01 -1.70353498e+02 
 1.41011240e+08 -3.44841561e+01 -1.70249683e+02 
 1.42635903e+08 -3.47018275e+01 -1.70143804e+02 
 1.44279285e+08 -3.49197637e+01 -1.70035817e+02 
 1.45941600e+08 -3.51379758e+01 -1.69925675e+02 
 1.47623069e+08 -3.53564751e+01 -1.69813334e+02 
 1.49323910e+08 -3.55752731e+01 -1.69698743e+02 
 1.51044348e+08 -3.57943817e+01 -1.69581852e+02 
 1.52784607e+08 -3.60138127e+01 -1.69462608e+02 
 1.54544917e+08 -3.62335783e+01 -1.69340959e+02 
 1.56325509e+08 -3.64536911e+01 -1.69216846e+02 
 1.58126615e+08 -3.66741635e+01 -1.69090211e+02 
 1.59948473e+08 -3.68950086e+01 -1.68960993e+02 
 1.61791322e+08 -3.71162395e+01 -1.68829130e+02 
 1.63655403e+08 -3.73378697e+01 -1.68694555e+02 
 1.65540961e+08 -3.75599128e+01 -1.68557200e+02 
 1.67448244e+08 -3.77823829e+01 -1.68416994e+02 
 1.69377501e+08 -3.80052942e+01 -1.68273863e+02 
 1.71328986e+08 -3.82286615e+01 -1.68127731e+02 
 1.73302956e+08 -3.84524996e+01 -1.67978516e+02 
 1.75299668e+08 -3.86768239e+01 -1.67826137e+02 
 1.77319386e+08 -3.89016500e+01 -1.67670507e+02 
 1.79362374e+08 -3.91269937e+01 -1.67511535e+02 
 1.81428900e+08 -3.93528716e+01 -1.67349127e+02 
 1.83519236e+08 -3.95793003e+01 -1.67183186e+02 
 1.85633655e+08 -3.98062969e+01 -1.67013609e+02 
 1.87772436e+08 -4.00338789e+01 -1.66840290e+02 
 1.89935859e+08 -4.02620644e+01 -1.66663118e+02 
 1.92124208e+08 -4.04908716e+01 -1.66481978e+02 
 1.94337770e+08 -4.07203194e+01 -1.66296747e+02 
 1.96576835e+08 -4.09504270e+01 -1.66107301e+02 
 1.98841698e+08 -4.11812142e+01 -1.65913507e+02 
 2.01132655e+08 -4.14127011e+01 -1.65715227e+02 
 2.03450008e+08 -4.16449085e+01 -1.65512317e+02 
 2.05794060e+08 -4.18778575e+01 -1.65304626e+02 
 2.08165120e+08 -4.21115699e+01 -1.65091997e+02 
 2.10563497e+08 -4.23460679e+01 -1.64874266e+02 
 2.12989507e+08 -4.25813742e+01 -1.64651258e+02 
 2.15443469e+08 -4.28175122e+01 -1.64422793e+02 
 2.17925704e+08 -4.30545058e+01 -1.64188682e+02 
 2.20436538e+08 -4.32923793e+01 -1.63948725e+02 
 2.22976301e+08 -4.35311579e+01 -1.63702714e+02 
 2.25545326e+08 -4.37708671e+01 -1.63450431e+02 
 2.28143949e+08 -4.40115331e+01 -1.63191645e+02 
 2.30772513e+08 -4.42531826e+01 -1.62926115e+02 
 2.33431362e+08 -4.44958431e+01 -1.62653588e+02 
 2.36120845e+08 -4.47395426e+01 -1.62373798e+02 
 2.38841315e+08 -4.49843094e+01 -1.62086464e+02 
 2.41593128e+08 -4.52301728e+01 -1.61791292e+02 
 2.44376647e+08 -4.54771625e+01 -1.61487970e+02 
 2.47192236e+08 -4.57253087e+01 -1.61176174e+02 
 2.50040265e+08 -4.59746423e+01 -1.60855557e+02 
 2.52921107e+08 -4.62251944e+01 -1.60525758e+02 
 2.55835142e+08 -4.64769970e+01 -1.60186394e+02 
 2.58782750e+08 -4.67300821e+01 -1.59837061e+02 
 2.61764319e+08 -4.69844825e+01 -1.59477333e+02 
 2.64780240e+08 -4.72402310e+01 -1.59106760e+02 
 2.67830910e+08 -4.74973609e+01 -1.58724866e+02 
 2.70916727e+08 -4.77559056e+01 -1.58331150e+02 
 2.74038098e+08 -4.80158984e+01 -1.57925079e+02 
 2.77195432e+08 -4.82773728e+01 -1.57506092e+02 
 2.80389144e+08 -4.85403621e+01 -1.57073594e+02 
 2.83619651e+08 -4.88048991e+01 -1.56626955e+02 
 2.86887379e+08 -4.90710163e+01 -1.56165508e+02 
 2.90192756e+08 -4.93387452e+01 -1.55688546e+02 
 2.93536216e+08 -4.96081166e+01 -1.55195321e+02 
 2.96918198e+08 -4.98791598e+01 -1.54685039e+02 
 3.00339145e+08 -5.01519027e+01 -1.54156857e+02 
 3.03799507e+08 -5.04263709e+01 -1.53609883e+02 
 3.07299737e+08 -5.07025880e+01 -1.53043169e+02 
 3.10840296e+08 -5.09805742e+01 -1.52455710e+02 
 3.14421647e+08 -5.12603465e+01 -1.51846441e+02 
 3.18044260e+08 -5.15419175e+01 -1.51214229e+02 
 3.21708612e+08 -5.18252951e+01 -1.50557874e+02 
 3.25415182e+08 -5.21104812e+01 -1.49876105e+02 
 3.29164458e+08 -5.23974708e+01 -1.49167570e+02 
 3.32956931e+08 -5.26862513e+01 -1.48430842e+02 
 3.36793099e+08 -5.29768005e+01 -1.47664404e+02 
 3.40673466e+08 -5.32690857e+01 -1.46866655e+02 
 3.44598540e+08 -5.35630619e+01 -1.46035901e+02 
 3.48568837e+08 -5.38586698e+01 -1.45170354e+02 
 3.52584878e+08 -5.41558341e+01 -1.44268128e+02 
 3.56647189e+08 -5.44544605e+01 -1.43327241e+02 
 3.60756305e+08 -5.47544338e+01 -1.42345612e+02 
 3.64912764e+08 -5.50556145e+01 -1.41321061e+02 
 3.69117112e+08 -5.53578357e+01 -1.40251315e+02 
 3.73369900e+08 -5.56608999e+01 -1.39134014e+02 
 3.77671687e+08 -5.59645747e+01 -1.37966715e+02 
 3.82023036e+08 -5.62685888e+01 -1.36746908e+02 
 3.86424520e+08 -5.65726278e+01 -1.35472029e+02 
 3.90876716e+08 -5.68763295e+01 -1.34139485e+02 
 3.95380208e+08 -5.71792789e+01 -1.32746678e+02 
 3.99935587e+08 -5.74810039e+01 -1.31291043e+02 
 4.04543450e+08 -5.77809704e+01 -1.29770085e+02 
 4.09204403e+08 -5.80785780e+01 -1.28181435e+02 
 4.13919058e+08 -5.83731567e+01 -1.26522911e+02 
 4.18688032e+08 -5.86639641e+01 -1.24792582e+02 
 4.23511952e+08 -5.89501842e+01 -1.22988856e+02 
 4.28391452e+08 -5.92309283e+01 -1.21110565e+02 
 4.33327170e+08 -5.95052376e+01 -1.19157067e+02 
 4.38319755e+08 -5.97720894e+01 -1.17128345e+02 
 4.43369862e+08 -6.00304064e+01 -1.15025116e+02 
 4.48478155e+08 -6.02790695e+01 -1.12848935e+02 
 4.53645302e+08 -6.05169350e+01 -1.10602285e+02 
 4.58871983e+08 -6.07428558e+01 -1.08288660e+02 
 4.64158883e+08 -6.09557062e+01 -1.05912617e+02 
 4.69506697e+08 -6.11544101e+01 -1.03479803e+02 
 4.74916125e+08 -6.13379713e+01 -1.00996935e+02 
 4.80387878e+08 -6.15055037e+01 -9.84717439e+01 
 4.85922674e+08 -6.16562617e+01 -9.59128695e+01 
 4.91521239e+08 -6.17896664e+01 -9.33297073e+01 
 4.97184308e+08 -6.19053276e+01 -9.07322171e+01 
 5.02912624e+08 -6.20030588e+01 -8.81306992e+01 
 5.08706939e+08 -6.20828849e+01 -8.55355496e+01 
 5.14568013e+08 -6.21450409e+01 -8.29570105e+01 
 5.20496616e+08 -6.21899630e+01 -8.04049299e+01 
 5.26493525e+08 -6.22182711e+01 -7.78885432e+01 
 5.32559528e+08 -6.22307464e+01 -7.54162905e+01 
 5.38695420e+08 -6.22283036e+01 -7.29956753e+01 
 5.44902008e+08 -6.22119607e+01 -7.06331698e+01 
 5.51180104e+08 -6.21828081e+01 -6.83341665e+01 
 5.57530533e+08 -6.21419794e+01 -6.61029722e+01 
 5.63954130e+08 -6.20906232e+01 -6.39428401e+01 
 5.70451735e+08 -6.20298796e+01 -6.18560303e+01 
 5.77024203e+08 -6.19608597e+01 -5.98438929e+01 
 5.83672396e+08 -6.18846295e+01 -5.79069655e+01 
 5.90397186e+08 -6.18021980e+01 -5.60450765e+01 
 5.97199455e+08 -6.17145082e+01 -5.42574519e+01 
 6.04080098e+08 -6.16224327e+01 -5.25428168e+01 
 6.11040015e+08 -6.15267705e+01 -5.08994924e+01 
 6.18080121e+08 -6.14282476e+01 -4.93254835e+01 
 6.25201340e+08 -6.13275178e+01 -4.78185569e+01 
 6.32404607e+08 -6.12251660e+01 -4.63763093e+01 
 6.39690866e+08 -6.11217120e+01 -4.49962262e+01 
 6.47061073e+08 -6.10176146e+01 -4.36757302e+01 
 6.54516197e+08 -6.09132764e+01 -4.24122217e+01 
 6.62057214e+08 -6.08090486e+01 -4.12031118e+01 
 6.69685116e+08 -6.07052355e+01 -4.00458476e+01 
 6.77400903e+08 -6.06020992e+01 -3.89379329e+01 
 6.85205587e+08 -6.04998641e+01 -3.78769433e+01 
 6.93100193e+08 -6.03987209e+01 -3.68605367e+01 
 7.01085757e+08 -6.02988299e+01 -3.58864615e+01 
 7.09163327e+08 -6.02003253e+01 -3.49525611e+01 
 7.17333962e+08 -6.01033176e+01 -3.40567767e+01 
 7.25598736e+08 -6.00078967e+01 -3.31971477e+01 
 7.33958732e+08 -5.99141346e+01 -3.23718116e+01 
 7.42415048e+08 -5.98220875e+01 -3.15790018e+01 
 7.50968794e+08 -5.97317978e+01 -3.08170458e+01 
 7.59621092e+08 -5.96432960e+01 -3.00843615e+01 
 7.68373077e+08 -5.95566025e+01 -2.93794541e+01 
 7.77225899e+08 -5.94717285e+01 -2.87009123e+01 
 7.86180718e+08 -5.93886777e+01 -2.80474044e+01 
 7.95238711e+08 -5.93074473e+01 -2.74176746e+01 
 8.04401065e+08 -5.92280286e+01 -2.68105385e+01 
 8.13668983e+08 -5.91504084e+01 -2.62248799e+01 
 8.23043682e+08 -5.90745696e+01 -2.56596466e+01 
 8.32526392e+08 -5.90004914e+01 -2.51138467e+01 
 8.42118357e+08 -5.89281504e+01 -2.45865454e+01 
 8.51820836e+08 -5.88575209e+01 -2.40768614e+01 
 8.61635102e+08 -5.87885752e+01 -2.35839635e+01 
 8.71562443e+08 -5.87212842e+01 -2.31070681e+01 
 8.81604162e+08 -5.86556174e+01 -2.26454356e+01 
 8.91761577e+08 -5.85915436e+01 -2.21983683e+01 
 9.02036021e+08 -5.85290310e+01 -2.17652075e+01 
 9.12428842e+08 -5.84680470e+01 -2.13453311e+01 
 9.22941404e+08 -5.84085590e+01 -2.09381516e+01 
 9.33575087e+08 -5.83505342e+01 -2.05431135e+01 
 9.44331286e+08 -5.82939397e+01 -2.01596917e+01 
 9.55211412e+08 -5.82387429e+01 -1.97873896e+01 
 9.66216894e+08 -5.81849112e+01 -1.94257372e+01 
 9.77349176e+08 -5.81324126e+01 -1.90742894e+01 
 9.88609719e+08 -5.80812150e+01 -1.87326248e+01 
 1.00000000e+09 -5.80312872e+01 -1.84003439e+01 
