 v-sweep         Vin             Vout           
 0.00000000e+00  0.00000000e+00  1.77491225e-09 
 1.80000000e-03  1.80000000e-03  1.86562764e-09 
 3.60000000e-03  3.60000000e-03  1.96350374e-09 
 5.40000000e-03  5.40000000e-03  2.06654868e-09 
 7.20000000e-03  7.20000000e-03  2.17503667e-09 
 9.00000000e-03  9.00000000e-03  2.28925685e-09 
 1.08000000e-02  1.08000000e-02  2.40951368e-09 
 1.26000000e-02  1.26000000e-02  2.53612896e-09 
 1.44000000e-02  1.44000000e-02  2.66943963e-09 
 1.62000000e-02  1.62000000e-02  2.80980230e-09 
 1.80000000e-02  1.80000000e-02  2.95759286e-09 
 1.98000000e-02  1.98000000e-02  3.11320602e-09 
 2.16000000e-02  2.16000000e-02  3.27705795e-09 
 2.34000000e-02  2.34000000e-02  3.44958816e-09 
 2.52000000e-02  2.52000000e-02  3.63125824e-09 
 2.70000000e-02  2.70000000e-02  3.82255592e-09 
 2.88000000e-02  2.88000000e-02  4.02399345e-09 
 3.06000000e-02  3.06000000e-02  4.23611202e-09 
 3.24000000e-02  3.24000000e-02  4.45948054e-09 
 3.42000000e-02  3.42000000e-02  4.69470034e-09 
 3.60000000e-02  3.60000000e-02  4.94240205e-09 
 3.78000000e-02  3.78000000e-02  5.20325337e-09 
 3.96000000e-02  3.96000000e-02  5.47795516e-09 
 4.14000000e-02  4.14000000e-02  5.76724758e-09 
 4.32000000e-02  4.32000000e-02  6.07190956e-09 
 4.50000000e-02  4.50000000e-02  6.39276240e-09 
 4.68000000e-02  4.68000000e-02  6.73067184e-09 
 4.86000000e-02  4.86000000e-02  7.08654801e-09 
 5.04000000e-02  5.04000000e-02  7.46135381e-09 
 5.22000000e-02  5.22000000e-02  7.85610028e-09 
 5.40000000e-02  5.40000000e-02  8.27185404e-09 
 5.58000000e-02  5.58000000e-02  8.70973958e-09 
 5.76000000e-02  5.76000000e-02  9.17094115e-09 
 5.94000000e-02  5.94000000e-02  9.65670750e-09 
 6.12000000e-02  6.12000000e-02  1.01683541e-08 
 6.30000000e-02  6.30000000e-02  1.07072666e-08 
 6.48000000e-02  6.48000000e-02  1.12749065e-08 
 6.66000000e-02  6.66000000e-02  1.18728137e-08 
 6.84000000e-02  6.84000000e-02  1.25026092e-08 
 7.02000000e-02  7.02000000e-02  1.31660050e-08 
 7.20000000e-02  7.20000000e-02  1.38648011e-08 
 7.38000000e-02  7.38000000e-02  1.46008987e-08 
 7.56000000e-02  7.56000000e-02  1.53762979e-08 
 7.74000000e-02  7.74000000e-02  1.61931088e-08 
 7.92000000e-02  7.92000000e-02  1.70535549e-08 
 8.10000000e-02  8.10000000e-02  1.79599790e-08 
 8.28000000e-02  8.28000000e-02  1.89148514e-08 
 8.46000000e-02  8.46000000e-02  1.99207751e-08 
 8.64000000e-02  8.64000000e-02  2.09804932e-08 
 8.82000000e-02  8.82000000e-02  2.20968979e-08 
 9.00000000e-02  9.00000000e-02  2.32730371e-08 
 9.18000000e-02  9.18000000e-02  2.45121237e-08 
 9.36000000e-02  9.36000000e-02  2.58175442e-08 
 9.54000000e-02  9.54000000e-02  2.71928669e-08 
 9.72000000e-02  9.72000000e-02  2.86418555e-08 
 9.90000000e-02  9.90000000e-02  3.01684747e-08 
 1.00800000e-01  1.00800000e-01  3.17769053e-08 
 1.02600000e-01  1.02600000e-01  3.34715539e-08 
 1.04400000e-01  1.04400000e-01  3.52570653e-08 
 1.06200000e-01  1.06200000e-01  3.71383357e-08 
 1.08000000e-01  1.08000000e-01  3.91205275e-08 
 1.09800000e-01  1.09800000e-01  4.12090807e-08 
 1.11600000e-01  1.11600000e-01  4.34097316e-08 
 1.13400000e-01  1.13400000e-01  4.57285261e-08 
 1.15200000e-01  1.15200000e-01  4.81718393e-08 
 1.17000000e-01  1.17000000e-01  5.07463900e-08 
 1.18800000e-01  1.18800000e-01  5.34592629e-08 
 1.20600000e-01  1.20600000e-01  5.63179253e-08 
 1.22400000e-01  1.22400000e-01  5.93302508e-08 
 1.24200000e-01  1.24200000e-01  6.25045395e-08 
 1.26000000e-01  1.26000000e-01  6.58495428e-08 
 1.27800000e-01  1.27800000e-01  6.93744849e-08 
 1.29600000e-01  1.29600000e-01  7.30890936e-08 
 1.31400000e-01  1.31400000e-01  7.70036223e-08 
 1.33200000e-01  1.33200000e-01  8.11288825e-08 
 1.35000000e-01  1.35000000e-01  8.54762733e-08 
 1.36800000e-01  1.36800000e-01  9.00578125e-08 
 1.38600000e-01  1.38600000e-01  9.48861716e-08 
 1.40400000e-01  1.40400000e-01  9.99747091e-08 
 1.42200000e-01  1.42200000e-01  1.05337512e-07 
 1.44000000e-01  1.44000000e-01  1.10989433e-07 
 1.45800000e-01  1.45800000e-01  1.16946130e-07 
 1.47600000e-01  1.47600000e-01  1.23224115e-07 
 1.49400000e-01  1.49400000e-01  1.29840799e-07 
 1.51200000e-01  1.51200000e-01  1.36814539e-07 
 1.53000000e-01  1.53000000e-01  1.44164691e-07 
 1.54800000e-01  1.54800000e-01  1.51911665e-07 
 1.56600000e-01  1.56600000e-01  1.60076983e-07 
 1.58400000e-01  1.58400000e-01  1.68683340e-07 
 1.60200000e-01  1.60200000e-01  1.77754665e-07 
 1.62000000e-01  1.62000000e-01  1.87316191e-07 
 1.63800000e-01  1.63800000e-01  1.97394527e-07 
 1.65600000e-01  1.65600000e-01  2.08017733e-07 
 1.67400000e-01  1.67400000e-01  2.19215396e-07 
 1.69200000e-01  1.69200000e-01  2.31018718e-07 
 1.71000000e-01  1.71000000e-01  2.43460602e-07 
 1.72800000e-01  1.72800000e-01  2.56575746e-07 
 1.74600000e-01  1.74600000e-01  2.70400740e-07 
 1.76400000e-01  1.76400000e-01  2.84974171e-07 
 1.78200000e-01  1.78200000e-01  3.00336730e-07 
 1.80000000e-01  1.80000000e-01  3.16531330e-07 
 1.81800000e-01  1.81800000e-01  3.33603228e-07 
 1.83600000e-01  1.83600000e-01  3.51600149e-07 
 1.85400000e-01  1.85400000e-01  3.70572424e-07 
 1.87200000e-01  1.87200000e-01  3.90573135e-07 
 1.89000000e-01  1.89000000e-01  4.11658261e-07 
 1.90800000e-01  1.90800000e-01  4.33886839e-07 
 1.92600000e-01  1.92600000e-01  4.57321131e-07 
 1.94400000e-01  1.94400000e-01  4.82026804e-07 
 1.96200000e-01  1.96200000e-01  5.08073109e-07 
 1.98000000e-01  1.98000000e-01  5.35533085e-07 
 1.99800000e-01  1.99800000e-01  5.64483762e-07 
 2.01600000e-01  2.01600000e-01  5.95006381e-07 
 2.03400000e-01  2.03400000e-01  6.27186623e-07 
 2.05200000e-01  2.05200000e-01  6.61114858e-07 
 2.07000000e-01  2.07000000e-01  6.96886393e-07 
 2.08800000e-01  2.08800000e-01  7.34601749e-07 
 2.10600000e-01  2.10600000e-01  7.74366945e-07 
 2.12400000e-01  2.12400000e-01  8.16293797e-07 
 2.14200000e-01  2.14200000e-01  8.60500239e-07 
 2.16000000e-01  2.16000000e-01  9.07110654e-07 
 2.17800000e-01  2.17800000e-01  9.56256231e-07 
 2.19600000e-01  2.19600000e-01  1.00807534e-06 
 2.21400000e-01  2.21400000e-01  1.06271390e-06 
 2.23200000e-01  2.23200000e-01  1.12032585e-06 
 2.25000000e-01  2.25000000e-01  1.18107352e-06 
 2.26800000e-01  2.26800000e-01  1.24512813e-06 
 2.28600000e-01  2.28600000e-01  1.31267027e-06 
 2.30400000e-01  2.30400000e-01  1.38389040e-06 
 2.32200000e-01  2.32200000e-01  1.45898943e-06 
 2.34000000e-01  2.34000000e-01  1.53817921e-06 
 2.35800000e-01  2.35800000e-01  1.62168323e-06 
 2.37600000e-01  2.37600000e-01  1.70973716e-06 
 2.39400000e-01  2.39400000e-01  1.80258959e-06 
 2.41200000e-01  2.41200000e-01  1.90050268e-06 
 2.43000000e-01  2.43000000e-01  2.00375295e-06 
 2.44800000e-01  2.44800000e-01  2.11263202e-06 
 2.46600000e-01  2.46600000e-01  2.22744745e-06 
 2.48400000e-01  2.48400000e-01  2.34852361e-06 
 2.50200000e-01  2.50200000e-01  2.47620260e-06 
 2.52000000e-01  2.52000000e-01  2.61084521e-06 
 2.53800000e-01  2.53800000e-01  2.75283191e-06 
 2.55600000e-01  2.55600000e-01  2.90256398e-06 
 2.57400000e-01  2.57400000e-01  3.06046457e-06 
 2.59200000e-01  2.59200000e-01  3.22697993e-06 
 2.61000000e-01  2.61000000e-01  3.40258067e-06 
 2.62800000e-01  2.62800000e-01  3.58776302e-06 
 2.64600000e-01  2.64600000e-01  3.78305030e-06 
 2.66400000e-01  2.66400000e-01  3.98899429e-06 
 2.68200000e-01  2.68200000e-01  4.20617687e-06 
 2.70000000e-01  2.70000000e-01  4.43521153e-06 
 2.71800000e-01  2.71800000e-01  4.67674518e-06 
 2.73600000e-01  2.73600000e-01  4.93145985e-06 
 2.75400000e-01  2.75400000e-01  5.20007465e-06 
 2.77200000e-01  2.77200000e-01  5.48334772e-06 
 2.79000000e-01  2.79000000e-01  5.78207831e-06 
 2.80800000e-01  2.80800000e-01  6.09710901e-06 
 2.82600000e-01  2.82600000e-01  6.42932803e-06 
 2.84400000e-01  2.84400000e-01  6.77967164e-06 
 2.86200000e-01  2.86200000e-01  7.14912672e-06 
 2.88000000e-01  2.88000000e-01  7.53873344e-06 
 2.89800000e-01  2.89800000e-01  7.94958808e-06 
 2.91600000e-01  2.91600000e-01  8.38284597e-06 
 2.93400000e-01  2.93400000e-01  8.83972462e-06 
 2.95200000e-01  2.95200000e-01  9.32150696e-06 
 2.97000000e-01  2.97000000e-01  9.82954476e-06 
 2.98800000e-01  2.98800000e-01  1.03652623e-05 
 3.00600000e-01  3.00600000e-01  1.09301598e-05 
 3.02400000e-01  3.02400000e-01  1.15258180e-05 
 3.04200000e-01  3.04200000e-01  1.21539017e-05 
 3.06000000e-01  3.06000000e-01  1.28161641e-05 
 3.07800000e-01  3.07800000e-01  1.35144519e-05 
 3.09600000e-01  3.09600000e-01  1.42507094e-05 
 3.11400000e-01  3.11400000e-01  1.50269838e-05 
 3.13200000e-01  3.13200000e-01  1.58454302e-05 
 3.15000000e-01  3.15000000e-01  1.67083172e-05 
 3.16800000e-01  3.16800000e-01  1.76180324e-05 
 3.18600000e-01  3.18600000e-01  1.85770884e-05 
 3.20400000e-01  3.20400000e-01  1.95881288e-05 
 3.22200000e-01  3.22200000e-01  2.06539347e-05 
 3.24000000e-01  3.24000000e-01  2.17774315e-05 
 3.25800000e-01  3.25800000e-01  2.29616955e-05 
 3.27600000e-01  3.27600000e-01  2.42099615e-05 
 3.29400000e-01  3.29400000e-01  2.55256300e-05 
 3.31200000e-01  3.31200000e-01  2.69122751e-05 
 3.33000000e-01  3.33000000e-01  2.83736526e-05 
 3.34800000e-01  3.34800000e-01  2.99137083e-05 
 3.36600000e-01  3.36600000e-01  3.15365864e-05 
 3.38400000e-01  3.38400000e-01  3.32466389e-05 
 3.40200000e-01  3.40200000e-01  3.50484346e-05 
 3.42000000e-01  3.42000000e-01  3.69467682e-05 
 3.43800000e-01  3.43800000e-01  3.89466708e-05 
 3.45600000e-01  3.45600000e-01  4.10534193e-05 
 3.47400000e-01  3.47400000e-01  4.32725470e-05 
 3.49200000e-01  3.49200000e-01  4.56098540e-05 
 3.51000000e-01  3.51000000e-01  4.80714182e-05 
 3.52800000e-01  3.52800000e-01  5.06636058e-05 
 3.54600000e-01  3.54600000e-01  5.33930830e-05 
 3.56400000e-01  3.56400000e-01  5.62668274e-05 
 3.58200000e-01  3.58200000e-01  5.92921387e-05 
 3.60000000e-01  3.60000000e-01  6.24766515e-05 
 3.61800000e-01  3.61800000e-01  6.58283459e-05 
 3.63600000e-01  3.63600000e-01  6.93555602e-05 
 3.65400000e-01  3.65400000e-01  7.30670020e-05 
 3.67200000e-01  3.67200000e-01  7.69717603e-05 
 3.69000000e-01  3.69000000e-01  8.10793170e-05 
 3.70800000e-01  3.70800000e-01  8.53995588e-05 
 3.72600000e-01  3.72600000e-01  8.99427879e-05 
 3.74400000e-01  3.74400000e-01  9.47197339e-05 
 3.76200000e-01  3.76200000e-01  9.97415641e-05 
 3.78000000e-01  3.78000000e-01  1.05019894e-04 
 3.79800000e-01  3.79800000e-01  1.10566798e-04 
 3.81600000e-01  3.81600000e-01  1.16394817e-04 
 3.83400000e-01  3.83400000e-01  1.22516970e-04 
 3.85200000e-01  3.85200000e-01  1.28946761e-04 
 3.87000000e-01  3.87000000e-01  1.35698187e-04 
 3.88800000e-01  3.88800000e-01  1.42785744e-04 
 3.90600000e-01  3.90600000e-01  1.50224433e-04 
 3.92400000e-01  3.92400000e-01  1.58029766e-04 
 3.94200000e-01  3.94200000e-01  1.66217770e-04 
 3.96000000e-01  3.96000000e-01  1.74804990e-04 
 3.97800000e-01  3.97800000e-01  1.83808489e-04 
 3.99600000e-01  3.99600000e-01  1.93245850e-04 
 4.01400000e-01  4.01400000e-01  2.03135177e-04 
 4.03200000e-01  4.03200000e-01  2.13495091e-04 
 4.05000000e-01  4.05000000e-01  2.24344727e-04 
 4.06800000e-01  4.06800000e-01  2.35703731e-04 
 4.08600000e-01  4.08600000e-01  2.47592253e-04 
 4.10400000e-01  4.10400000e-01  2.60030941e-04 
 4.12200000e-01  4.12200000e-01  2.73040933e-04 
 4.14000000e-01  4.14000000e-01  2.86643846e-04 
 4.15800000e-01  4.15800000e-01  3.00861768e-04 
 4.17600000e-01  4.17600000e-01  3.15717242e-04 
 4.19400000e-01  4.19400000e-01  3.31233259e-04 
 4.21200000e-01  4.21200000e-01  3.47433238e-04 
 4.23000000e-01  4.23000000e-01  3.64341019e-04 
 4.24800000e-01  4.24800000e-01  3.81980840e-04 
 4.26600000e-01  4.26600000e-01  4.00377327e-04 
 4.28400000e-01  4.28400000e-01  4.19555476e-04 
 4.30200000e-01  4.30200000e-01  4.39540639e-04 
 4.32000000e-01  4.32000000e-01  4.60358506e-04 
 4.33800000e-01  4.33800000e-01  4.82035089e-04 
 4.35600000e-01  4.35600000e-01  5.04596711e-04 
 4.37400000e-01  4.37400000e-01  5.28069989e-04 
 4.39200000e-01  4.39200000e-01  5.52481821e-04 
 4.41000000e-01  4.41000000e-01  5.77859379e-04 
 4.42800000e-01  4.42800000e-01  6.04230097e-04 
 4.44600000e-01  4.44600000e-01  6.31621664e-04 
 4.46400000e-01  4.46400000e-01  6.60062024e-04 
 4.48200000e-01  4.48200000e-01  6.89579373e-04 
 4.50000000e-01  4.50000000e-01  7.20202163e-04 
 4.51800000e-01  4.51800000e-01  7.51959115e-04 
 4.53600000e-01  4.53600000e-01  7.84879229e-04 
 4.55400000e-01  4.55400000e-01  8.18991808e-04 
 4.57200000e-01  4.57200000e-01  8.54326485e-04 
 4.59000000e-01  4.59000000e-01  8.90913265e-04 
 4.60800000e-01  4.60800000e-01  9.28782572e-04 
 4.62600000e-01  4.62600000e-01  9.67965311e-04 
 4.64400000e-01  4.64400000e-01  1.00849295e-03 
 4.66200000e-01  4.66200000e-01  1.05039760e-03 
 4.68000000e-01  4.68000000e-01  1.09371218e-03 
 4.69800000e-01  4.69800000e-01  1.13847052e-03 
 4.71600000e-01  4.71600000e-01  1.18470755e-03 
 4.73400000e-01  4.73400000e-01  1.23245978e-03 
 4.75200000e-01  4.75200000e-01  1.28176483e-03 
 4.77000000e-01  4.77000000e-01  1.33266285e-03 
 4.78800000e-01  4.78800000e-01  1.38519629e-03 
 4.80600000e-01  4.80600000e-01  1.43941072e-03 
 4.82400000e-01  4.82400000e-01  1.49535563e-03 
 4.84200000e-01  4.84200000e-01  1.55308550e-03 
 4.86000000e-01  4.86000000e-01  1.61266125e-03 
 4.87800000e-01  4.87800000e-01  1.67415229e-03 
 4.89600000e-01  4.89600000e-01  1.73763933e-03 
 4.91400000e-01  4.91400000e-01  1.80321862e-03 
 4.93200000e-01  4.93200000e-01  1.87100822e-03 
 4.95000000e-01  4.95000000e-01  1.94115797e-03 
 4.96800000e-01  4.96800000e-01  2.01386587e-03 
 4.98600000e-01  4.98600000e-01  2.08940656e-03 
 5.00400000e-01  5.00400000e-01  2.16818477e-03 
 5.02200000e-01  5.02200000e-01  2.25084478e-03 
 5.04000000e-01  5.04000000e-01  2.34192590e-03 
 5.05800000e-01  5.05800000e-01  2.43974530e-03 
 5.07600000e-01  5.07600000e-01  2.56010675e-03 
 5.09400000e-01  5.09400000e-01  2.98052175e-03 
 5.11200000e-01  5.11200000e-01  3.92761026e-03 
 5.13000000e-01  5.13000000e-01  5.15842928e-03 
 5.14800000e-01  5.14800000e-01  6.58865720e-03 
 5.16600000e-01  5.16600000e-01  8.14133609e-03 
 5.18400000e-01  5.18400000e-01  9.76765954e-03 
 5.20200000e-01  5.20200000e-01  1.14397695e-02 
 5.22000000e-01  5.22000000e-01  1.31417059e-02 
 5.23800000e-01  5.23800000e-01  1.48639664e-02 
 5.25600000e-01  5.25600000e-01  1.66006341e-02 
 5.27400000e-01  5.27400000e-01  1.83478651e-02 
 5.29200000e-01  5.29200000e-01  2.01030661e-02 
 5.31000000e-01  5.31000000e-01  2.18644282e-02 
 5.32800000e-01  5.32800000e-01  2.36306531e-02 
 5.34600000e-01  5.34600000e-01  2.53989667e-02 
 5.36400000e-01  5.36400000e-01  2.71727017e-02 
 5.38200000e-01  5.38200000e-01  2.89488839e-02 
 5.40000000e-01  5.40000000e-01  3.07272298e-02 
 5.41800000e-01  5.41800000e-01  3.25074038e-02 
 5.43600000e-01  5.43600000e-01  3.42891411e-02 
 5.45400000e-01  5.45400000e-01  3.60722252e-02 
 5.47200000e-01  5.47200000e-01  3.78564779e-02 
 5.49000000e-01  5.49000000e-01  3.96417506e-02 
 5.50800000e-01  5.50800000e-01  4.14279186e-02 
 5.52600000e-01  5.52600000e-01  4.32148764e-02 
 5.54400000e-01  5.54400000e-01  4.50025338e-02 
 5.56200000e-01  5.56200000e-01  4.67908135e-02 
 5.58000000e-01  5.58000000e-01  4.85796487e-02 
 5.59800000e-01  5.59800000e-01  5.03689815e-02 
 5.61600000e-01  5.61600000e-01  5.21587610e-02 
 5.63400000e-01  5.63400000e-01  5.39489429e-02 
 5.65200000e-01  5.65200000e-01  5.57394881e-02 
 5.67000000e-01  5.67000000e-01  5.75303622e-02 
 5.68800000e-01  5.68800000e-01  5.93215346e-02 
 5.70600000e-01  5.70600000e-01  6.11129782e-02 
 5.72400000e-01  5.72400000e-01  6.29046690e-02 
 5.74200000e-01  5.74200000e-01  6.46965855e-02 
 5.76000000e-01  5.76000000e-01  6.64887084e-02 
 5.77800000e-01  5.77800000e-01  6.82810203e-02 
 5.79600000e-01  5.79600000e-01  7.00735056e-02 
 5.81400000e-01  5.81400000e-01  7.18661500e-02 
 5.83200000e-01  5.83200000e-01  7.36589407e-02 
 5.85000000e-01  5.85000000e-01  7.54518658e-02 
 5.86800000e-01  5.86800000e-01  7.72449146e-02 
 5.88600000e-01  5.88600000e-01  7.90380772e-02 
 5.90400000e-01  5.90400000e-01  8.08313444e-02 
 5.92200000e-01  5.92200000e-01  8.26247080e-02 
 5.94000000e-01  5.94000000e-01  8.44181601e-02 
 5.95800000e-01  5.95800000e-01  8.62116937e-02 
 5.97600000e-01  5.97600000e-01  8.80053022e-02 
 5.99400000e-01  5.99400000e-01  8.97989794e-02 
 6.01200000e-01  6.01200000e-01  9.15927197e-02 
 6.03000000e-01  6.03000000e-01  9.33865180e-02 
 6.04800000e-01  6.04800000e-01  9.51803693e-02 
 6.06600000e-01  6.06600000e-01  9.69742692e-02 
 6.08400000e-01  6.08400000e-01  9.87682134e-02 
 6.10200000e-01  6.10200000e-01  1.00562198e-01 
 6.12000000e-01  6.12000000e-01  1.02356220e-01 
 6.13800000e-01  6.13800000e-01  1.04150275e-01 
 6.15600000e-01  6.15600000e-01  1.05944360e-01 
 6.17400000e-01  6.17400000e-01  1.07738473e-01 
 6.19200000e-01  6.19200000e-01  1.09532611e-01 
 6.21000000e-01  6.21000000e-01  1.11326771e-01 
 6.22800000e-01  6.22800000e-01  1.13120950e-01 
 6.24600000e-01  6.24600000e-01  1.14915148e-01 
 6.26400000e-01  6.26400000e-01  1.16709360e-01 
 6.28200000e-01  6.28200000e-01  1.18503587e-01 
 6.30000000e-01  6.30000000e-01  1.20297825e-01 
 6.31800000e-01  6.31800000e-01  1.22092074e-01 
 6.33600000e-01  6.33600000e-01  1.23886331e-01 
 6.35400000e-01  6.35400000e-01  1.25680595e-01 
 6.37200000e-01  6.37200000e-01  1.27474865e-01 
 6.39000000e-01  6.39000000e-01  1.29269140e-01 
 6.40800000e-01  6.40800000e-01  1.31063417e-01 
 6.42600000e-01  6.42600000e-01  1.32857697e-01 
 6.44400000e-01  6.44400000e-01  1.34651977e-01 
 6.46200000e-01  6.46200000e-01  1.36446258e-01 
 6.48000000e-01  6.48000000e-01  1.38240538e-01 
 6.49800000e-01  6.49800000e-01  1.40034816e-01 
 6.51600000e-01  6.51600000e-01  1.41829091e-01 
 6.53400000e-01  6.53400000e-01  1.43623362e-01 
 6.55200000e-01  6.55200000e-01  1.45417630e-01 
 6.57000000e-01  6.57000000e-01  1.47211892e-01 
 6.58800000e-01  6.58800000e-01  1.49006149e-01 
 6.60600000e-01  6.60600000e-01  1.50800400e-01 
 6.62400000e-01  6.62400000e-01  1.52594644e-01 
 6.64200000e-01  6.64200000e-01  1.54388881e-01 
 6.66000000e-01  6.66000000e-01  1.56183110e-01 
 6.67800000e-01  6.67800000e-01  1.57977330e-01 
 6.69600000e-01  6.69600000e-01  1.59771541e-01 
 6.71400000e-01  6.71400000e-01  1.61565743e-01 
 6.73200000e-01  6.73200000e-01  1.63359936e-01 
 6.75000000e-01  6.75000000e-01  1.65154118e-01 
 6.76800000e-01  6.76800000e-01  1.66948289e-01 
 6.78600000e-01  6.78600000e-01  1.68742450e-01 
 6.80400000e-01  6.80400000e-01  1.70536599e-01 
 6.82200000e-01  6.82200000e-01  1.72330736e-01 
 6.84000000e-01  6.84000000e-01  1.74124862e-01 
 6.85800000e-01  6.85800000e-01  1.75918975e-01 
 6.87600000e-01  6.87600000e-01  1.77713075e-01 
 6.89400000e-01  6.89400000e-01  1.79507162e-01 
 6.91200000e-01  6.91200000e-01  1.81301236e-01 
 6.93000000e-01  6.93000000e-01  1.83095296e-01 
 6.94800000e-01  6.94800000e-01  1.84889342e-01 
 6.96600000e-01  6.96600000e-01  1.86683375e-01 
 6.98400000e-01  6.98400000e-01  1.88477392e-01 
 7.00200000e-01  7.00200000e-01  1.90271395e-01 
 7.02000000e-01  7.02000000e-01  1.92065383e-01 
 7.03800000e-01  7.03800000e-01  1.93859355e-01 
 7.05600000e-01  7.05600000e-01  1.95653312e-01 
 7.07400000e-01  7.07400000e-01  1.97447253e-01 
 7.09200000e-01  7.09200000e-01  1.99241178e-01 
 7.11000000e-01  7.11000000e-01  2.01035087e-01 
 7.12800000e-01  7.12800000e-01  2.02828978e-01 
 7.14600000e-01  7.14600000e-01  2.04622853e-01 
 7.16400000e-01  7.16400000e-01  2.06416711e-01 
 7.18200000e-01  7.18200000e-01  2.08210551e-01 
 7.20000000e-01  7.20000000e-01  2.10004373e-01 
 7.21800000e-01  7.21800000e-01  2.11798176e-01 
 7.23600000e-01  7.23600000e-01  2.13591962e-01 
 7.25400000e-01  7.25400000e-01  2.15385728e-01 
 7.27200000e-01  7.27200000e-01  2.17179475e-01 
 7.29000000e-01  7.29000000e-01  2.18973202e-01 
 7.30800000e-01  7.30800000e-01  2.20766909e-01 
 7.32600000e-01  7.32600000e-01  2.22560596e-01 
 7.34400000e-01  7.34400000e-01  2.24354262e-01 
 7.36200000e-01  7.36200000e-01  2.26147906e-01 
 7.38000000e-01  7.38000000e-01  2.27941528e-01 
 7.39800000e-01  7.39800000e-01  2.29735127e-01 
 7.41600000e-01  7.41600000e-01  2.31528703e-01 
 7.43400000e-01  7.43400000e-01  2.33322255e-01 
 7.45200000e-01  7.45200000e-01  2.35115782e-01 
 7.47000000e-01  7.47000000e-01  2.36909284e-01 
 7.48800000e-01  7.48800000e-01  2.38702758e-01 
 7.50600000e-01  7.50600000e-01  2.40496205e-01 
 7.52400000e-01  7.52400000e-01  2.42289622e-01 
 7.54200000e-01  7.54200000e-01  2.44083010e-01 
 7.56000000e-01  7.56000000e-01  2.45876365e-01 
 7.57800000e-01  7.57800000e-01  2.47669686e-01 
 7.59600000e-01  7.59600000e-01  2.49462972e-01 
 7.61400000e-01  7.61400000e-01  2.51256221e-01 
 7.63200000e-01  7.63200000e-01  2.53049429e-01 
 7.65000000e-01  7.65000000e-01  2.54842594e-01 
 7.66800000e-01  7.66800000e-01  2.56635713e-01 
 7.68600000e-01  7.68600000e-01  2.58428783e-01 
 7.70400000e-01  7.70400000e-01  2.60221801e-01 
 7.72200000e-01  7.72200000e-01  2.62014761e-01 
 7.74000000e-01  7.74000000e-01  2.63807660e-01 
 7.75800000e-01  7.75800000e-01  2.65600493e-01 
 7.77600000e-01  7.77600000e-01  2.67393255e-01 
 7.79400000e-01  7.79400000e-01  2.69185940e-01 
 7.81200000e-01  7.81200000e-01  2.70978543e-01 
 7.83000000e-01  7.83000000e-01  2.72771059e-01 
 7.84800000e-01  7.84800000e-01  2.74563481e-01 
 7.86600000e-01  7.86600000e-01  2.76355804e-01 
 7.88400000e-01  7.88400000e-01  2.78148021e-01 
 7.90200000e-01  7.90200000e-01  2.79940126e-01 
 7.92000000e-01  7.92000000e-01  2.81732114e-01 
 7.93800000e-01  7.93800000e-01  2.83523977e-01 
 7.95600000e-01  7.95600000e-01  2.85315710e-01 
 7.97400000e-01  7.97400000e-01  2.87107305e-01 
 7.99200000e-01  7.99200000e-01  2.88898755e-01 
 8.01000000e-01  8.01000000e-01  2.90690053e-01 
 8.02800000e-01  8.02800000e-01  2.92481191e-01 
 8.04600000e-01  8.04600000e-01  2.94272160e-01 
 8.06400000e-01  8.06400000e-01  2.96062950e-01 
 8.08200000e-01  8.08200000e-01  2.97853552e-01 
 8.10000000e-01  8.10000000e-01  2.99643956e-01 
 8.11800000e-01  8.11800000e-01  3.01434149e-01 
 8.13600000e-01  8.13600000e-01  3.03224120e-01 
 8.15400000e-01  8.15400000e-01  3.05013855e-01 
 8.17200000e-01  8.17200000e-01  3.06803340e-01 
 8.19000000e-01  8.19000000e-01  3.08592560e-01 
 8.20800000e-01  8.20800000e-01  3.10381499e-01 
 8.22600000e-01  8.22600000e-01  3.12170139e-01 
 8.24400000e-01  8.24400000e-01  3.13958460e-01 
 8.26200000e-01  8.26200000e-01  3.15746443e-01 
 8.28000000e-01  8.28000000e-01  3.17534067e-01 
 8.29800000e-01  8.29800000e-01  3.19321307e-01 
 8.31600000e-01  8.31600000e-01  3.21108140e-01 
 8.33400000e-01  8.33400000e-01  3.22894538e-01 
 8.35200000e-01  8.35200000e-01  3.24680473e-01 
 8.37000000e-01  8.37000000e-01  3.26465915e-01 
 8.38800000e-01  8.38800000e-01  3.28250830e-01 
 8.40600000e-01  8.40600000e-01  3.30035184e-01 
 8.42400000e-01  8.42400000e-01  3.31818940e-01 
 8.44200000e-01  8.44200000e-01  3.33602058e-01 
 8.46000000e-01  8.46000000e-01  3.35384494e-01 
 8.47800000e-01  8.47800000e-01  3.37166205e-01 
 8.49600000e-01  8.49600000e-01  3.38947139e-01 
 8.51400000e-01  8.51400000e-01  3.40727247e-01 
 8.53200000e-01  8.53200000e-01  3.42506471e-01 
 8.55000000e-01  8.55000000e-01  3.44284754e-01 
 8.56800000e-01  8.56800000e-01  3.46062030e-01 
 8.58600000e-01  8.58600000e-01  3.47838233e-01 
 8.60400000e-01  8.60400000e-01  3.49613291e-01 
 8.62200000e-01  8.62200000e-01  3.51387126e-01 
 8.64000000e-01  8.64000000e-01  3.53159656e-01 
 8.65800000e-01  8.65800000e-01  3.54930794e-01 
 8.67600000e-01  8.67600000e-01  3.56700447e-01 
 8.69400000e-01  8.69400000e-01  3.58468514e-01 
 8.71200000e-01  8.71200000e-01  3.60234892e-01 
 8.73000000e-01  8.73000000e-01  3.61999466e-01 
 8.74800000e-01  8.74800000e-01  3.63762117e-01 
 8.76600000e-01  8.76600000e-01  3.65522718e-01 
 8.78400000e-01  8.78400000e-01  3.67281133e-01 
 8.80200000e-01  8.80200000e-01  3.69037219e-01 
 8.82000000e-01  8.82000000e-01  3.70790823e-01 
 8.83800000e-01  8.83800000e-01  3.72541784e-01 
 8.85600000e-01  8.85600000e-01  3.74289929e-01 
 8.87400000e-01  8.87400000e-01  3.76035077e-01 
 8.89200000e-01  8.89200000e-01  3.77777035e-01 
 8.91000000e-01  8.91000000e-01  3.79515601e-01 
 8.92800000e-01  8.92800000e-01  3.81250559e-01 
 8.94600000e-01  8.94600000e-01  3.82981682e-01 
 8.96400000e-01  8.96400000e-01  3.84708730e-01 
 8.98200000e-01  8.98200000e-01  3.86431453e-01 
 9.00000000e-01  9.00000000e-01  3.88149584e-01 
 9.01800000e-01  9.01800000e-01  3.89862844e-01 
 9.03600000e-01  9.03600000e-01  3.91570941e-01 
 9.05400000e-01  9.05400000e-01  3.93273567e-01 
 9.07200000e-01  9.07200000e-01  3.94970403e-01 
 9.09000000e-01  9.09000000e-01  3.96661111e-01 
 9.10800000e-01  9.10800000e-01  3.98345341e-01 
 9.12600000e-01  9.12600000e-01  4.00022729e-01 
 9.14400000e-01  9.14400000e-01  4.01692894e-01 
 9.16200000e-01  9.16200000e-01  4.03355444e-01 
 9.18000000e-01  9.18000000e-01  4.05009969e-01 
 9.19800000e-01  9.19800000e-01  4.06656049e-01 
 9.21600000e-01  9.21600000e-01  4.08293248e-01 
 9.23400000e-01  9.23400000e-01  4.09921119e-01 
 9.25200000e-01  9.25200000e-01  4.11539203e-01 
 9.27000000e-01  9.27000000e-01  4.13147030e-01 
 9.28800000e-01  9.28800000e-01  4.14744120e-01 
 9.30600000e-01  9.30600000e-01  4.16329986e-01 
 9.32400000e-01  9.32400000e-01  4.17904131e-01 
 9.34200000e-01  9.34200000e-01  4.19466057e-01 
 9.36000000e-01  9.36000000e-01  4.21015257e-01 
 9.37800000e-01  9.37800000e-01  4.22551225e-01 
 9.39600000e-01  9.39600000e-01  4.24073455e-01 
 9.41400000e-01  9.41400000e-01  4.25581441e-01 
 9.43200000e-01  9.43200000e-01  4.27074683e-01 
 9.45000000e-01  9.45000000e-01  4.28552684e-01 
 9.46800000e-01  9.46800000e-01  4.30014959e-01 
 9.48600000e-01  9.48600000e-01  4.31461030e-01 
 9.50400000e-01  9.50400000e-01  4.32890434e-01 
 9.52200000e-01  9.52200000e-01  4.34302719e-01 
 9.54000000e-01  9.54000000e-01  4.35697453e-01 
 9.55800000e-01  9.55800000e-01  4.37074220e-01 
 9.57600000e-01  9.57600000e-01  4.38432623e-01 
 9.59400000e-01  9.59400000e-01  4.39772288e-01 
 9.61200000e-01  9.61200000e-01  4.41092861e-01 
 9.63000000e-01  9.63000000e-01  4.42394012e-01 
 9.64800000e-01  9.64800000e-01  4.43675435e-01 
 9.66600000e-01  9.66600000e-01  4.44936848e-01 
 9.68400000e-01  9.68400000e-01  4.46177993e-01 
 9.70200000e-01  9.70200000e-01  4.47398639e-01 
 9.72000000e-01  9.72000000e-01  4.48598582e-01 
 9.73800000e-01  9.73800000e-01  4.49777642e-01 
 9.75600000e-01  9.75600000e-01  4.50935668e-01 
 9.77400000e-01  9.77400000e-01  4.52072536e-01 
 9.79200000e-01  9.79200000e-01  4.53188153e-01 
 9.81000000e-01  9.81000000e-01  4.54282451e-01 
 9.82800000e-01  9.82800000e-01  4.55355394e-01 
 9.84600000e-01  9.84600000e-01  4.56406975e-01 
 9.86400000e-01  9.86400000e-01  4.57437218e-01 
 9.88200000e-01  9.88200000e-01  4.58446175e-01 
 9.90000000e-01  9.90000000e-01  4.59433929e-01 
 9.91800000e-01  9.91800000e-01  4.60400588e-01 
 9.93600000e-01  9.93600000e-01  4.61346290e-01 
 9.95400000e-01  9.95400000e-01  4.62271200e-01 
 9.97200000e-01  9.97200000e-01  4.63175501e-01 
 9.99000000e-01  9.99000000e-01  4.64059411e-01 
 1.00080000e+00  1.00080000e+00  4.64923159e-01 
 1.00260000e+00  1.00260000e+00  4.65766999e-01 
 1.00440000e+00  1.00440000e+00  4.66591200e-01 
 1.00620000e+00  1.00620000e+00  4.67396051e-01 
 1.00800000e+00  1.00800000e+00  4.68181852e-01 
 1.00980000e+00  1.00980000e+00  4.68948917e-01 
 1.01160000e+00  1.01160000e+00  4.69697571e-01 
 1.01340000e+00  1.01340000e+00  4.70428150e-01 
 1.01520000e+00  1.01520000e+00  4.71140995e-01 
 1.01700000e+00  1.01700000e+00  4.71836457e-01 
 1.01880000e+00  1.01880000e+00  4.72514889e-01 
 1.02060000e+00  1.02060000e+00  4.73176650e-01 
 1.02240000e+00  1.02240000e+00  4.73822101e-01 
 1.02420000e+00  1.02420000e+00  4.74451604e-01 
 1.02600000e+00  1.02600000e+00  4.75065522e-01 
 1.02780000e+00  1.02780000e+00  4.75664217e-01 
 1.02960000e+00  1.02960000e+00  4.76248051e-01 
 1.03140000e+00  1.03140000e+00  4.76817383e-01 
 1.03320000e+00  1.03320000e+00  4.77372569e-01 
 1.03500000e+00  1.03500000e+00  4.77913962e-01 
 1.03680000e+00  1.03680000e+00  4.78441912e-01 
 1.03860000e+00  1.03860000e+00  4.78956761e-01 
 1.04040000e+00  1.04040000e+00  4.79458851e-01 
 1.04220000e+00  1.04220000e+00  4.79948514e-01 
 1.04400000e+00  1.04400000e+00  4.80426080e-01 
 1.04580000e+00  1.04580000e+00  4.80891872e-01 
 1.04760000e+00  1.04760000e+00  4.81346206e-01 
 1.04940000e+00  1.04940000e+00  4.81789391e-01 
 1.05120000e+00  1.05120000e+00  4.82221733e-01 
 1.05300000e+00  1.05300000e+00  4.82643527e-01 
 1.05480000e+00  1.05480000e+00  4.83055065e-01 
 1.05660000e+00  1.05660000e+00  4.83456629e-01 
 1.05840000e+00  1.05840000e+00  4.83848497e-01 
 1.06020000e+00  1.06020000e+00  4.84230939e-01 
 1.06200000e+00  1.06200000e+00  4.84604217e-01 
 1.06380000e+00  1.06380000e+00  4.84968589e-01 
 1.06560000e+00  1.06560000e+00  4.85324304e-01 
 1.06740000e+00  1.06740000e+00  4.85671605e-01 
 1.06920000e+00  1.06920000e+00  4.86010729e-01 
 1.07100000e+00  1.07100000e+00  4.86341906e-01 
 1.07280000e+00  1.07280000e+00  4.86665359e-01 
 1.07460000e+00  1.07460000e+00  4.86981305e-01 
 1.07640000e+00  1.07640000e+00  4.87289957e-01 
 1.07820000e+00  1.07820000e+00  4.87591519e-01 
 1.08000000e+00  1.08000000e+00  4.87886190e-01 
 1.08180000e+00  1.08180000e+00  4.88174163e-01 
 1.08360000e+00  1.08360000e+00  4.88455627e-01 
 1.08540000e+00  1.08540000e+00  4.88730764e-01 
 1.08720000e+00  1.08720000e+00  4.88999749e-01 
 1.08900000e+00  1.08900000e+00  4.89262756e-01 
 1.09080000e+00  1.09080000e+00  4.89519949e-01 
 1.09260000e+00  1.09260000e+00  4.89771491e-01 
 1.09440000e+00  1.09440000e+00  4.90017537e-01 
 1.09620000e+00  1.09620000e+00  4.90258240e-01 
 1.09800000e+00  1.09800000e+00  4.90493746e-01 
 1.09980000e+00  1.09980000e+00  4.90724199e-01 
 1.10160000e+00  1.10160000e+00  4.90949736e-01 
 1.10340000e+00  1.10340000e+00  4.91170491e-01 
 1.10520000e+00  1.10520000e+00  4.91386595e-01 
 1.10700000e+00  1.10700000e+00  4.91598173e-01 
 1.10880000e+00  1.10880000e+00  4.91805348e-01 
 1.11060000e+00  1.11060000e+00  4.92008238e-01 
 1.11240000e+00  1.11240000e+00  4.92206957e-01 
 1.11420000e+00  1.11420000e+00  4.92401616e-01 
 1.11600000e+00  1.11600000e+00  4.92592325e-01 
 1.11780000e+00  1.11780000e+00  4.92779187e-01 
 1.11960000e+00  1.11960000e+00  4.92962303e-01 
 1.12140000e+00  1.12140000e+00  4.93141772e-01 
 1.12320000e+00  1.12320000e+00  4.93317689e-01 
 1.12500000e+00  1.12500000e+00  4.93490146e-01 
 1.12680000e+00  1.12680000e+00  4.93659234e-01 
 1.12860000e+00  1.12860000e+00  4.93825038e-01 
 1.13040000e+00  1.13040000e+00  4.93987643e-01 
 1.13220000e+00  1.13220000e+00  4.94147132e-01 
 1.13400000e+00  1.13400000e+00  4.94303582e-01 
 1.13580000e+00  1.13580000e+00  4.94457071e-01 
 1.13760000e+00  1.13760000e+00  4.94607674e-01 
 1.13940000e+00  1.13940000e+00  4.94755463e-01 
 1.14120000e+00  1.14120000e+00  4.94900507e-01 
 1.14300000e+00  1.14300000e+00  4.95042876e-01 
 1.14480000e+00  1.14480000e+00  4.95182635e-01 
 1.14660000e+00  1.14660000e+00  4.95319848e-01 
 1.14840000e+00  1.14840000e+00  4.95454578e-01 
 1.15020000e+00  1.15020000e+00  4.95586885e-01 
 1.15200000e+00  1.15200000e+00  4.95716827e-01 
 1.15380000e+00  1.15380000e+00  4.95844462e-01 
 1.15560000e+00  1.15560000e+00  4.95969845e-01 
 1.15740000e+00  1.15740000e+00  4.96093030e-01 
 1.15920000e+00  1.15920000e+00  4.96214069e-01 
 1.16100000e+00  1.16100000e+00  4.96333012e-01 
 1.16280000e+00  1.16280000e+00  4.96449909e-01 
 1.16460000e+00  1.16460000e+00  4.96564807e-01 
 1.16640000e+00  1.16640000e+00  4.96677753e-01 
 1.16820000e+00  1.16820000e+00  4.96788792e-01 
 1.17000000e+00  1.17000000e+00  4.96897969e-01 
 1.17180000e+00  1.17180000e+00  4.97005325e-01 
 1.17360000e+00  1.17360000e+00  4.97110902e-01 
 1.17540000e+00  1.17540000e+00  4.97214740e-01 
 1.17720000e+00  1.17720000e+00  4.97316879e-01 
 1.17900000e+00  1.17900000e+00  4.97417356e-01 
 1.18080000e+00  1.18080000e+00  4.97516210e-01 
 1.18260000e+00  1.18260000e+00  4.97613475e-01 
 1.18440000e+00  1.18440000e+00  4.97709186e-01 
 1.18620000e+00  1.18620000e+00  4.97803379e-01 
 1.18800000e+00  1.18800000e+00  4.97896086e-01 
 1.18980000e+00  1.18980000e+00  4.97987339e-01 
 1.19160000e+00  1.19160000e+00  4.98077170e-01 
 1.19340000e+00  1.19340000e+00  4.98165609e-01 
 1.19520000e+00  1.19520000e+00  4.98252686e-01 
 1.19700000e+00  1.19700000e+00  4.98338431e-01 
 1.19880000e+00  1.19880000e+00  4.98422871e-01 
 1.20060000e+00  1.20060000e+00  4.98506033e-01 
 1.20240000e+00  1.20240000e+00  4.98587946e-01 
 1.20420000e+00  1.20420000e+00  4.98668634e-01 
 1.20600000e+00  1.20600000e+00  4.98748123e-01 
 1.20780000e+00  1.20780000e+00  4.98826438e-01 
 1.20960000e+00  1.20960000e+00  4.98903602e-01 
 1.21140000e+00  1.21140000e+00  4.98979640e-01 
 1.21320000e+00  1.21320000e+00  4.99054575e-01 
 1.21500000e+00  1.21500000e+00  4.99128428e-01 
 1.21680000e+00  1.21680000e+00  4.99201221e-01 
 1.21860000e+00  1.21860000e+00  4.99272976e-01 
 1.22040000e+00  1.22040000e+00  4.99343713e-01 
 1.22220000e+00  1.22220000e+00  4.99413453e-01 
 1.22400000e+00  1.22400000e+00  4.99482214e-01 
 1.22580000e+00  1.22580000e+00  4.99550017e-01 
 1.22760000e+00  1.22760000e+00  4.99616879e-01 
 1.22940000e+00  1.22940000e+00  4.99682820e-01 
 1.23120000e+00  1.23120000e+00  4.99747857e-01 
 1.23300000e+00  1.23300000e+00  4.99812007e-01 
 1.23480000e+00  1.23480000e+00  4.99875287e-01 
 1.23660000e+00  1.23660000e+00  4.99937714e-01 
 1.23840000e+00  1.23840000e+00  4.99999304e-01 
 1.24020000e+00  1.24020000e+00  5.00060073e-01 
 1.24200000e+00  1.24200000e+00  5.00120036e-01 
 1.24380000e+00  1.24380000e+00  5.00179208e-01 
 1.24560000e+00  1.24560000e+00  5.00237604e-01 
 1.24740000e+00  1.24740000e+00  5.00295238e-01 
 1.24920000e+00  1.24920000e+00  5.00352125e-01 
 1.25100000e+00  1.25100000e+00  5.00408277e-01 
 1.25280000e+00  1.25280000e+00  5.00463708e-01 
 1.25460000e+00  1.25460000e+00  5.00518431e-01 
 1.25640000e+00  1.25640000e+00  5.00572460e-01 
 1.25820000e+00  1.25820000e+00  5.00625806e-01 
 1.26000000e+00  1.26000000e+00  5.00678482e-01 
 1.26180000e+00  1.26180000e+00  5.00730499e-01 
 1.26360000e+00  1.26360000e+00  5.00781869e-01 
 1.26540000e+00  1.26540000e+00  5.00832604e-01 
 1.26720000e+00  1.26720000e+00  5.00882714e-01 
 1.26900000e+00  1.26900000e+00  5.00932211e-01 
 1.27080000e+00  1.27080000e+00  5.00981106e-01 
 1.27260000e+00  1.27260000e+00  5.01029408e-01 
 1.27440000e+00  1.27440000e+00  5.01077127e-01 
 1.27620000e+00  1.27620000e+00  5.01124275e-01 
 1.27800000e+00  1.27800000e+00  5.01170859e-01 
 1.27980000e+00  1.27980000e+00  5.01216891e-01 
 1.28160000e+00  1.28160000e+00  5.01262379e-01 
 1.28340000e+00  1.28340000e+00  5.01307333e-01 
 1.28520000e+00  1.28520000e+00  5.01351761e-01 
 1.28700000e+00  1.28700000e+00  5.01395672e-01 
 1.28880000e+00  1.28880000e+00  5.01439074e-01 
 1.29060000e+00  1.29060000e+00  5.01481977e-01 
 1.29240000e+00  1.29240000e+00  5.01524388e-01 
 1.29420000e+00  1.29420000e+00  5.01566315e-01 
 1.29600000e+00  1.29600000e+00  5.01607766e-01 
 1.29780000e+00  1.29780000e+00  5.01648749e-01 
 1.29960000e+00  1.29960000e+00  5.01689272e-01 
 1.30140000e+00  1.30140000e+00  5.01729341e-01 
 1.30320000e+00  1.30320000e+00  5.01768963e-01 
 1.30500000e+00  1.30500000e+00  5.01808147e-01 
 1.30680000e+00  1.30680000e+00  5.01846899e-01 
 1.30860000e+00  1.30860000e+00  5.01885226e-01 
 1.31040000e+00  1.31040000e+00  5.01923134e-01 
 1.31220000e+00  1.31220000e+00  5.01960630e-01 
 1.31400000e+00  1.31400000e+00  5.01997721e-01 
 1.31580000e+00  1.31580000e+00  5.02034412e-01 
 1.31760000e+00  1.31760000e+00  5.02070710e-01 
 1.31940000e+00  1.31940000e+00  5.02106621e-01 
 1.32120000e+00  1.32120000e+00  5.02142150e-01 
 1.32300000e+00  1.32300000e+00  5.02177304e-01 
 1.32480000e+00  1.32480000e+00  5.02212088e-01 
 1.32660000e+00  1.32660000e+00  5.02246508e-01 
 1.32840000e+00  1.32840000e+00  5.02280569e-01 
 1.33020000e+00  1.33020000e+00  5.02314277e-01 
 1.33200000e+00  1.33200000e+00  5.02347636e-01 
 1.33380000e+00  1.33380000e+00  5.02380653e-01 
 1.33560000e+00  1.33560000e+00  5.02413331e-01 
 1.33740000e+00  1.33740000e+00  5.02445677e-01 
 1.33920000e+00  1.33920000e+00  5.02477694e-01 
 1.34100000e+00  1.34100000e+00  5.02509389e-01 
 1.34280000e+00  1.34280000e+00  5.02540764e-01 
 1.34460000e+00  1.34460000e+00  5.02571825e-01 
 1.34640000e+00  1.34640000e+00  5.02602577e-01 
 1.34820000e+00  1.34820000e+00  5.02633024e-01 
 1.35000000e+00  1.35000000e+00  5.02663170e-01 
 1.35180000e+00  1.35180000e+00  5.02693020e-01 
 1.35360000e+00  1.35360000e+00  5.02722577e-01 
 1.35540000e+00  1.35540000e+00  5.02751846e-01 
 1.35720000e+00  1.35720000e+00  5.02780831e-01 
 1.35900000e+00  1.35900000e+00  5.02809536e-01 
 1.36080000e+00  1.36080000e+00  5.02837964e-01 
 1.36260000e+00  1.36260000e+00  5.02866120e-01 
 1.36440000e+00  1.36440000e+00  5.02894007e-01 
 1.36620000e+00  1.36620000e+00  5.02921630e-01 
 1.36800000e+00  1.36800000e+00  5.02948991e-01 
 1.36980000e+00  1.36980000e+00  5.02976094e-01 
 1.37160000e+00  1.37160000e+00  5.03002943e-01 
 1.37340000e+00  1.37340000e+00  5.03029541e-01 
 1.37520000e+00  1.37520000e+00  5.03055891e-01 
 1.37700000e+00  1.37700000e+00  5.03081997e-01 
 1.37880000e+00  1.37880000e+00  5.03107863e-01 
 1.38060000e+00  1.38060000e+00  5.03133491e-01 
 1.38240000e+00  1.38240000e+00  5.03158884e-01 
 1.38420000e+00  1.38420000e+00  5.03184045e-01 
 1.38600000e+00  1.38600000e+00  5.03208979e-01 
 1.38780000e+00  1.38780000e+00  5.03233687e-01 
 1.38960000e+00  1.38960000e+00  5.03258172e-01 
 1.39140000e+00  1.39140000e+00  5.03282438e-01 
 1.39320000e+00  1.39320000e+00  5.03306487e-01 
 1.39500000e+00  1.39500000e+00  5.03330322e-01 
 1.39680000e+00  1.39680000e+00  5.03353946e-01 
 1.39860000e+00  1.39860000e+00  5.03377362e-01 
 1.40040000e+00  1.40040000e+00  5.03400572e-01 
 1.40220000e+00  1.40220000e+00  5.03423578e-01 
 1.40400000e+00  1.40400000e+00  5.03446384e-01 
 1.40580000e+00  1.40580000e+00  5.03468992e-01 
 1.40760000e+00  1.40760000e+00  5.03491404e-01 
 1.40940000e+00  1.40940000e+00  5.03513623e-01 
 1.41120000e+00  1.41120000e+00  5.03535651e-01 
 1.41300000e+00  1.41300000e+00  5.03557491e-01 
 1.41480000e+00  1.41480000e+00  5.03579145e-01 
 1.41660000e+00  1.41660000e+00  5.03600615e-01 
 1.41840000e+00  1.41840000e+00  5.03621904e-01 
 1.42020000e+00  1.42020000e+00  5.03643013e-01 
 1.42200000e+00  1.42200000e+00  5.03663945e-01 
 1.42380000e+00  1.42380000e+00  5.03684703e-01 
 1.42560000e+00  1.42560000e+00  5.03705287e-01 
 1.42740000e+00  1.42740000e+00  5.03725701e-01 
 1.42920000e+00  1.42920000e+00  5.03745946e-01 
 1.43100000e+00  1.43100000e+00  5.03766024e-01 
 1.43280000e+00  1.43280000e+00  5.03785938e-01 
 1.43460000e+00  1.43460000e+00  5.03805689e-01 
 1.43640000e+00  1.43640000e+00  5.03825279e-01 
 1.43820000e+00  1.43820000e+00  5.03844710e-01 
 1.44000000e+00  1.44000000e+00  5.03863985e-01 
 1.44180000e+00  1.44180000e+00  5.03883104e-01 
 1.44360000e+00  1.44360000e+00  5.03902070e-01 
 1.44540000e+00  1.44540000e+00  5.03920884e-01 
 1.44720000e+00  1.44720000e+00  5.03939548e-01 
 1.44900000e+00  1.44900000e+00  5.03958065e-01 
 1.45080000e+00  1.45080000e+00  5.03976435e-01 
 1.45260000e+00  1.45260000e+00  5.03994660e-01 
 1.45440000e+00  1.45440000e+00  5.04012742e-01 
 1.45620000e+00  1.45620000e+00  5.04030683e-01 
 1.45800000e+00  1.45800000e+00  5.04048484e-01 
 1.45980000e+00  1.45980000e+00  5.04066146e-01 
 1.46160000e+00  1.46160000e+00  5.04083673e-01 
 1.46340000e+00  1.46340000e+00  5.04101064e-01 
 1.46520000e+00  1.46520000e+00  5.04118321e-01 
 1.46700000e+00  1.46700000e+00  5.04135446e-01 
 1.46880000e+00  1.46880000e+00  5.04152441e-01 
 1.47060000e+00  1.47060000e+00  5.04169306e-01 
 1.47240000e+00  1.47240000e+00  5.04186044e-01 
 1.47420000e+00  1.47420000e+00  5.04202655e-01 
 1.47600000e+00  1.47600000e+00  5.04219141e-01 
 1.47780000e+00  1.47780000e+00  5.04235504e-01 
 1.47960000e+00  1.47960000e+00  5.04251744e-01 
 1.48140000e+00  1.48140000e+00  5.04267864e-01 
 1.48320000e+00  1.48320000e+00  5.04283864e-01 
 1.48500000e+00  1.48500000e+00  5.04299745e-01 
 1.48680000e+00  1.48680000e+00  5.04315510e-01 
 1.48860000e+00  1.48860000e+00  5.04331159e-01 
 1.49040000e+00  1.49040000e+00  5.04346693e-01 
 1.49220000e+00  1.49220000e+00  5.04362114e-01 
 1.49400000e+00  1.49400000e+00  5.04377422e-01 
 1.49580000e+00  1.49580000e+00  5.04392620e-01 
 1.49760000e+00  1.49760000e+00  5.04407708e-01 
 1.49940000e+00  1.49940000e+00  5.04422688e-01 
 1.50120000e+00  1.50120000e+00  5.04437559e-01 
 1.50300000e+00  1.50300000e+00  5.04452325e-01 
 1.50480000e+00  1.50480000e+00  5.04466985e-01 
 1.50660000e+00  1.50660000e+00  5.04481541e-01 
 1.50840000e+00  1.50840000e+00  5.04495995e-01 
 1.51020000e+00  1.51020000e+00  5.04510346e-01 
 1.51200000e+00  1.51200000e+00  5.04524596e-01 
 1.51380000e+00  1.51380000e+00  5.04538746e-01 
 1.51560000e+00  1.51560000e+00  5.04552797e-01 
 1.51740000e+00  1.51740000e+00  5.04566751e-01 
 1.51920000e+00  1.51920000e+00  5.04580607e-01 
 1.52100000e+00  1.52100000e+00  5.04594368e-01 
 1.52280000e+00  1.52280000e+00  5.04608033e-01 
 1.52460000e+00  1.52460000e+00  5.04621605e-01 
 1.52640000e+00  1.52640000e+00  5.04635084e-01 
 1.52820000e+00  1.52820000e+00  5.04648470e-01 
 1.53000000e+00  1.53000000e+00  5.04661766e-01 
 1.53180000e+00  1.53180000e+00  5.04674971e-01 
 1.53360000e+00  1.53360000e+00  5.04688086e-01 
 1.53540000e+00  1.53540000e+00  5.04701113e-01 
 1.53720000e+00  1.53720000e+00  5.04714053e-01 
 1.53900000e+00  1.53900000e+00  5.04726906e-01 
 1.54080000e+00  1.54080000e+00  5.04739672e-01 
 1.54260000e+00  1.54260000e+00  5.04752354e-01 
 1.54440000e+00  1.54440000e+00  5.04764951e-01 
 1.54620000e+00  1.54620000e+00  5.04777465e-01 
 1.54800000e+00  1.54800000e+00  5.04789897e-01 
 1.54980000e+00  1.54980000e+00  5.04802246e-01 
 1.55160000e+00  1.55160000e+00  5.04814515e-01 
 1.55340000e+00  1.55340000e+00  5.04826703e-01 
 1.55520000e+00  1.55520000e+00  5.04838812e-01 
 1.55700000e+00  1.55700000e+00  5.04850842e-01 
 1.55880000e+00  1.55880000e+00  5.04862794e-01 
 1.56060000e+00  1.56060000e+00  5.04874668e-01 
 1.56240000e+00  1.56240000e+00  5.04886466e-01 
 1.56420000e+00  1.56420000e+00  5.04898189e-01 
 1.56600000e+00  1.56600000e+00  5.04909836e-01 
 1.56780000e+00  1.56780000e+00  5.04921409e-01 
 1.56960000e+00  1.56960000e+00  5.04932908e-01 
 1.57140000e+00  1.57140000e+00  5.04944334e-01 
 1.57320000e+00  1.57320000e+00  5.04955688e-01 
 1.57500000e+00  1.57500000e+00  5.04966970e-01 
 1.57680000e+00  1.57680000e+00  5.04978182e-01 
 1.57860000e+00  1.57860000e+00  5.04989322e-01 
 1.58040000e+00  1.58040000e+00  5.05000394e-01 
 1.58220000e+00  1.58220000e+00  5.05011396e-01 
 1.58400000e+00  1.58400000e+00  5.05022329e-01 
 1.58580000e+00  1.58580000e+00  5.05033195e-01 
 1.58760000e+00  1.58760000e+00  5.05043994e-01 
 1.58940000e+00  1.58940000e+00  5.05054726e-01 
 1.59120000e+00  1.59120000e+00  5.05065392e-01 
 1.59300000e+00  1.59300000e+00  5.05075993e-01 
 1.59480000e+00  1.59480000e+00  5.05086528e-01 
 1.59660000e+00  1.59660000e+00  5.05097000e-01 
 1.59840000e+00  1.59840000e+00  5.05107408e-01 
 1.60020000e+00  1.60020000e+00  5.05117753e-01 
 1.60200000e+00  1.60200000e+00  5.05128036e-01 
 1.60380000e+00  1.60380000e+00  5.05138256e-01 
 1.60560000e+00  1.60560000e+00  5.05148415e-01 
 1.60740000e+00  1.60740000e+00  5.05158513e-01 
 1.60920000e+00  1.60920000e+00  5.05168551e-01 
 1.61100000e+00  1.61100000e+00  5.05178529e-01 
 1.61280000e+00  1.61280000e+00  5.05188448e-01 
 1.61460000e+00  1.61460000e+00  5.05198308e-01 
 1.61640000e+00  1.61640000e+00  5.05208109e-01 
 1.61820000e+00  1.61820000e+00  5.05217853e-01 
 1.62000000e+00  1.62000000e+00  5.05227540e-01 
 1.62180000e+00  1.62180000e+00  5.05237170e-01 
 1.62360000e+00  1.62360000e+00  5.05246743e-01 
 1.62540000e+00  1.62540000e+00  5.05256261e-01 
 1.62720000e+00  1.62720000e+00  5.05265723e-01 
 1.62900000e+00  1.62900000e+00  5.05275131e-01 
 1.63080000e+00  1.63080000e+00  5.05284484e-01 
 1.63260000e+00  1.63260000e+00  5.05293783e-01 
 1.63440000e+00  1.63440000e+00  5.05303029e-01 
 1.63620000e+00  1.63620000e+00  5.05312222e-01 
 1.63800000e+00  1.63800000e+00  5.05321362e-01 
 1.63980000e+00  1.63980000e+00  5.05330450e-01 
 1.64160000e+00  1.64160000e+00  5.05339487e-01 
 1.64340000e+00  1.64340000e+00  5.05348472e-01 
 1.64520000e+00  1.64520000e+00  5.05357406e-01 
 1.64700000e+00  1.64700000e+00  5.05366290e-01 
 1.64880000e+00  1.64880000e+00  5.05375124e-01 
 1.65060000e+00  1.65060000e+00  5.05383908e-01 
 1.65240000e+00  1.65240000e+00  5.05392644e-01 
 1.65420000e+00  1.65420000e+00  5.05401330e-01 
 1.65600000e+00  1.65600000e+00  5.05409968e-01 
 1.65780000e+00  1.65780000e+00  5.05418558e-01 
 1.65960000e+00  1.65960000e+00  5.05427100e-01 
 1.66140000e+00  1.66140000e+00  5.05435596e-01 
 1.66320000e+00  1.66320000e+00  5.05444044e-01 
 1.66500000e+00  1.66500000e+00  5.05452446e-01 
 1.66680000e+00  1.66680000e+00  5.05460802e-01 
 1.66860000e+00  1.66860000e+00  5.05469112e-01 
 1.67040000e+00  1.67040000e+00  5.05477377e-01 
 1.67220000e+00  1.67220000e+00  5.05485597e-01 
 1.67400000e+00  1.67400000e+00  5.05493772e-01 
 1.67580000e+00  1.67580000e+00  5.05501903e-01 
 1.67760000e+00  1.67760000e+00  5.05509991e-01 
 1.67940000e+00  1.67940000e+00  5.05518034e-01 
 1.68120000e+00  1.68120000e+00  5.05526035e-01 
 1.68300000e+00  1.68300000e+00  5.05533992e-01 
 1.68480000e+00  1.68480000e+00  5.05541907e-01 
 1.68660000e+00  1.68660000e+00  5.05549780e-01 
 1.68840000e+00  1.68840000e+00  5.05557611e-01 
 1.69020000e+00  1.69020000e+00  5.05565401e-01 
 1.69200000e+00  1.69200000e+00  5.05573149e-01 
 1.69380000e+00  1.69380000e+00  5.05580857e-01 
 1.69560000e+00  1.69560000e+00  5.05588523e-01 
 1.69740000e+00  1.69740000e+00  5.05596150e-01 
 1.69920000e+00  1.69920000e+00  5.05603737e-01 
 1.70100000e+00  1.70100000e+00  5.05611284e-01 
 1.70280000e+00  1.70280000e+00  5.05618791e-01 
 1.70460000e+00  1.70460000e+00  5.05626260e-01 
 1.70640000e+00  1.70640000e+00  5.05633690e-01 
 1.70820000e+00  1.70820000e+00  5.05641081e-01 
 1.71000000e+00  1.71000000e+00  5.05648434e-01 
 1.71180000e+00  1.71180000e+00  5.05655750e-01 
 1.71360000e+00  1.71360000e+00  5.05663028e-01 
 1.71540000e+00  1.71540000e+00  5.05670268e-01 
 1.71720000e+00  1.71720000e+00  5.05677472e-01 
 1.71900000e+00  1.71900000e+00  5.05684639e-01 
 1.72080000e+00  1.72080000e+00  5.05691769e-01 
 1.72260000e+00  1.72260000e+00  5.05698864e-01 
 1.72440000e+00  1.72440000e+00  5.05705922e-01 
 1.72620000e+00  1.72620000e+00  5.05712945e-01 
 1.72800000e+00  1.72800000e+00  5.05719932e-01 
 1.72980000e+00  1.72980000e+00  5.05726884e-01 
 1.73160000e+00  1.73160000e+00  5.05733801e-01 
 1.73340000e+00  1.73340000e+00  5.05740684e-01 
 1.73520000e+00  1.73520000e+00  5.05747532e-01 
 1.73700000e+00  1.73700000e+00  5.05754347e-01 
 1.73880000e+00  1.73880000e+00  5.05761127e-01 
 1.74060000e+00  1.74060000e+00  5.05767874e-01 
 1.74240000e+00  1.74240000e+00  5.05774588e-01 
 1.74420000e+00  1.74420000e+00  5.05781268e-01 
 1.74600000e+00  1.74600000e+00  5.05787916e-01 
 1.74780000e+00  1.74780000e+00  5.05794531e-01 
 1.74960000e+00  1.74960000e+00  5.05801113e-01 
 1.75140000e+00  1.75140000e+00  5.05807663e-01 
 1.75320000e+00  1.75320000e+00  5.05814182e-01 
 1.75500000e+00  1.75500000e+00  5.05820669e-01 
 1.75680000e+00  1.75680000e+00  5.05827124e-01 
 1.75860000e+00  1.75860000e+00  5.05833548e-01 
 1.76040000e+00  1.76040000e+00  5.05839941e-01 
 1.76220000e+00  1.76220000e+00  5.05846303e-01 
 1.76400000e+00  1.76400000e+00  5.05852635e-01 
 1.76580000e+00  1.76580000e+00  5.05858936e-01 
 1.76760000e+00  1.76760000e+00  5.05865207e-01 
 1.76940000e+00  1.76940000e+00  5.05871448e-01 
 1.77120000e+00  1.77120000e+00  5.05877660e-01 
 1.77300000e+00  1.77300000e+00  5.05883842e-01 
 1.77480000e+00  1.77480000e+00  5.05889994e-01 
 1.77660000e+00  1.77660000e+00  5.05896118e-01 
 1.77840000e+00  1.77840000e+00  5.05902212e-01 
 1.78020000e+00  1.78020000e+00  5.05908278e-01 
 1.78200000e+00  1.78200000e+00  5.05914316e-01 
 1.78380000e+00  1.78380000e+00  5.05920325e-01 
 1.78560000e+00  1.78560000e+00  5.05926306e-01 
 1.78740000e+00  1.78740000e+00  5.05932259e-01 
 1.78920000e+00  1.78920000e+00  5.05938184e-01 
 1.79100000e+00  1.79100000e+00  5.05944082e-01 
 1.79280000e+00  1.79280000e+00  5.05949952e-01 
 1.79460000e+00  1.79460000e+00  5.05955795e-01 
 1.79640000e+00  1.79640000e+00  5.05961612e-01 
 1.79820000e+00  1.79820000e+00  5.05967401e-01 
 1.80000000e+00  1.80000000e+00  5.05973164e-01 
