 frequency       AmagdB          Aphdeg         
 1.00000000e+02  9.65369036e+01  1.78002781e+02 
 1.01152151e+02  9.65367815e+01  1.77979789e+02 
 1.02317577e+02  9.65366566e+01  1.77956533e+02 
 1.03496431e+02  9.65365288e+01  1.77933009e+02 
 1.04688866e+02  9.65363981e+01  1.77909216e+02 
 1.05895041e+02  9.65362643e+01  1.77885148e+02 
 1.07115112e+02  9.65361275e+01  1.77860804e+02 
 1.08349240e+02  9.65359875e+01  1.77836181e+02 
 1.09597588e+02  9.65358442e+01  1.77811274e+02 
 1.10860318e+02  9.65356976e+01  1.77786082e+02 
 1.12137597e+02  9.65355476e+01  1.77760600e+02 
 1.13429592e+02  9.65353942e+01  1.77734825e+02 
 1.14736472e+02  9.65352372e+01  1.77708755e+02 
 1.16058410e+02  9.65350766e+01  1.77682385e+02 
 1.17395579e+02  9.65349122e+01  1.77655712e+02 
 1.18748154e+02  9.65347441e+01  1.77628733e+02 
 1.20116312e+02  9.65345721e+01  1.77601444e+02 
 1.21500234e+02  9.65343960e+01  1.77573841e+02 
 1.22900101e+02  9.65342160e+01  1.77545922e+02 
 1.24316096e+02  9.65340317e+01  1.77517683e+02 
 1.25748406e+02  9.65338432e+01  1.77489119e+02 
 1.27197218e+02  9.65336503e+01  1.77460227e+02 
 1.28662722e+02  9.65334530e+01  1.77431004e+02 
 1.30145112e+02  9.65332511e+01  1.77401446e+02 
 1.31644581e+02  9.65330445e+01  1.77371548e+02 
 1.33161325e+02  9.65328332e+01  1.77341308e+02 
 1.34695546e+02  9.65326169e+01  1.77310720e+02 
 1.36247442e+02  9.65323957e+01  1.77279782e+02 
 1.37817219e+02  9.65321693e+01  1.77248488e+02 
 1.39405082e+02  9.65319378e+01  1.77216836e+02 
 1.41011240e+02  9.65317008e+01  1.77184821e+02 
 1.42635903e+02  9.65314584e+01  1.77152439e+02 
 1.44279285e+02  9.65312104e+01  1.77119686e+02 
 1.45941600e+02  9.65309566e+01  1.77086557e+02 
 1.47623069e+02  9.65306970e+01  1.77053048e+02 
 1.49323910e+02  9.65304314e+01  1.77019156e+02 
 1.51044348e+02  9.65301596e+01  1.76984875e+02 
 1.52784607e+02  9.65298816e+01  1.76950201e+02 
 1.54544917e+02  9.65295971e+01  1.76915130e+02 
 1.56325509e+02  9.65293061e+01  1.76879657e+02 
 1.58126615e+02  9.65290083e+01  1.76843778e+02 
 1.59948473e+02  9.65287037e+01  1.76807488e+02 
 1.61791322e+02  9.65283920e+01  1.76770783e+02 
 1.63655403e+02  9.65280731e+01  1.76733657e+02 
 1.65540961e+02  9.65277469e+01  1.76696107e+02 
 1.67448244e+02  9.65274131e+01  1.76658127e+02 
 1.69377501e+02  9.65270716e+01  1.76619712e+02 
 1.71328986e+02  9.65267222e+01  1.76580857e+02 
 1.73302956e+02  9.65263648e+01  1.76541559e+02 
 1.75299668e+02  9.65259991e+01  1.76501810e+02 
 1.77319386e+02  9.65256249e+01  1.76461607e+02 
 1.79362374e+02  9.65252421e+01  1.76420945e+02 
 1.81428900e+02  9.65248505e+01  1.76379818e+02 
 1.83519236e+02  9.65244499e+01  1.76338220e+02 
 1.85633655e+02  9.65240400e+01  1.76296147e+02 
 1.87772436e+02  9.65236206e+01  1.76253594e+02 
 1.89935859e+02  9.65231916e+01  1.76210554e+02 
 1.92124208e+02  9.65227526e+01  1.76167023e+02 
 1.94337770e+02  9.65223035e+01  1.76122995e+02 
 1.96576835e+02  9.65218441e+01  1.76078465e+02 
 1.98841698e+02  9.65213741e+01  1.76033426e+02 
 2.01132655e+02  9.65208932e+01  1.75987873e+02 
 2.03450008e+02  9.65204013e+01  1.75941800e+02 
 2.05794060e+02  9.65198980e+01  1.75895202e+02 
 2.08165120e+02  9.65193831e+01  1.75848073e+02 
 2.10563497e+02  9.65188563e+01  1.75800406e+02 
 2.12989507e+02  9.65183174e+01  1.75752196e+02 
 2.15443469e+02  9.65177660e+01  1.75703437e+02 
 2.17925704e+02  9.65172020e+01  1.75654122e+02 
 2.20436538e+02  9.65166250e+01  1.75604246e+02 
 2.22976301e+02  9.65160346e+01  1.75553801e+02 
 2.25545326e+02  9.65154307e+01  1.75502783e+02 
 2.28143949e+02  9.65148129e+01  1.75451184e+02 
 2.30772513e+02  9.65141808e+01  1.75398998e+02 
 2.33431362e+02  9.65135342e+01  1.75346218e+02 
 2.36120845e+02  9.65128727e+01  1.75292839e+02 
 2.38841315e+02  9.65121959e+01  1.75238852e+02 
 2.41593128e+02  9.65115036e+01  1.75184253e+02 
 2.44376647e+02  9.65107954e+01  1.75129033e+02 
 2.47192236e+02  9.65100709e+01  1.75073186e+02 
 2.50040265e+02  9.65093297e+01  1.75016705e+02 
 2.52921107e+02  9.65085714e+01  1.74959584e+02 
 2.55835142e+02  9.65077957e+01  1.74901814e+02 
 2.58782750e+02  9.65070022e+01  1.74843389e+02 
 2.61764319e+02  9.65061904e+01  1.74784302e+02 
 2.64780240e+02  9.65053600e+01  1.74724546e+02 
 2.67830910e+02  9.65045105e+01  1.74664113e+02 
 2.70916727e+02  9.65036415e+01  1.74602995e+02 
 2.74038098e+02  9.65027526e+01  1.74541186e+02 
 2.77195432e+02  9.65018432e+01  1.74478678e+02 
 2.80389144e+02  9.65009129e+01  1.74415463e+02 
 2.83619651e+02  9.64999613e+01  1.74351534e+02 
 2.86887379e+02  9.64989878e+01  1.74286882e+02 
 2.90192756e+02  9.64979921e+01  1.74221500e+02 
 2.93536216e+02  9.64969734e+01  1.74155380e+02 
 2.96918198e+02  9.64959314e+01  1.74088514e+02 
 3.00339145e+02  9.64948655e+01  1.74020895e+02 
 3.03799507e+02  9.64937752e+01  1.73952513e+02 
 3.07299737e+02  9.64926599e+01  1.73883361e+02 
 3.10840296e+02  9.64915191e+01  1.73813430e+02 
 3.14421647e+02  9.64903521e+01  1.73742712e+02 
 3.18044260e+02  9.64891584e+01  1.73671199e+02 
 3.21708612e+02  9.64879374e+01  1.73598882e+02 
 3.25415182e+02  9.64866884e+01  1.73525753e+02 
 3.29164458e+02  9.64854108e+01  1.73451802e+02 
 3.32956931e+02  9.64841041e+01  1.73377022e+02 
 3.36793099e+02  9.64827674e+01  1.73301403e+02 
 3.40673466e+02  9.64814002e+01  1.73224937e+02 
 3.44598540e+02  9.64800018e+01  1.73147614e+02 
 3.48568837e+02  9.64785714e+01  1.73069426e+02 
 3.52584878e+02  9.64771084e+01  1.72990364e+02 
 3.56647189e+02  9.64756119e+01  1.72910418e+02 
 3.60756305e+02  9.64740814e+01  1.72829578e+02 
 3.64912764e+02  9.64725159e+01  1.72747837e+02 
 3.69117112e+02  9.64709147e+01  1.72665184e+02 
 3.73369900e+02  9.64692770e+01  1.72581609e+02 
 3.77671687e+02  9.64676019e+01  1.72497104e+02 
 3.82023036e+02  9.64658888e+01  1.72411659e+02 
 3.86424520e+02  9.64641366e+01  1.72325264e+02 
 3.90876716e+02  9.64623446e+01  1.72237909e+02 
 3.95380208e+02  9.64605117e+01  1.72149584e+02 
 3.99935587e+02  9.64586373e+01  1.72060280e+02 
 4.04543450e+02  9.64567202e+01  1.71969986e+02 
 4.09204403e+02  9.64547595e+01  1.71878692e+02 
 4.13919058e+02  9.64527543e+01  1.71786389e+02 
 4.18688032e+02  9.64507036e+01  1.71693066e+02 
 4.23511952e+02  9.64486064e+01  1.71598713e+02 
 4.28391452e+02  9.64464617e+01  1.71503319e+02 
 4.33327170e+02  9.64442683e+01  1.71406875e+02 
 4.38319755e+02  9.64420252e+01  1.71309368e+02 
 4.43369862e+02  9.64397314e+01  1.71210790e+02 
 4.48478155e+02  9.64373856e+01  1.71111130e+02 
 4.53645302e+02  9.64349868e+01  1.71010376e+02 
 4.58871983e+02  9.64325337e+01  1.70908518e+02 
 4.64158883e+02  9.64300253e+01  1.70805545e+02 
 4.69506697e+02  9.64274602e+01  1.70701447e+02 
 4.74916125e+02  9.64248372e+01  1.70596212e+02 
 4.80387878e+02  9.64221551e+01  1.70489830e+02 
 4.85922674e+02  9.64194125e+01  1.70382289e+02 
 4.91521239e+02  9.64166082e+01  1.70273579e+02 
 4.97184308e+02  9.64137407e+01  1.70163688e+02 
 5.02912624e+02  9.64108087e+01  1.70052604e+02 
 5.08706939e+02  9.64078109e+01  1.69940318e+02 
 5.14568013e+02  9.64047457e+01  1.69826817e+02 
 5.20496616e+02  9.64016117e+01  1.69712090e+02 
 5.26493525e+02  9.63984074e+01  1.69596126e+02 
 5.32559528e+02  9.63951313e+01  1.69478913e+02 
 5.38695420e+02  9.63917818e+01  1.69360440e+02 
 5.44902008e+02  9.63883573e+01  1.69240696e+02 
 5.51180104e+02  9.63848563e+01  1.69119668e+02 
 5.57530533e+02  9.63812771e+01  1.68997346e+02 
 5.63954130e+02  9.63776180e+01  1.68873717e+02 
 5.70451735e+02  9.63738772e+01  1.68748770e+02 
 5.77024203e+02  9.63700531e+01  1.68622493e+02 
 5.83672396e+02  9.63661439e+01  1.68494876e+02 
 5.90397186e+02  9.63621476e+01  1.68365905e+02 
 5.97199455e+02  9.63580626e+01  1.68235569e+02 
 6.04080098e+02  9.63538869e+01  1.68103858e+02 
 6.11040015e+02  9.63496185e+01  1.67970757e+02 
 6.18080121e+02  9.63452556e+01  1.67836257e+02 
 6.25201340e+02  9.63407961e+01  1.67700346e+02 
 6.32404607e+02  9.63362380e+01  1.67563011e+02 
 6.39690866e+02  9.63315791e+01  1.67424241e+02 
 6.47061073e+02  9.63268175e+01  1.67284024e+02 
 6.54516197e+02  9.63219509e+01  1.67142348e+02 
 6.62057214e+02  9.63169772e+01  1.66999203e+02 
 6.69685116e+02  9.63118940e+01  1.66854575e+02 
 6.77400903e+02  9.63066993e+01  1.66708454e+02 
 6.85205587e+02  9.63013905e+01  1.66560828e+02 
 6.93100193e+02  9.62959654e+01  1.66411686e+02 
 7.01085757e+02  9.62904216e+01  1.66261015e+02 
 7.09163327e+02  9.62847567e+01  1.66108805e+02 
 7.17333962e+02  9.62789681e+01  1.65955044e+02 
 7.25598736e+02  9.62730533e+01  1.65799720e+02 
 7.33958732e+02  9.62670097e+01  1.65642823e+02 
 7.42415048e+02  9.62608348e+01  1.65484341e+02 
 7.50968794e+02  9.62545258e+01  1.65324263e+02 
 7.59621092e+02  9.62480801e+01  1.65162578e+02 
 7.68373077e+02  9.62414950e+01  1.64999276e+02 
 7.77225899e+02  9.62347675e+01  1.64834344e+02 
 7.86180718e+02  9.62278948e+01  1.64667774e+02 
 7.95238711e+02  9.62208741e+01  1.64499553e+02 
 8.04401065e+02  9.62137025e+01  1.64329671e+02 
 8.13668983e+02  9.62063768e+01  1.64158119e+02 
 8.23043682e+02  9.61988942e+01  1.63984885e+02 
 8.32526392e+02  9.61912515e+01  1.63809960e+02 
 8.42118357e+02  9.61834455e+01  1.63633334e+02 
 8.51820836e+02  9.61754731e+01  1.63454997e+02 
 8.61635102e+02  9.61673311e+01  1.63274939e+02 
 8.71562443e+02  9.61590161e+01  1.63093151e+02 
 8.81604162e+02  9.61505249e+01  1.62909624e+02 
 8.91761577e+02  9.61418541e+01  1.62724348e+02 
 9.02036021e+02  9.61330001e+01  1.62537315e+02 
 9.12428842e+02  9.61239596e+01  1.62348516e+02 
 9.22941404e+02  9.61147291e+01  1.62157943e+02 
 9.33575087e+02  9.61053049e+01  1.61965588e+02 
 9.44331286e+02  9.60956833e+01  1.61771442e+02 
 9.55211412e+02  9.60858608e+01  1.61575498e+02 
 9.66216894e+02  9.60758336e+01  1.61377748e+02 
 9.77349176e+02  9.60655980e+01  1.61178186e+02 
 9.88609719e+02  9.60551500e+01  1.60976804e+02 
 1.00000000e+03  9.60444858e+01  1.60773596e+02 
 1.01152151e+03  9.60336015e+01  1.60568556e+02 
 1.02317577e+03  9.60224931e+01  1.60361677e+02 
 1.03496431e+03  9.60111566e+01  1.60152954e+02 
 1.04688866e+03  9.59995879e+01  1.59942383e+02 
 1.05895041e+03  9.59877830e+01  1.59729956e+02 
 1.07115112e+03  9.59757375e+01  1.59515671e+02 
 1.08349240e+03  9.59634474e+01  1.59299524e+02 
 1.09597588e+03  9.59509083e+01  1.59081509e+02 
 1.10860318e+03  9.59381160e+01  1.58861624e+02 
 1.12137597e+03  9.59250661e+01  1.58639866e+02 
 1.13429592e+03  9.59117542e+01  1.58416232e+02 
 1.14736472e+03  9.58981759e+01  1.58190720e+02 
 1.16058410e+03  9.58843268e+01  1.57963328e+02 
 1.17395579e+03  9.58702022e+01  1.57734055e+02 
 1.18748154e+03  9.58557976e+01  1.57502901e+02 
 1.20116312e+03  9.58411086e+01  1.57269864e+02 
 1.21500234e+03  9.58261303e+01  1.57034946e+02 
 1.22900101e+03  9.58108582e+01  1.56798146e+02 
 1.24316096e+03  9.57952875e+01  1.56559466e+02 
 1.25748406e+03  9.57794135e+01  1.56318908e+02 
 1.27197218e+03  9.57632315e+01  1.56076474e+02 
 1.28662722e+03  9.57467366e+01  1.55832166e+02 
 1.30145112e+03  9.57299240e+01  1.55585989e+02 
 1.31644581e+03  9.57127889e+01  1.55337946e+02 
 1.33161325e+03  9.56953264e+01  1.55088042e+02 
 1.34695546e+03  9.56775315e+01  1.54836281e+02 
 1.36247442e+03  9.56593994e+01  1.54582670e+02 
 1.37817219e+03  9.56409251e+01  1.54327215e+02 
 1.39405082e+03  9.56221036e+01  1.54069922e+02 
 1.41011240e+03  9.56029299e+01  1.53810800e+02 
 1.42635903e+03  9.55833991e+01  1.53549857e+02 
 1.44279285e+03  9.55635062e+01  1.53287101e+02 
 1.45941600e+03  9.55432461e+01  1.53022543e+02 
 1.47623069e+03  9.55226139e+01  1.52756193e+02 
 1.49323910e+03  9.55016044e+01  1.52488061e+02 
 1.51044348e+03  9.54802127e+01  1.52218159e+02 
 1.52784607e+03  9.54584338e+01  1.51946499e+02 
 1.54544917e+03  9.54362626e+01  1.51673096e+02 
 1.56325509e+03  9.54136940e+01  1.51397961e+02 
 1.58126615e+03  9.53907232e+01  1.51121111e+02 
 1.59948473e+03  9.53673452e+01  1.50842560e+02 
 1.61791322e+03  9.53435548e+01  1.50562323e+02 
 1.63655403e+03  9.53193473e+01  1.50280419e+02 
 1.65540961e+03  9.52947175e+01  1.49996864e+02 
 1.67448244e+03  9.52696608e+01  1.49711676e+02 
 1.69377501e+03  9.52441720e+01  1.49424874e+02 
 1.71328986e+03  9.52182465e+01  1.49136479e+02 
 1.73302956e+03  9.51918793e+01  1.48846509e+02 
 1.75299668e+03  9.51650658e+01  1.48554988e+02 
 1.77319386e+03  9.51378011e+01  1.48261936e+02 
 1.79362374e+03  9.51100805e+01  1.47967376e+02 
 1.81428900e+03  9.50818995e+01  1.47671332e+02 
 1.83519236e+03  9.50532533e+01  1.47373827e+02 
 1.85633655e+03  9.50241376e+01  1.47074888e+02 
 1.87772436e+03  9.49945477e+01  1.46774538e+02 
 1.89935859e+03  9.49644793e+01  1.46472806e+02 
 1.92124208e+03  9.49339280e+01  1.46169717e+02 
 1.94337770e+03  9.49028896e+01  1.45865301e+02 
 1.96576835e+03  9.48713597e+01  1.45559584e+02 
 1.98841698e+03  9.48393343e+01  1.45252597e+02 
 2.01132655e+03  9.48068093e+01  1.44944370e+02 
 2.03450008e+03  9.47737808e+01  1.44634933e+02 
 2.05794060e+03  9.47402447e+01  1.44324318e+02 
 2.08165120e+03  9.47061974e+01  1.44012556e+02 
 2.10563497e+03  9.46716351e+01  1.43699681e+02 
 2.12989507e+03  9.46365542e+01  1.43385725e+02 
 2.15443469e+03  9.46009512e+01  1.43070723e+02 
 2.17925704e+03  9.45648227e+01  1.42754709e+02 
 2.20436538e+03  9.45281653e+01  1.42437718e+02 
 2.22976301e+03  9.44909759e+01  1.42119786e+02 
 2.25545326e+03  9.44532514e+01  1.41800949e+02 
 2.28143949e+03  9.44149888e+01  1.41481245e+02 
 2.30772513e+03  9.43761853e+01  1.41160710e+02 
 2.33431362e+03  9.43368381e+01  1.40839383e+02 
 2.36120845e+03  9.42969446e+01  1.40517302e+02 
 2.38841315e+03  9.42565023e+01  1.40194505e+02 
 2.41593128e+03  9.42155089e+01  1.39871032e+02 
 2.44376647e+03  9.41739621e+01  1.39546923e+02 
 2.47192236e+03  9.41318599e+01  1.39222218e+02 
 2.50040265e+03  9.40892002e+01  1.38896956e+02 
 2.52921107e+03  9.40459813e+01  1.38571180e+02 
 2.55835142e+03  9.40022015e+01  1.38244931e+02 
 2.58782750e+03  9.39578593e+01  1.37918249e+02 
 2.61764319e+03  9.39129532e+01  1.37591176e+02 
 2.64780240e+03  9.38674819e+01  1.37263755e+02 
 2.67830910e+03  9.38214444e+01  1.36936027e+02 
 2.70916727e+03  9.37748397e+01  1.36608036e+02 
 2.74038098e+03  9.37276669e+01  1.36279823e+02 
 2.77195432e+03  9.36799255e+01  1.35951432e+02 
 2.80389144e+03  9.36316148e+01  1.35622904e+02 
 2.83619651e+03  9.35827345e+01  1.35294284e+02 
 2.86887379e+03  9.35332843e+01  1.34965614e+02 
 2.90192756e+03  9.34832643e+01  1.34636937e+02 
 2.93536216e+03  9.34326743e+01  1.34308296e+02 
 2.96918198e+03  9.33815148e+01  1.33979734e+02 
 3.00339145e+03  9.33297860e+01  1.33651293e+02 
 3.03799507e+03  9.32774884e+01  1.33323018e+02 
 3.07299737e+03  9.32246228e+01  1.32994950e+02 
 3.10840296e+03  9.31711899e+01  1.32667132e+02 
 3.14421647e+03  9.31171907e+01  1.32339606e+02 
 3.18044260e+03  9.30626263e+01  1.32012415e+02 
 3.21708612e+03  9.30074979e+01  1.31685601e+02 
 3.25415182e+03  9.29518070e+01  1.31359205e+02 
 3.29164458e+03  9.28955551e+01  1.31033269e+02 
 3.32956931e+03  9.28387439e+01  1.30707834e+02 
 3.36793099e+03  9.27813751e+01  1.30382941e+02 
 3.40673466e+03  9.27234508e+01  1.30058630e+02 
 3.44598540e+03  9.26649730e+01  1.29734941e+02 
 3.48568837e+03  9.26059439e+01  1.29411915e+02 
 3.52584878e+03  9.25463659e+01  1.29089590e+02 
 3.56647189e+03  9.24862415e+01  1.28768005e+02 
 3.60756305e+03  9.24255732e+01  1.28447199e+02 
 3.64912764e+03  9.23643639e+01  1.28127210e+02 
 3.69117112e+03  9.23026163e+01  1.27808074e+02 
 3.73369900e+03  9.22403334e+01  1.27489829e+02 
 3.77671687e+03  9.21775183e+01  1.27172511e+02 
 3.82023036e+03  9.21141741e+01  1.26856156e+02 
 3.86424520e+03  9.20503043e+01  1.26540799e+02 
 3.90876716e+03  9.19859121e+01  1.26226474e+02 
 3.95380208e+03  9.19210012e+01  1.25913216e+02 
 3.99935587e+03  9.18555750e+01  1.25601058e+02 
 4.04543450e+03  9.17896374e+01  1.25290032e+02 
 4.09204403e+03  9.17231920e+01  1.24980170e+02 
 4.13919058e+03  9.16562429e+01  1.24671504e+02 
 4.18688032e+03  9.15887939e+01  1.24364065e+02 
 4.23511952e+03  9.15208492e+01  1.24057882e+02 
 4.28391452e+03  9.14524128e+01  1.23752984e+02 
 4.33327170e+03  9.13834890e+01  1.23449401e+02 
 4.38319755e+03  9.13140821e+01  1.23147160e+02 
 4.43369862e+03  9.12441964e+01  1.22846288e+02 
 4.48478155e+03  9.11738363e+01  1.22546812e+02 
 4.53645302e+03  9.11030064e+01  1.22248757e+02 
 4.58871983e+03  9.10317110e+01  1.21952148e+02 
 4.64158883e+03  9.09599550e+01  1.21657009e+02 
 4.69506697e+03  9.08877428e+01  1.21363364e+02 
 4.74916125e+03  9.08150792e+01  1.21071235e+02 
 4.80387878e+03  9.07419689e+01  1.20780644e+02 
 4.85922674e+03  9.06684168e+01  1.20491613e+02 
 4.91521239e+03  9.05944275e+01  1.20204161e+02 
 4.97184308e+03  9.05200060e+01  1.19918309e+02 
 5.02912624e+03  9.04451572e+01  1.19634075e+02 
 5.08706939e+03  9.03698859e+01  1.19351478e+02 
 5.14568013e+03  9.02941972e+01  1.19070534e+02 
 5.20496616e+03  9.02180958e+01  1.18791261e+02 
 5.26493525e+03  9.01415869e+01  1.18513675e+02 
 5.32559528e+03  9.00646755e+01  1.18237790e+02 
 5.38695420e+03  8.99873664e+01  1.17963621e+02 
 5.44902008e+03  8.99096648e+01  1.17691182e+02 
 5.51180104e+03  8.98315757e+01  1.17420486e+02 
 5.57530533e+03  8.97531040e+01  1.17151544e+02 
 5.63954130e+03  8.96742548e+01  1.16884370e+02 
 5.70451735e+03  8.95950332e+01  1.16618973e+02 
 5.77024203e+03  8.95154441e+01  1.16355364e+02 
 5.83672396e+03  8.94354926e+01  1.16093552e+02 
 5.90397186e+03  8.93551837e+01  1.15833547e+02 
 5.97199455e+03  8.92745223e+01  1.15575356e+02 
 6.04080098e+03  8.91935134e+01  1.15318987e+02 
 6.11040015e+03  8.91121621e+01  1.15064447e+02 
 6.18080121e+03  8.90304732e+01  1.14811743e+02 
 6.25201340e+03  8.89484518e+01  1.14560879e+02 
 6.32404607e+03  8.88661026e+01  1.14311861e+02 
 6.39690866e+03  8.87834306e+01  1.14064694e+02 
 6.47061073e+03  8.87004406e+01  1.13819380e+02 
 6.54516197e+03  8.86171375e+01  1.13575925e+02 
 6.62057214e+03  8.85335260e+01  1.13334330e+02 
 6.69685116e+03  8.84496110e+01  1.13094597e+02 
 6.77400903e+03  8.83653971e+01  1.12856728e+02 
 6.85205587e+03  8.82808891e+01  1.12620724e+02 
 6.93100193e+03  8.81960917e+01  1.12386587e+02 
 7.01085757e+03  8.81110095e+01  1.12154315e+02 
 7.09163327e+03  8.80256470e+01  1.11923908e+02 
 7.17333962e+03  8.79400088e+01  1.11695366e+02 
 7.25598736e+03  8.78540995e+01  1.11468688e+02 
 7.33958732e+03  8.77679235e+01  1.11243870e+02 
 7.42415048e+03  8.76814853e+01  1.11020912e+02 
 7.50968794e+03  8.75947893e+01  1.10799810e+02 
 7.59621092e+03  8.75078397e+01  1.10580561e+02 
 7.68373077e+03  8.74206410e+01  1.10363162e+02 
 7.77225899e+03  8.73331973e+01  1.10147608e+02 
 7.86180718e+03  8.72455129e+01  1.09933896e+02 
 7.95238711e+03  8.71575920e+01  1.09722021e+02 
 8.04401065e+03  8.70694386e+01  1.09511977e+02 
 8.13668983e+03  8.69810569e+01  1.09303759e+02 
 8.23043682e+03  8.68924509e+01  1.09097362e+02 
 8.32526392e+03  8.68036245e+01  1.08892779e+02 
 8.42118357e+03  8.67145816e+01  1.08690004e+02 
 8.51820836e+03  8.66253263e+01  1.08489030e+02 
 8.61635102e+03  8.65358622e+01  1.08289850e+02 
 8.71562443e+03  8.64461932e+01  1.08092457e+02 
 8.81604162e+03  8.63563230e+01  1.07896843e+02 
 8.91761577e+03  8.62662553e+01  1.07703001e+02 
 9.02036021e+03  8.61759937e+01  1.07510921e+02 
 9.12428842e+03  8.60855419e+01  1.07320597e+02 
 9.22941404e+03  8.59949032e+01  1.07132019e+02 
 9.33575087e+03  8.59040813e+01  1.06945179e+02 
 9.44331286e+03  8.58130795e+01  1.06760067e+02 
 9.55211412e+03  8.57219013e+01  1.06576674e+02 
 9.66216894e+03  8.56305499e+01  1.06394991e+02 
 9.77349176e+03  8.55390287e+01  1.06215008e+02 
 9.88609719e+03  8.54473408e+01  1.06036715e+02 
 1.00000000e+04  8.53554896e+01  1.05860103e+02 
 1.01152151e+04  8.52634780e+01  1.05685161e+02 
 1.02317577e+04  8.51713093e+01  1.05511879e+02 
 1.03496431e+04  8.50789864e+01  1.05340247e+02 
 1.04688866e+04  8.49865123e+01  1.05170253e+02 
 1.05895041e+04  8.48938900e+01  1.05001887e+02 
 1.07115112e+04  8.48011224e+01  1.04835139e+02 
 1.08349240e+04  8.47082123e+01  1.04669998e+02 
 1.09597588e+04  8.46151625e+01  1.04506451e+02 
 1.10860318e+04  8.45219758e+01  1.04344489e+02 
 1.12137597e+04  8.44286549e+01  1.04184100e+02 
 1.13429592e+04  8.43352025e+01  1.04025272e+02 
 1.14736472e+04  8.42416211e+01  1.03867994e+02 
 1.16058410e+04  8.41479134e+01  1.03712255e+02 
 1.17395579e+04  8.40540819e+01  1.03558043e+02 
 1.18748154e+04  8.39601291e+01  1.03405346e+02 
 1.20116312e+04  8.38660573e+01  1.03254153e+02 
 1.21500234e+04  8.37718691e+01  1.03104451e+02 
 1.22900101e+04  8.36775667e+01  1.02956230e+02 
 1.24316096e+04  8.35831526e+01  1.02809477e+02 
 1.25748406e+04  8.34886289e+01  1.02664180e+02 
 1.27197218e+04  8.33939979e+01  1.02520328e+02 
 1.28662722e+04  8.32992618e+01  1.02377908e+02 
 1.30145112e+04  8.32044228e+01  1.02236908e+02 
 1.31644581e+04  8.31094829e+01  1.02097317e+02 
 1.33161325e+04  8.30144442e+01  1.01959123e+02 
 1.34695546e+04  8.29193088e+01  1.01822313e+02 
 1.36247442e+04  8.28240787e+01  1.01686875e+02 
 1.37817219e+04  8.27287559e+01  1.01552798e+02 
 1.39405082e+04  8.26333422e+01  1.01420069e+02 
 1.41011240e+04  8.25378395e+01  1.01288677e+02 
 1.42635903e+04  8.24422498e+01  1.01158608e+02 
 1.44279285e+04  8.23465747e+01  1.01029852e+02 
 1.45941600e+04  8.22508162e+01  1.00902397e+02 
 1.47623069e+04  8.21549759e+01  1.00776230e+02 
 1.49323910e+04  8.20590556e+01  1.00651339e+02 
 1.51044348e+04  8.19630570e+01  1.00527712e+02 
 1.52784607e+04  8.18669816e+01  1.00405338e+02 
 1.54544917e+04  8.17708312e+01  1.00284205e+02 
 1.56325509e+04  8.16746072e+01  1.00164301e+02 
 1.58126615e+04  8.15783113e+01  1.00045613e+02 
 1.59948473e+04  8.14819450e+01  9.99281312e+01 
 1.61791322e+04  8.13855098e+01  9.98118425e+01 
 1.63655403e+04  8.12890071e+01  9.96967356e+01 
 1.65540961e+04  8.11924384e+01  9.95827989e+01 
 1.67448244e+04  8.10958050e+01  9.94700207e+01 
 1.69377501e+04  8.09991085e+01  9.93583895e+01 
 1.71328986e+04  8.09023500e+01  9.92478937e+01 
 1.73302956e+04  8.08055309e+01  9.91385219e+01 
 1.75299668e+04  8.07086526e+01  9.90302626e+01 
 1.77319386e+04  8.06117163e+01  9.89231045e+01 
 1.79362374e+04  8.05147232e+01  9.88170362e+01 
 1.81428900e+04  8.04176746e+01  9.87120466e+01 
 1.83519236e+04  8.03205717e+01  9.86081244e+01 
 1.85633655e+04  8.02234156e+01  9.85052584e+01 
 1.87772436e+04  8.01262074e+01  9.84034376e+01 
 1.89935859e+04  8.00289483e+01  9.83026509e+01 
 1.92124208e+04  7.99316395e+01  9.82028874e+01 
 1.94337770e+04  7.98342819e+01  9.81041361e+01 
 1.96576835e+04  7.97368766e+01  9.80063863e+01 
 1.98841698e+04  7.96394247e+01  9.79096271e+01 
 2.01132655e+04  7.95419271e+01  9.78138479e+01 
 2.03450008e+04  7.94443849e+01  9.77190379e+01 
 2.05794060e+04  7.93467990e+01  9.76251865e+01 
 2.08165120e+04  7.92491704e+01  9.75322834e+01 
 2.10563497e+04  7.91515000e+01  9.74403179e+01 
 2.12989507e+04  7.90537887e+01  9.73492797e+01 
 2.15443469e+04  7.89560375e+01  9.72591586e+01 
 2.17925704e+04  7.88582470e+01  9.71699441e+01 
 2.20436538e+04  7.87604183e+01  9.70816262e+01 
 2.22976301e+04  7.86625522e+01  9.69941947e+01 
 2.25545326e+04  7.85646494e+01  9.69076396e+01 
 2.28143949e+04  7.84667109e+01  9.68219508e+01 
 2.30772513e+04  7.83687372e+01  9.67371185e+01 
 2.33431362e+04  7.82707293e+01  9.66531329e+01 
 2.36120845e+04  7.81726879e+01  9.65699841e+01 
 2.38841315e+04  7.80746137e+01  9.64876624e+01 
 2.41593128e+04  7.79765074e+01  9.64061583e+01 
 2.44376647e+04  7.78783697e+01  9.63254621e+01 
 2.47192236e+04  7.77802014e+01  9.62455643e+01 
 2.50040265e+04  7.76820030e+01  9.61664555e+01 
 2.52921107e+04  7.75837753e+01  9.60881263e+01 
 2.55835142e+04  7.74855188e+01  9.60105675e+01 
 2.58782750e+04  7.73872343e+01  9.59337698e+01 
 2.61764319e+04  7.72889223e+01  9.58577241e+01 
 2.64780240e+04  7.71905834e+01  9.57824212e+01 
 2.67830910e+04  7.70922183e+01  9.57078522e+01 
 2.70916727e+04  7.69938275e+01  9.56340081e+01 
 2.74038098e+04  7.68954115e+01  9.55608800e+01 
 2.77195432e+04  7.67969710e+01  9.54884592e+01 
 2.80389144e+04  7.66985064e+01  9.54167367e+01 
 2.83619651e+04  7.66000183e+01  9.53457040e+01 
 2.86887379e+04  7.65015071e+01  9.52753525e+01 
 2.90192756e+04  7.64029735e+01  9.52056735e+01 
 2.93536216e+04  7.63044179e+01  9.51366587e+01 
 2.96918198e+04  7.62058408e+01  9.50682996e+01 
 3.00339145e+04  7.61072426e+01  9.50005878e+01 
 3.03799507e+04  7.60086239e+01  9.49335150e+01 
 3.07299737e+04  7.59099850e+01  9.48670730e+01 
 3.10840296e+04  7.58113264e+01  9.48012537e+01 
 3.14421647e+04  7.57126485e+01  9.47360490e+01 
 3.18044260e+04  7.56139519e+01  9.46714508e+01 
 3.21708612e+04  7.55152368e+01  9.46074511e+01 
 3.25415182e+04  7.54165036e+01  9.45440420e+01 
 3.29164458e+04  7.53177529e+01  9.44812158e+01 
 3.32956931e+04  7.52189849e+01  9.44189645e+01 
 3.36793099e+04  7.51202000e+01  9.43572805e+01 
 3.40673466e+04  7.50213986e+01  9.42961560e+01 
 3.44598540e+04  7.49225811e+01  9.42355836e+01 
 3.48568837e+04  7.48237478e+01  9.41755555e+01 
 3.52584878e+04  7.47248991e+01  9.41160644e+01 
 3.56647189e+04  7.46260353e+01  9.40571028e+01 
 3.60756305e+04  7.45271566e+01  9.39986633e+01 
 3.64912764e+04  7.44282636e+01  9.39407386e+01 
 3.69117112e+04  7.43293564e+01  9.38833215e+01 
 3.73369900e+04  7.42304353e+01  9.38264046e+01 
 3.77671687e+04  7.41315008e+01  9.37699809e+01 
 3.82023036e+04  7.40325529e+01  9.37140433e+01 
 3.86424520e+04  7.39335922e+01  9.36585847e+01 
 3.90876716e+04  7.38346187e+01  9.36035981e+01 
 3.95380208e+04  7.37356329e+01  9.35490766e+01 
 3.99935587e+04  7.36366349e+01  9.34950132e+01 
 4.04543450e+04  7.35376250e+01  9.34414012e+01 
 4.09204403e+04  7.34386035e+01  9.33882338e+01 
 4.13919058e+04  7.33395707e+01  9.33355042e+01 
 4.18688032e+04  7.32405267e+01  9.32832057e+01 
 4.23511952e+04  7.31414718e+01  9.32313317e+01 
 4.28391452e+04  7.30424063e+01  9.31798756e+01 
 4.33327170e+04  7.29433303e+01  9.31288309e+01 
 4.38319755e+04  7.28442441e+01  9.30781910e+01 
 4.43369862e+04  7.27451479e+01  9.30279495e+01 
 4.48478155e+04  7.26460419e+01  9.29781000e+01 
 4.53645302e+04  7.25469264e+01  9.29286362e+01 
 4.58871983e+04  7.24478014e+01  9.28795517e+01 
 4.64158883e+04  7.23486673e+01  9.28308402e+01 
 4.69506697e+04  7.22495242e+01  9.27824956e+01 
 4.74916125e+04  7.21503723e+01  9.27345116e+01 
 4.80387878e+04  7.20512117e+01  9.26868822e+01 
 4.85922674e+04  7.19520427e+01  9.26396011e+01 
 4.91521239e+04  7.18528654e+01  9.25926624e+01 
 4.97184308e+04  7.17536801e+01  9.25460600e+01 
 5.02912624e+04  7.16544867e+01  9.24997879e+01 
 5.08706939e+04  7.15552856e+01  9.24538403e+01 
 5.14568013e+04  7.14560769e+01  9.24082111e+01 
 5.20496616e+04  7.13568607e+01  9.23628946e+01 
 5.26493525e+04  7.12576372e+01  9.23178848e+01 
 5.32559528e+04  7.11584065e+01  9.22731761e+01 
 5.38695420e+04  7.10591687e+01  9.22287626e+01 
 5.44902008e+04  7.09599241e+01  9.21846387e+01 
 5.51180104e+04  7.08606727e+01  9.21407986e+01 
 5.57530533e+04  7.07614147e+01  9.20972366e+01 
 5.63954130e+04  7.06621501e+01  9.20539473e+01 
 5.70451735e+04  7.05628792e+01  9.20109249e+01 
 5.77024203e+04  7.04636020e+01  9.19681640e+01 
 5.83672396e+04  7.03643187e+01  9.19256590e+01 
 5.90397186e+04  7.02650293e+01  9.18834044e+01 
 5.97199455e+04  7.01657340e+01  9.18413947e+01 
 6.04080098e+04  7.00664329e+01  9.17996245e+01 
 6.11040015e+04  6.99671261e+01  9.17580885e+01 
 6.18080121e+04  6.98678137e+01  9.17167812e+01 
 6.25201340e+04  6.97684958e+01  9.16756973e+01 
 6.32404607e+04  6.96691724e+01  9.16348314e+01 
 6.39690866e+04  6.95698438e+01  9.15941783e+01 
 6.47061073e+04  6.94705099e+01  9.15537328e+01 
 6.54516197e+04  6.93711709e+01  9.15134895e+01 
 6.62057214e+04  6.92718268e+01  9.14734432e+01 
 6.69685116e+04  6.91724778e+01  9.14335888e+01 
 6.77400903e+04  6.90731239e+01  9.13939210e+01 
 6.85205587e+04  6.89737651e+01  9.13544348e+01 
 6.93100193e+04  6.88744017e+01  9.13151249e+01 
 7.01085757e+04  6.87750335e+01  9.12759864e+01 
 7.09163327e+04  6.86756608e+01  9.12370141e+01 
 7.17333962e+04  6.85762835e+01  9.11982029e+01 
 7.25598736e+04  6.84769018e+01  9.11595478e+01 
 7.33958732e+04  6.83775157e+01  9.11210438e+01 
 7.42415048e+04  6.82781252e+01  9.10826859e+01 
 7.50968794e+04  6.81787305e+01  9.10444690e+01 
 7.59621092e+04  6.80793315e+01  9.10063883e+01 
 7.68373077e+04  6.79799284e+01  9.09684387e+01 
 7.77225899e+04  6.78805211e+01  9.09306153e+01 
 7.86180718e+04  6.77811098e+01  9.08929133e+01 
 7.95238711e+04  6.76816944e+01  9.08553276e+01 
 8.04401065e+04  6.75822751e+01  9.08178534e+01 
 8.13668983e+04  6.74828519e+01  9.07804859e+01 
 8.23043682e+04  6.73834247e+01  9.07432200e+01 
 8.32526392e+04  6.72839937e+01  9.07060511e+01 
 8.42118357e+04  6.71845589e+01  9.06689742e+01 
 8.51820836e+04  6.70851203e+01  9.06319846e+01 
 8.61635102e+04  6.69856780e+01  9.05950774e+01 
 8.71562443e+04  6.68862320e+01  9.05582477e+01 
 8.81604162e+04  6.67867822e+01  9.05214909e+01 
 8.91761577e+04  6.66873289e+01  9.04848020e+01 
 9.02036021e+04  6.65878718e+01  9.04481764e+01 
 9.12428842e+04  6.64884112e+01  9.04116092e+01 
 9.22941404e+04  6.63889470e+01  9.03750957e+01 
 9.33575087e+04  6.62894792e+01  9.03386311e+01 
 9.44331286e+04  6.61900079e+01  9.03022107e+01 
 9.55211412e+04  6.60905331e+01  9.02658297e+01 
 9.66216894e+04  6.59910547e+01  9.02294833e+01 
 9.77349176e+04  6.58915728e+01  9.01931669e+01 
 9.88609719e+04  6.57920875e+01  9.01568757e+01 
 1.00000000e+05  6.56925986e+01  9.01206049e+01 
 1.01152151e+05  6.55931063e+01  9.00843499e+01 
 1.02317577e+05  6.54936105e+01  9.00481058e+01 
 1.03496431e+05  6.53941113e+01  9.00118681e+01 
 1.04688866e+05  6.52946085e+01  8.99756318e+01 
 1.05895041e+05  6.51951023e+01  8.99393924e+01 
 1.07115112e+05  6.50955927e+01  8.99031451e+01 
 1.08349240e+05  6.49960795e+01  8.98668852e+01 
 1.09597588e+05  6.48965629e+01  8.98306079e+01 
 1.10860318e+05  6.47970428e+01  8.97943085e+01 
 1.12137597e+05  6.46975192e+01  8.97579822e+01 
 1.13429592e+05  6.45979921e+01  8.97216244e+01 
 1.14736472e+05  6.44984615e+01  8.96852303e+01 
 1.16058410e+05  6.43989274e+01  8.96487951e+01 
 1.17395579e+05  6.42993897e+01  8.96123141e+01 
 1.18748154e+05  6.41998484e+01  8.95757826e+01 
 1.20116312e+05  6.41003036e+01  8.95391957e+01 
 1.21500234e+05  6.40007551e+01  8.95025487e+01 
 1.22900101e+05  6.39012030e+01  8.94658368e+01 
 1.24316096e+05  6.38016473e+01  8.94290553e+01 
 1.25748406e+05  6.37020878e+01  8.93921993e+01 
 1.27197218e+05  6.36025246e+01  8.93552641e+01 
 1.28662722e+05  6.35029577e+01  8.93182448e+01 
 1.30145112e+05  6.34033870e+01  8.92811366e+01 
 1.31644581e+05  6.33038125e+01  8.92439347e+01 
 1.33161325e+05  6.32042342e+01  8.92066342e+01 
 1.34695546e+05  6.31046519e+01  8.91692302e+01 
 1.36247442e+05  6.30050657e+01  8.91317180e+01 
 1.37817219e+05  6.29054755e+01  8.90940926e+01 
 1.39405082e+05  6.28058813e+01  8.90563490e+01 
 1.41011240e+05  6.27062830e+01  8.90184825e+01 
 1.42635903e+05  6.26066806e+01  8.89804881e+01 
 1.44279285e+05  6.25070740e+01  8.89423607e+01 
 1.45941600e+05  6.24074632e+01  8.89040956e+01 
 1.47623069e+05  6.23078481e+01  8.88656876e+01 
 1.49323910e+05  6.22082286e+01  8.88271318e+01 
 1.51044348e+05  6.21086048e+01  8.87884232e+01 
 1.52784607e+05  6.20089764e+01  8.87495568e+01 
 1.54544917e+05  6.19093436e+01  8.87105274e+01 
 1.56325509e+05  6.18097061e+01  8.86713301e+01 
 1.58126615e+05  6.17100639e+01  8.86319597e+01 
 1.59948473e+05  6.16104170e+01  8.85924111e+01 
 1.61791322e+05  6.15107653e+01  8.85526793e+01 
 1.63655403e+05  6.14111087e+01  8.85127589e+01 
 1.65540961e+05  6.13114471e+01  8.84726449e+01 
 1.67448244e+05  6.12117804e+01  8.84323321e+01 
 1.69377501e+05  6.11121086e+01  8.83918152e+01 
 1.71328986e+05  6.10124315e+01  8.83510889e+01 
 1.73302956e+05  6.09127491e+01  8.83101481e+01 
 1.75299668e+05  6.08130613e+01  8.82689873e+01 
 1.77319386e+05  6.07133680e+01  8.82276013e+01 
 1.79362374e+05  6.06136690e+01  8.81859846e+01 
 1.81428900e+05  6.05139644e+01  8.81441320e+01 
 1.83519236e+05  6.04142539e+01  8.81020380e+01 
 1.85633655e+05  6.03145374e+01  8.80596971e+01 
 1.87772436e+05  6.02148149e+01  8.80171039e+01 
 1.89935859e+05  6.01150863e+01  8.79742529e+01 
 1.92124208e+05  6.00153514e+01  8.79311385e+01 
 1.94337770e+05  5.99156101e+01  8.78877552e+01 
 1.96576835e+05  5.98158622e+01  8.78440974e+01 
 1.98841698e+05  5.97161077e+01  8.78001594e+01 
 2.01132655e+05  5.96163464e+01  8.77559356e+01 
 2.03450008e+05  5.95165782e+01  8.77114203e+01 
 2.05794060e+05  5.94168030e+01  8.76666077e+01 
 2.08165120e+05  5.93170205e+01  8.76214920e+01 
 2.10563497e+05  5.92172307e+01  8.75760676e+01 
 2.12989507e+05  5.91174334e+01  8.75303285e+01 
 2.15443469e+05  5.90176285e+01  8.74842688e+01 
 2.17925704e+05  5.89178157e+01  8.74378826e+01 
 2.20436538e+05  5.88179950e+01  8.73911640e+01 
 2.22976301e+05  5.87181662e+01  8.73441070e+01 
 2.25545326e+05  5.86183291e+01  8.72967055e+01 
 2.28143949e+05  5.85184834e+01  8.72489535e+01 
 2.30772513e+05  5.84186292e+01  8.72008449e+01 
 2.33431362e+05  5.83187661e+01  8.71523734e+01 
 2.36120845e+05  5.82188940e+01  8.71035329e+01 
 2.38841315e+05  5.81190127e+01  8.70543172e+01 
 2.41593128e+05  5.80191219e+01  8.70047199e+01 
 2.44376647e+05  5.79192216e+01  8.69547347e+01 
 2.47192236e+05  5.78193114e+01  8.69043553e+01 
 2.50040265e+05  5.77193912e+01  8.68535753e+01 
 2.52921107e+05  5.76194608e+01  8.68023881e+01 
 2.55835142e+05  5.75195199e+01  8.67507872e+01 
 2.58782750e+05  5.74195683e+01  8.66987661e+01 
 2.61764319e+05  5.73196058e+01  8.66463182e+01 
 2.64780240e+05  5.72196321e+01  8.65934368e+01 
 2.67830910e+05  5.71196470e+01  8.65401152e+01 
 2.70916727e+05  5.70196503e+01  8.64863467e+01 
 2.74038098e+05  5.69196416e+01  8.64321244e+01 
 2.77195432e+05  5.68196208e+01  8.63774415e+01 
 2.80389144e+05  5.67195876e+01  8.63222911e+01 
 2.83619651e+05  5.66195416e+01  8.62666661e+01 
 2.86887379e+05  5.65194826e+01  8.62105597e+01 
 2.90192756e+05  5.64194103e+01  8.61539647e+01 
 2.93536216e+05  5.63193245e+01  8.60968740e+01 
 2.96918198e+05  5.62192248e+01  8.60392805e+01 
 3.00339145e+05  5.61191109e+01  8.59811768e+01 
 3.03799507e+05  5.60189825e+01  8.59225558e+01 
 3.07299737e+05  5.59188393e+01  8.58634100e+01 
 3.10840296e+05  5.58186810e+01  8.58037320e+01 
 3.14421647e+05  5.57185071e+01  8.57435145e+01 
 3.18044260e+05  5.56183174e+01  8.56827499e+01 
 3.21708612e+05  5.55181115e+01  8.56214305e+01 
 3.25415182e+05  5.54178891e+01  8.55595489e+01 
 3.29164458e+05  5.53176498e+01  8.54970972e+01 
 3.32956931e+05  5.52173932e+01  8.54340677e+01 
 3.36793099e+05  5.51171188e+01  8.53704527e+01 
 3.40673466e+05  5.50168265e+01  8.53062442e+01 
 3.44598540e+05  5.49165156e+01  8.52414343e+01 
 3.48568837e+05  5.48161858e+01  8.51760150e+01 
 3.52584878e+05  5.47158367e+01  8.51099782e+01 
 3.56647189e+05  5.46154679e+01  8.50433159e+01 
 3.60756305e+05  5.45150788e+01  8.49760197e+01 
 3.64912764e+05  5.44146691e+01  8.49080816e+01 
 3.69117112e+05  5.43142383e+01  8.48394931e+01 
 3.73369900e+05  5.42137860e+01  8.47702458e+01 
 3.77671687e+05  5.41133115e+01  8.47003314e+01 
 3.82023036e+05  5.40128145e+01  8.46297413e+01 
 3.86424520e+05  5.39122944e+01  8.45584669e+01 
 3.90876716e+05  5.38117507e+01  8.44864996e+01 
 3.95380208e+05  5.37111829e+01  8.44138306e+01 
 3.99935587e+05  5.36105905e+01  8.43404513e+01 
 4.04543450e+05  5.35099728e+01  8.42663527e+01 
 4.09204403e+05  5.34093294e+01  8.41915259e+01 
 4.13919058e+05  5.33086596e+01  8.41159620e+01 
 4.18688032e+05  5.32079628e+01  8.40396518e+01 
 4.23511952e+05  5.31072385e+01  8.39625864e+01 
 4.28391452e+05  5.30064860e+01  8.38847564e+01 
 4.33327170e+05  5.29057048e+01  8.38061527e+01 
 4.38319755e+05  5.28048940e+01  8.37267658e+01 
 4.43369862e+05  5.27040532e+01  8.36465865e+01 
 4.48478155e+05  5.26031816e+01  8.35656053e+01 
 4.53645302e+05  5.25022785e+01  8.34838125e+01 
 4.58871983e+05  5.24013433e+01  8.34011987e+01 
 4.64158883e+05  5.23003751e+01  8.33177541e+01 
 4.69506697e+05  5.21993734e+01  8.32334690e+01 
 4.74916125e+05  5.20983372e+01  8.31483336e+01 
 4.80387878e+05  5.19972659e+01  8.30623380e+01 
 4.85922674e+05  5.18961586e+01  8.29754723e+01 
 4.91521239e+05  5.17950147e+01  8.28877264e+01 
 4.97184308e+05  5.16938331e+01  8.27990903e+01 
 5.02912624e+05  5.15926132e+01  8.27095537e+01 
 5.08706939e+05  5.14913540e+01  8.26191066e+01 
 5.14568013e+05  5.13900548e+01  8.25277385e+01 
 5.20496616e+05  5.12887144e+01  8.24354392e+01 
 5.26493525e+05  5.11873322e+01  8.23421982e+01 
 5.32559528e+05  5.10859071e+01  8.22480050e+01 
 5.38695420e+05  5.09844382e+01  8.21528491e+01 
 5.44902008e+05  5.08829245e+01  8.20567197e+01 
 5.51180104e+05  5.07813651e+01  8.19596063e+01 
 5.57530533e+05  5.06797589e+01  8.18614981e+01 
 5.63954130e+05  5.05781048e+01  8.17623843e+01 
 5.70451735e+05  5.04764019e+01  8.16622539e+01 
 5.77024203e+05  5.03746490e+01  8.15610961e+01 
 5.83672396e+05  5.02728450e+01  8.14588998e+01 
 5.90397186e+05  5.01709889e+01  8.13556539e+01 
 5.97199455e+05  5.00690794e+01  8.12513474e+01 
 6.04080098e+05  4.99671154e+01  8.11459690e+01 
 6.11040015e+05  4.98650957e+01  8.10395076e+01 
 6.18080121e+05  4.97630191e+01  8.09319517e+01 
 6.25201340e+05  4.96608843e+01  8.08232901e+01 
 6.32404607e+05  4.95586901e+01  8.07135113e+01 
 6.39690866e+05  4.94564351e+01  8.06026039e+01 
 6.47061073e+05  4.93541180e+01  8.04905564e+01 
 6.54516197e+05  4.92517375e+01  8.03773572e+01 
 6.62057214e+05  4.91492922e+01  8.02629947e+01 
 6.69685116e+05  4.90467806e+01  8.01474572e+01 
 6.77400903e+05  4.89442014e+01  8.00307331e+01 
 6.85205587e+05  4.88415531e+01  7.99128106e+01 
 6.93100193e+05  4.87388342e+01  7.97936780e+01 
 7.01085757e+05  4.86360430e+01  7.96733233e+01 
 7.09163327e+05  4.85331782e+01  7.95517348e+01 
 7.17333962e+05  4.84302381e+01  7.94289006e+01 
 7.25598736e+05  4.83272210e+01  7.93048087e+01 
 7.33958732e+05  4.82241253e+01  7.91794472e+01 
 7.42415048e+05  4.81209494e+01  7.90528041e+01 
 7.50968794e+05  4.80176915e+01  7.89248675e+01 
 7.59621092e+05  4.79143499e+01  7.87956253e+01 
 7.68373077e+05  4.78109227e+01  7.86650655e+01 
 7.77225899e+05  4.77074082e+01  7.85331760e+01 
 7.86180718e+05  4.76038045e+01  7.83999447e+01 
 7.95238711e+05  4.75001096e+01  7.82653597e+01 
 8.04401065e+05  4.73963217e+01  7.81294088e+01 
 8.13668983e+05  4.72924389e+01  7.79920800e+01 
 8.23043682e+05  4.71884590e+01  7.78533611e+01 
 8.32526392e+05  4.70843801e+01  7.77132402e+01 
 8.42118357e+05  4.69802000e+01  7.75717052e+01 
 8.51820836e+05  4.68759167e+01  7.74287439e+01 
 8.61635102e+05  4.67715280e+01  7.72843446e+01 
 8.71562443e+05  4.66670317e+01  7.71384950e+01 
 8.81604162e+05  4.65624255e+01  7.69911833e+01 
 8.91761577e+05  4.64577072e+01  7.68423975e+01 
 9.02036021e+05  4.63528745e+01  7.66921258e+01 
 9.12428842e+05  4.62479249e+01  7.65403562e+01 
 9.22941404e+05  4.61428562e+01  7.63870770e+01 
 9.33575087e+05  4.60376657e+01  7.62322764e+01 
 9.44331286e+05  4.59323511e+01  7.60759428e+01 
 9.55211412e+05  4.58269098e+01  7.59180645e+01 
 9.66216894e+05  4.57213392e+01  7.57586300e+01 
 9.77349176e+05  4.56156367e+01  7.55976277e+01 
 9.88609719e+05  4.55097996e+01  7.54350463e+01 
 1.00000000e+06  4.54038253e+01  7.52708745e+01 
 1.01152151e+06  4.52977108e+01  7.51051011e+01 
 1.02317577e+06  4.51914535e+01  7.49377150e+01 
 1.03496431e+06  4.50850505e+01  7.47687051e+01 
 1.04688866e+06  4.49784988e+01  7.45980606e+01 
 1.05895041e+06  4.48717956e+01  7.44257708e+01 
 1.07115112e+06  4.47649378e+01  7.42518250e+01 
 1.08349240e+06  4.46579224e+01  7.40762127e+01 
 1.09597588e+06  4.45507462e+01  7.38989237e+01 
 1.10860318e+06  4.44434062e+01  7.37199476e+01 
 1.12137597e+06  4.43358991e+01  7.35392746e+01 
 1.13429592e+06  4.42282217e+01  7.33568947e+01 
 1.14736472e+06  4.41203708e+01  7.31727983e+01 
 1.16058410e+06  4.40123429e+01  7.29869760e+01 
 1.17395579e+06  4.39041347e+01  7.27994184e+01 
 1.18748154e+06  4.37957427e+01  7.26101165e+01 
 1.20116312e+06  4.36871635e+01  7.24190615e+01 
 1.21500234e+06  4.35783934e+01  7.22262446e+01 
 1.22900101e+06  4.34694290e+01  7.20316576e+01 
 1.24316096e+06  4.33602666e+01  7.18352923e+01 
 1.25748406e+06  4.32509025e+01  7.16371408e+01 
 1.27197218e+06  4.31413329e+01  7.14371955e+01 
 1.28662722e+06  4.30315541e+01  7.12354490e+01 
 1.30145112e+06  4.29215622e+01  7.10318944e+01 
 1.31644581e+06  4.28113534e+01  7.08265247e+01 
 1.33161325e+06  4.27009236e+01  7.06193337e+01 
 1.34695546e+06  4.25902690e+01  7.04103152e+01 
 1.36247442e+06  4.24793855e+01  7.01994633e+01 
 1.37817219e+06  4.23682689e+01  6.99867727e+01 
 1.39405082e+06  4.22569153e+01  6.97722382e+01 
 1.41011240e+06  4.21453203e+01  6.95558550e+01 
 1.42635903e+06  4.20334799e+01  6.93376190e+01 
 1.44279285e+06  4.19213896e+01  6.91175259e+01 
 1.45941600e+06  4.18090453e+01  6.88955724e+01 
 1.47623069e+06  4.16964425e+01  6.86717553e+01 
 1.49323910e+06  4.15835768e+01  6.84460717e+01 
 1.51044348e+06  4.14704439e+01  6.82185195e+01 
 1.52784607e+06  4.13570392e+01  6.79890967e+01 
 1.54544917e+06  4.12433582e+01  6.77578020e+01 
 1.56325509e+06  4.11293963e+01  6.75246344e+01 
 1.58126615e+06  4.10151490e+01  6.72895936e+01 
 1.59948473e+06  4.09006116e+01  6.70526796e+01 
 1.61791322e+06  4.07857794e+01  6.68138929e+01 
 1.63655403e+06  4.06706477e+01  6.65732346e+01 
 1.65540961e+06  4.05552118e+01  6.63307064e+01 
 1.67448244e+06  4.04394669e+01  6.60863103e+01 
 1.69377501e+06  4.03234082e+01  6.58400493e+01 
 1.71328986e+06  4.02070308e+01  6.55919264e+01 
 1.73302956e+06  4.00903300e+01  6.53419456e+01 
 1.75299668e+06  3.99733008e+01  6.50901113e+01 
 1.77319386e+06  3.98559382e+01  6.48364285e+01 
 1.79362374e+06  3.97382375e+01  6.45809030e+01 
 1.81428900e+06  3.96201936e+01  6.43235410e+01 
 1.83519236e+06  3.95018015e+01  6.40643494e+01 
 1.85633655e+06  3.93830563e+01  6.38033357e+01 
 1.87772436e+06  3.92639530e+01  6.35405082e+01 
 1.89935859e+06  3.91444866e+01  6.32758757e+01 
 1.92124208e+06  3.90246520e+01  6.30094477e+01 
 1.94337770e+06  3.89044443e+01  6.27412346e+01 
 1.96576835e+06  3.87838583e+01  6.24712470e+01 
 1.98841698e+06  3.86628892e+01  6.21994968e+01 
 2.01132655e+06  3.85415318e+01  6.19259961e+01 
 2.03450008e+06  3.84197812e+01  6.16507579e+01 
 2.05794060e+06  3.82976323e+01  6.13737960e+01 
 2.08165120e+06  3.81750801e+01  6.10951249e+01 
 2.10563497e+06  3.80521197e+01  6.08147596e+01 
 2.12989507e+06  3.79287460e+01  6.05327162e+01 
 2.15443469e+06  3.78049542e+01  6.02490112e+01 
 2.17925704e+06  3.76807392e+01  5.99636621e+01 
 2.20436538e+06  3.75560963e+01  5.96766869e+01 
 2.22976301e+06  3.74310204e+01  5.93881046e+01 
 2.25545326e+06  3.73055067e+01  5.90979347e+01 
 2.28143949e+06  3.71795505e+01  5.88061977e+01 
 2.30772513e+06  3.70531470e+01  5.85129148e+01 
 2.33431362e+06  3.69262914e+01  5.82181077e+01 
 2.36120845e+06  3.67989791e+01  5.79217991e+01 
 2.38841315e+06  3.66712053e+01  5.76240124e+01 
 2.41593128e+06  3.65429656e+01  5.73247718e+01 
 2.44376647e+06  3.64142554e+01  5.70241021e+01 
 2.47192236e+06  3.62850702e+01  5.67220289e+01 
 2.50040265e+06  3.61554056e+01  5.64185786e+01 
 2.52921107e+06  3.60252573e+01  5.61137782e+01 
 2.55835142e+06  3.58946210e+01  5.58076556e+01 
 2.58782750e+06  3.57634925e+01  5.55002392e+01 
 2.61764319e+06  3.56318676e+01  5.51915584e+01 
 2.64780240e+06  3.54997424e+01  5.48816430e+01 
 2.67830910e+06  3.53671128e+01  5.45705236e+01 
 2.70916727e+06  3.52339750e+01  5.42582316e+01 
 2.74038098e+06  3.51003252e+01  5.39447988e+01 
 2.77195432e+06  3.49661597e+01  5.36302579e+01 
 2.80389144e+06  3.48314749e+01  5.33146422e+01 
 2.83619651e+06  3.46962674e+01  5.29979855e+01 
 2.86887379e+06  3.45605336e+01  5.26803223e+01 
 2.90192756e+06  3.44242704e+01  5.23616876e+01 
 2.93536216e+06  3.42874746e+01  5.20421173e+01 
 2.96918198e+06  3.41501431e+01  5.17216474e+01 
 3.00339145e+06  3.40122729e+01  5.14003147e+01 
 3.03799507e+06  3.38738612e+01  5.10781566e+01 
 3.07299737e+06  3.37349054e+01  5.07552107e+01 
 3.10840296e+06  3.35954027e+01  5.04315155e+01 
 3.14421647e+06  3.34553508e+01  5.01071096e+01 
 3.18044260e+06  3.33147474e+01  4.97820323e+01 
 3.21708612e+06  3.31735902e+01  4.94563230e+01 
 3.25415182e+06  3.30318771e+01  4.91300218e+01 
 3.29164458e+06  3.28896063e+01  4.88031691e+01 
 3.32956931e+06  3.27467759e+01  4.84758056e+01 
 3.36793099e+06  3.26033843e+01  4.81479722e+01 
 3.40673466e+06  3.24594299e+01  4.78197104e+01 
 3.44598540e+06  3.23149114e+01  4.74910616e+01 
 3.48568837e+06  3.21698276e+01  4.71620678e+01 
 3.52584878e+06  3.20241773e+01  4.68327710e+01 
 3.56647189e+06  3.18779597e+01  4.65032135e+01 
 3.60756305e+06  3.17311739e+01  4.61734375e+01 
 3.64912764e+06  3.15838192e+01  4.58434858e+01 
 3.69117112e+06  3.14358953e+01  4.55134008e+01 
 3.73369900e+06  3.12874017e+01  4.51832254e+01 
 3.77671687e+06  3.11383383e+01  4.48530023e+01 
 3.82023036e+06  3.09887049e+01  4.45227743e+01 
 3.86424520e+06  3.08385017e+01  4.41925842e+01 
 3.90876716e+06  3.06877290e+01  4.38624748e+01 
 3.95380208e+06  3.05363871e+01  4.35324886e+01 
 3.99935587e+06  3.03844766e+01  4.32026685e+01 
 4.04543450e+06  3.02319982e+01  4.28730567e+01 
 4.09204403e+06  3.00789527e+01  4.25436957e+01 
 4.13919058e+06  2.99253412e+01  4.22146275e+01 
 4.18688032e+06  2.97711647e+01  4.18858943e+01 
 4.23511952e+06  2.96164245e+01  4.15575376e+01 
 4.28391452e+06  2.94611220e+01  4.12295990e+01 
 4.33327170e+06  2.93052589e+01  4.09021197e+01 
 4.38319755e+06  2.91488368e+01  4.05751405e+01 
 4.43369862e+06  2.89918576e+01  4.02487020e+01 
 4.48478155e+06  2.88343232e+01  3.99228444e+01 
 4.53645302e+06  2.86762358e+01  3.95976076e+01 
 4.58871983e+06  2.85175976e+01  3.92730308e+01 
 4.64158883e+06  2.83584110e+01  3.89491532e+01 
 4.69506697e+06  2.81986784e+01  3.86260131e+01 
 4.74916125e+06  2.80384026e+01  3.83036488e+01 
 4.80387878e+06  2.78775862e+01  3.79820977e+01 
 4.85922674e+06  2.77162322e+01  3.76613969e+01 
 4.91521239e+06  2.75543435e+01  3.73415829e+01 
 4.97184308e+06  2.73919232e+01  3.70226918e+01 
 5.02912624e+06  2.72289746e+01  3.67047587e+01 
 5.08706939e+06  2.70655009e+01  3.63878187e+01 
 5.14568013e+06  2.69015056e+01  3.60719059e+01 
 5.20496616e+06  2.67369922e+01  3.57570538e+01 
 5.26493525e+06  2.65719644e+01  3.54432954e+01 
 5.32559528e+06  2.64064258e+01  3.51306631e+01 
 5.38695420e+06  2.62403804e+01  3.48191884e+01 
 5.44902008e+06  2.60738319e+01  3.45089024e+01 
 5.51180104e+06  2.59067844e+01  3.41998352e+01 
 5.57530533e+06  2.57392420e+01  3.38920166e+01 
 5.63954130e+06  2.55712088e+01  3.35854753e+01 
 5.70451735e+06  2.54026890e+01  3.32802395e+01 
 5.77024203e+06  2.52336870e+01  3.29763368e+01 
 5.83672396e+06  2.50642070e+01  3.26737937e+01 
 5.90397186e+06  2.48942536e+01  3.23726363e+01 
 5.97199455e+06  2.47238313e+01  3.20728898e+01 
 6.04080098e+06  2.45529445e+01  3.17745788e+01 
 6.11040015e+06  2.43815979e+01  3.14777269e+01 
 6.18080121e+06  2.42097961e+01  3.11823572e+01 
 6.25201340e+06  2.40375438e+01  3.08884919e+01 
 6.32404607e+06  2.38648459e+01  3.05961525e+01 
 6.39690866e+06  2.36917070e+01  3.03053598e+01 
 6.47061073e+06  2.35181321e+01  3.00161336e+01 
 6.54516197e+06  2.33441259e+01  2.97284933e+01 
 6.62057214e+06  2.31696933e+01  2.94424573e+01 
 6.69685116e+06  2.29948393e+01  2.91580434e+01 
 6.77400903e+06  2.28195688e+01  2.88752684e+01 
 6.85205587e+06  2.26438868e+01  2.85941487e+01 
 6.93100193e+06  2.24677982e+01  2.83146997e+01 
 7.01085757e+06  2.22913081e+01  2.80369362e+01 
 7.09163327e+06  2.21144214e+01  2.77608722e+01 
 7.17333962e+06  2.19371432e+01  2.74865210e+01 
 7.25598736e+06  2.17594784e+01  2.72138952e+01 
 7.33958732e+06  2.15814322e+01  2.69430066e+01 
 7.42415048e+06  2.14030095e+01  2.66738664e+01 
 7.50968794e+06  2.12242154e+01  2.64064851e+01 
 7.59621092e+06  2.10450549e+01  2.61408725e+01 
 7.68373077e+06  2.08655329e+01  2.58770377e+01 
 7.77225899e+06  2.06856546e+01  2.56149890e+01 
 7.86180718e+06  2.05054248e+01  2.53547343e+01 
 7.95238711e+06  2.03248487e+01  2.50962806e+01 
 8.04401065e+06  2.01439310e+01  2.48396345e+01 
 8.13668983e+06  1.99626769e+01  2.45848018e+01 
 8.23043682e+06  1.97810911e+01  2.43317877e+01 
 8.32526392e+06  1.95991787e+01  2.40805968e+01 
 8.42118357e+06  1.94169444e+01  2.38312332e+01 
 8.51820836e+06  1.92343932e+01  2.35837001e+01 
 8.61635102e+06  1.90515299e+01  2.33380006e+01 
 8.71562443e+06  1.88683592e+01  2.30941369e+01 
 8.81604162e+06  1.86848860e+01  2.28521106e+01 
 8.91761577e+06  1.85011149e+01  2.26119230e+01 
 9.02036021e+06  1.83170507e+01  2.23735746e+01 
 9.12428842e+06  1.81326980e+01  2.21370658e+01 
 9.22941404e+06  1.79480615e+01  2.19023959e+01 
 9.33575087e+06  1.77631457e+01  2.16695643e+01 
 9.44331286e+06  1.75779552e+01  2.14385694e+01 
 9.55211412e+06  1.73924945e+01  2.12094096e+01 
 9.66216894e+06  1.72067681e+01  2.09820824e+01 
 9.77349176e+06  1.70207804e+01  2.07565852e+01 
 9.88609719e+06  1.68345358e+01  2.05329147e+01 
 1.00000000e+07  1.66480387e+01  2.03110674e+01 
 1.01152151e+07  1.64612933e+01  2.00910393e+01 
 1.02317577e+07  1.62743038e+01  1.98728258e+01 
 1.03496431e+07  1.60870746e+01  1.96564223e+01 
 1.04688866e+07  1.58996097e+01  1.94418236e+01 
 1.05895041e+07  1.57119133e+01  1.92290240e+01 
 1.07115112e+07  1.55239895e+01  1.90180178e+01 
 1.08349240e+07  1.53358422e+01  1.88087985e+01 
 1.09597588e+07  1.51474754e+01  1.86013598e+01 
 1.10860318e+07  1.49588931e+01  1.83956946e+01 
 1.12137597e+07  1.47700991e+01  1.81917957e+01 
 1.13429592e+07  1.45810973e+01  1.79896557e+01 
 1.14736472e+07  1.43918914e+01  1.77892668e+01 
 1.16058410e+07  1.42024851e+01  1.75906208e+01 
 1.17395579e+07  1.40128821e+01  1.73937094e+01 
 1.18748154e+07  1.38230861e+01  1.71985240e+01 
 1.20116312e+07  1.36331007e+01  1.70050557e+01 
 1.21500234e+07  1.34429292e+01  1.68132956e+01 
 1.22900101e+07  1.32525753e+01  1.66232342e+01 
 1.24316096e+07  1.30620424e+01  1.64348619e+01 
 1.25748406e+07  1.28713338e+01  1.62481691e+01 
 1.27197218e+07  1.26804528e+01  1.60631458e+01 
 1.28662722e+07  1.24894028e+01  1.58797819e+01 
 1.30145112e+07  1.22981870e+01  1.56980670e+01 
 1.31644581e+07  1.21068085e+01  1.55179906e+01 
 1.33161325e+07  1.19152705e+01  1.53395420e+01 
 1.34695546e+07  1.17235760e+01  1.51627104e+01 
 1.36247442e+07  1.15317281e+01  1.49874849e+01 
 1.37817219e+07  1.13397299e+01  1.48138543e+01 
 1.39405082e+07  1.11475841e+01  1.46418073e+01 
 1.41011240e+07  1.09552937e+01  1.44713326e+01 
 1.42635903e+07  1.07628616e+01  1.43024186e+01 
 1.44279285e+07  1.05702906e+01  1.41350538e+01 
 1.45941600e+07  1.03775834e+01  1.39692263e+01 
 1.47623069e+07  1.01847426e+01  1.38049245e+01 
 1.49323910e+07  9.99177109e+00  1.36421362e+01 
 1.51044348e+07  9.79867133e+00  1.34808496e+01 
 1.52784607e+07  9.60544592e+00  1.33210526e+01 
 1.54544917e+07  9.41209741e+00  1.31627329e+01 
 1.56325509e+07  9.21862826e+00  1.30058783e+01 
 1.58126615e+07  9.02504093e+00  1.28504766e+01 
 1.59948473e+07  8.83133780e+00  1.26965153e+01 
 1.61791322e+07  8.63752124e+00  1.25439821e+01 
 1.63655403e+07  8.44359356e+00  1.23928645e+01 
 1.65540961e+07  8.24955702e+00  1.22431500e+01 
 1.67448244e+07  8.05541387e+00  1.20948259e+01 
 1.69377501e+07  7.86116629e+00  1.19478799e+01 
 1.71328986e+07  7.66681644e+00  1.18022992e+01 
 1.73302956e+07  7.47236643e+00  1.16580712e+01 
 1.75299668e+07  7.27781832e+00  1.15151832e+01 
 1.77319386e+07  7.08317417e+00  1.13736227e+01 
 1.79362374e+07  6.88843597e+00  1.12333768e+01 
 1.81428900e+07  6.69360567e+00  1.10944329e+01 
 1.83519236e+07  6.49868521e+00  1.09567783e+01 
 1.85633655e+07  6.30367647e+00  1.08204003e+01 
 1.87772436e+07  6.10858130e+00  1.06852862e+01 
 1.89935859e+07  5.91340153e+00  1.05514233e+01 
 1.92124208e+07  5.71813893e+00  1.04187989e+01 
 1.94337770e+07  5.52279527e+00  1.02874003e+01 
 1.96576835e+07  5.32737225e+00  1.01572149e+01 
 1.98841698e+07  5.13187155e+00  1.00282299e+01 
 2.01132655e+07  4.93629483e+00  9.90043282e+00 
 2.03450008e+07  4.74064372e+00  9.77381097e+00 
 2.05794060e+07  4.54491978e+00  9.64835178e+00 
 2.08165120e+07  4.34912459e+00  9.52404268e+00 
 2.10563497e+07  4.15325968e+00  9.40087113e+00 
 2.12989507e+07  3.95732652e+00  9.27882462e+00 
 2.15443469e+07  3.76132661e+00  9.15789069e+00 
 2.17925704e+07  3.56526137e+00  9.03805689e+00 
 2.20436538e+07  3.36913221e+00  8.91931080e+00 
 2.22976301e+07  3.17294052e+00  8.80164007e+00 
 2.25545326e+07  2.97668765e+00  8.68503236e+00 
 2.28143949e+07  2.78037494e+00  8.56947538e+00 
 2.30772513e+07  2.58400367e+00  8.45495688e+00 
 2.33431362e+07  2.38757514e+00  8.34146465e+00 
 2.36120845e+07  2.19109059e+00  8.22898654e+00 
 2.38841315e+07  1.99455125e+00  8.11751043e+00 
 2.41593128e+07  1.79795831e+00  8.00702424e+00 
 2.44376647e+07  1.60131295e+00  7.89751597e+00 
 2.47192236e+07  1.40461634e+00  7.78897362e+00 
 2.50040265e+07  1.20786959e+00  7.68138528e+00 
 2.52921107e+07  1.01107382e+00  7.57473909e+00 
 2.55835142e+07  8.14230111e-01  7.46902320e+00 
 2.58782750e+07  6.17339525e-01  7.36422586e+00 
 2.61764319e+07  4.20403105e-01  7.26033535e+00 
 2.64780240e+07  2.23421871e-01  7.15734001e+00 
 2.67830910e+07  2.63968237e-02  7.05522822e+00 
 2.70916727e+07 -1.70671057e-01  6.95398842e+00 
 2.74038098e+07 -3.67780813e-01  6.85360913e+00 
 2.77195432e+07 -5.64931502e-01  6.75407888e+00 
 2.80389144e+07 -7.62122203e-01  6.65538629e+00 
 2.83619651e+07 -9.59352015e-01  6.55752003e+00 
 2.86887379e+07 -1.15662005e+00  6.46046881e+00 
 2.90192756e+07 -1.35392545e+00  6.36422142e+00 
 2.93536216e+07 -1.55126736e+00  6.26876668e+00 
 2.96918198e+07 -1.74864495e+00  6.17409348e+00 
 3.00339145e+07 -1.94605740e+00  6.08019078e+00 
 3.03799507e+07 -2.14350393e+00  5.98704757e+00 
 3.07299737e+07 -2.34098373e+00  5.89465292e+00 
 3.10840296e+07 -2.53849606e+00  5.80299594e+00 
 3.14421647e+07 -2.73604016e+00  5.71206579e+00 
 3.18044260e+07 -2.93361530e+00  5.62185172e+00 
 3.21708612e+07 -3.13122075e+00  5.53234300e+00 
 3.25415182e+07 -3.32885581e+00  5.44352898e+00 
 3.29164458e+07 -3.52651978e+00  5.35539905e+00 
 3.32956931e+07 -3.72421200e+00  5.26794266e+00 
 3.36793099e+07 -3.92193180e+00  5.18114932e+00 
 3.40673466e+07 -4.11967852e+00  5.09500859e+00 
 3.44598540e+07 -4.31745154e+00  5.00951009e+00 
 3.48568837e+07 -4.51525022e+00  4.92464349e+00 
 3.52584878e+07 -4.71307395e+00  4.84039851e+00 
 3.56647189e+07 -4.91092214e+00  4.75676494e+00 
 3.60756305e+07 -5.10879419e+00  4.67373260e+00 
 3.64912764e+07 -5.30668953e+00  4.59129138e+00 
 3.69117112e+07 -5.50460760e+00  4.50943121e+00 
 3.73369900e+07 -5.70254784e+00  4.42814208e+00 
 3.77671687e+07 -5.90050970e+00  4.34741404e+00 
 3.82023036e+07 -6.09849267e+00  4.26723717e+00 
 3.86424520e+07 -6.29649621e+00  4.18760161e+00 
 3.90876716e+07 -6.49451981e+00  4.10849755e+00 
 3.95380208e+07 -6.69256298e+00  4.02991524e+00 
 3.99935587e+07 -6.89062521e+00  3.95184495e+00 
 4.04543450e+07 -7.08870603e+00  3.87427703e+00 
 4.09204403e+07 -7.28680497e+00  3.79720185e+00 
 4.13919058e+07 -7.48492156e+00  3.72060985e+00 
 4.18688032e+07 -7.68305534e+00  3.64449150e+00 
 4.23511952e+07 -7.88120587e+00  3.56883733e+00 
 4.28391452e+07 -8.07937271e+00  3.49363789e+00 
 4.33327170e+07 -8.27755543e+00  3.41888380e+00 
 4.38319755e+07 -8.47575360e+00  3.34456571e+00 
 4.43369862e+07 -8.67396681e+00  3.27067431e+00 
 4.48478155e+07 -8.87219466e+00  3.19720034e+00 
 4.53645302e+07 -9.07043674e+00  3.12413459e+00 
 4.58871983e+07 -9.26869267e+00  3.05146786e+00 
 4.64158883e+07 -9.46696204e+00  2.97919103e+00 
 4.69506697e+07 -9.66524450e+00  2.90729497e+00 
 4.74916125e+07 -9.86353965e+00  2.83577064e+00 
 4.80387878e+07 -1.00618471e+01  2.76460901e+00 
 4.85922674e+07 -1.02601666e+01  2.69380107e+00 
 4.91521239e+07 -1.04584977e+01  2.62333789e+00 
 4.97184308e+07 -1.06568401e+01  2.55321054e+00 
 5.02912624e+07 -1.08551934e+01  2.48341013e+00 
 5.08706939e+07 -1.10535573e+01  2.41392782e+00 
 5.14568013e+07 -1.12519314e+01  2.34475479e+00 
 5.20496616e+07 -1.14503155e+01  2.27588224e+00 
 5.26493525e+07 -1.16487092e+01  2.20730143e+00 
 5.32559528e+07 -1.18471122e+01  2.13900362e+00 
 5.38695420e+07 -1.20455242e+01  2.07098013e+00 
 5.44902008e+07 -1.22439449e+01  2.00322227e+00 
 5.51180104e+07 -1.24423740e+01  1.93572143e+00 
 5.57530533e+07 -1.26408111e+01  1.86846897e+00 
 5.63954130e+07 -1.28392560e+01  1.80145632e+00 
 5.70451735e+07 -1.30377084e+01  1.73467491e+00 
 5.77024203e+07 -1.32361680e+01  1.66811621e+00 
 5.83672396e+07 -1.34346345e+01  1.60177170e+00 
 5.90397186e+07 -1.36331077e+01  1.53563289e+00 
 5.97199455e+07 -1.38315873e+01  1.46969130e+00 
 6.04080098e+07 -1.40300729e+01  1.40393850e+00 
 6.11040015e+07 -1.42285644e+01  1.33836606e+00 
 6.18080121e+07 -1.44270614e+01  1.27296556e+00 
 6.25201340e+07 -1.46255637e+01  1.20772861e+00 
 6.32404607e+07 -1.48240710e+01  1.14264684e+00 
 6.39690866e+07 -1.50225832e+01  1.07771189e+00 
 6.47061073e+07 -1.52210998e+01  1.01291542e+00 
 6.54516197e+07 -1.54196207e+01  9.48249105e-01 
 6.62057214e+07 -1.56181456e+01  8.83704629e-01 
 6.69685116e+07 -1.58166742e+01  8.19273693e-01 
 6.77400903e+07 -1.60152064e+01  7.54948008e-01 
 6.85205587e+07 -1.62137419e+01  6.90719298e-01 
 6.93100193e+07 -1.64122803e+01  6.26579296e-01 
 7.01085757e+07 -1.66108216e+01  5.62519745e-01 
 7.09163327e+07 -1.68093653e+01  4.98532396e-01 
 7.17333962e+07 -1.70079114e+01  4.34609007e-01 
 7.25598736e+07 -1.72064595e+01  3.70741345e-01 
 7.33958732e+07 -1.74050095e+01  3.06921181e-01 
 7.42415048e+07 -1.76035610e+01  2.43140290e-01 
 7.50968794e+07 -1.78021139e+01  1.79390453e-01 
 7.59621092e+07 -1.80006678e+01  1.15663453e-01 
 7.68373077e+07 -1.81992227e+01  5.19510759e-02 
 7.77225899e+07 -1.83977782e+01 -1.17548921e-02 
 7.86180718e+07 -1.85963341e+01 -7.54626639e-02 
 7.95238711e+07 -1.87948902e+01 -1.39180453e-01 
 8.04401065e+07 -1.89934462e+01 -2.02916474e-01 
 8.13668983e+07 -1.91920019e+01 -2.66678945e-01 
 8.23043682e+07 -1.93905570e+01 -3.30476086e-01 
 8.32526392e+07 -1.95891115e+01 -3.94316122e-01 
 8.42118357e+07 -1.97876649e+01 -4.58207282e-01 
 8.51820836e+07 -1.99862170e+01 -5.22157803e-01 
 8.61635102e+07 -2.01847677e+01 -5.86175927e-01 
 8.71562443e+07 -2.03833167e+01 -6.50269905e-01 
 8.81604162e+07 -2.05818638e+01 -7.14447995e-01 
 8.91761577e+07 -2.07804086e+01 -7.78718467e-01 
 9.02036021e+07 -2.09789511e+01 -8.43089600e-01 
 9.12428842e+07 -2.11774908e+01 -9.07569685e-01 
 9.22941404e+07 -2.13760277e+01 -9.72167024e-01 
 9.33575087e+07 -2.15745614e+01 -1.03688993e+00 
 9.44331286e+07 -2.17730917e+01 -1.10174675e+00 
 9.55211412e+07 -2.19716184e+01 -1.16674580e+00 
 9.66216894e+07 -2.21701411e+01 -1.23189547e+00 
 9.77349176e+07 -2.23686597e+01 -1.29720412e+00 
 9.88609719e+07 -2.25671740e+01 -1.36268016e+00 
 1.00000000e+08 -2.27656835e+01 -1.42833199e+00 
 1.01152151e+08 -2.29641882e+01 -1.49416806e+00 
 1.02317577e+08 -2.31626877e+01 -1.56019681e+00 
 1.03496431e+08 -2.33611817e+01 -1.62642672e+00 
 1.04688866e+08 -2.35596701e+01 -1.69286629e+00 
 1.05895041e+08 -2.37581524e+01 -1.75952405e+00 
 1.07115112e+08 -2.39566286e+01 -1.82640853e+00 
 1.08349240e+08 -2.41550982e+01 -1.89352830e+00 
 1.09597588e+08 -2.43535610e+01 -1.96089197e+00 
 1.10860318e+08 -2.45520168e+01 -2.02850815e+00 
 1.12137597e+08 -2.47504652e+01 -2.09638550e+00 
 1.13429592e+08 -2.49489059e+01 -2.16453270e+00 
 1.14736472e+08 -2.51473387e+01 -2.23295844e+00 
 1.16058410e+08 -2.53457633e+01 -2.30167148e+00 
 1.17395579e+08 -2.55441793e+01 -2.37068057e+00 
 1.18748154e+08 -2.57425865e+01 -2.43999452e+00 
 1.20116312e+08 -2.59409845e+01 -2.50962217e+00 
 1.21500234e+08 -2.61393730e+01 -2.57957237e+00 
 1.22900101e+08 -2.63377518e+01 -2.64985404e+00 
 1.24316096e+08 -2.65361204e+01 -2.72047611e+00 
 1.25748406e+08 -2.67344786e+01 -2.79144754e+00 
 1.27197218e+08 -2.69328261e+01 -2.86277736e+00 
 1.28662722e+08 -2.71311624e+01 -2.93447462e+00 
 1.30145112e+08 -2.73294872e+01 -3.00654838e+00 
 1.31644581e+08 -2.75278003e+01 -3.07900779e+00 
 1.33161325e+08 -2.77261011e+01 -3.15186201e+00 
 1.34695546e+08 -2.79243895e+01 -3.22512025e+00 
 1.36247442e+08 -2.81226649e+01 -3.29879175e+00 
 1.37817219e+08 -2.83209270e+01 -3.37288581e+00 
 1.39405082e+08 -2.85191755e+01 -3.44741176e+00 
 1.41011240e+08 -2.87174100e+01 -3.52237898e+00 
 1.42635903e+08 -2.89156299e+01 -3.59779691e+00 
 1.44279285e+08 -2.91138351e+01 -3.67367500e+00 
 1.45941600e+08 -2.93120249e+01 -3.75002278e+00 
 1.47623069e+08 -2.95101991e+01 -3.82684981e+00 
 1.49323910e+08 -2.97083572e+01 -3.90416570e+00 
 1.51044348e+08 -2.99064987e+01 -3.98198012e+00 
 1.52784607e+08 -3.01046232e+01 -4.06030277e+00 
 1.54544917e+08 -3.03027303e+01 -4.13914342e+00 
 1.56325509e+08 -3.05008195e+01 -4.21851188e+00 
 1.58126615e+08 -3.06988903e+01 -4.29841801e+00 
 1.59948473e+08 -3.08969423e+01 -4.37887173e+00 
 1.61791322e+08 -3.10949749e+01 -4.45988301e+00 
 1.63655403e+08 -3.12929877e+01 -4.54146187e+00 
 1.65540961e+08 -3.14909802e+01 -4.62361838e+00 
 1.67448244e+08 -3.16889518e+01 -4.70636268e+00 
 1.69377501e+08 -3.18869020e+01 -4.78970495e+00 
 1.71328986e+08 -3.20848303e+01 -4.87365545e+00 
 1.73302956e+08 -3.22827361e+01 -4.95822445e+00 
 1.75299668e+08 -3.24806189e+01 -5.04342234e+00 
 1.77319386e+08 -3.26784781e+01 -5.12925951e+00 
 1.79362374e+08 -3.28763131e+01 -5.21574643e+00 
 1.81428900e+08 -3.30741234e+01 -5.30289365e+00 
 1.83519236e+08 -3.32719082e+01 -5.39071175e+00 
 1.85633655e+08 -3.34696671e+01 -5.47921138e+00 
 1.87772436e+08 -3.36673993e+01 -5.56840325e+00 
 1.89935859e+08 -3.38651042e+01 -5.65829814e+00 
 1.92124208e+08 -3.40627812e+01 -5.74890686e+00 
 1.94337770e+08 -3.42604296e+01 -5.84024031e+00 
 1.96576835e+08 -3.44580487e+01 -5.93230945e+00 
 1.98841698e+08 -3.46556378e+01 -6.02512529e+00 
 2.01132655e+08 -3.48531962e+01 -6.11869892e+00 
 2.03450008e+08 -3.50507231e+01 -6.21304146e+00 
 2.05794060e+08 -3.52482179e+01 -6.30816412e+00 
 2.08165120e+08 -3.54456797e+01 -6.40407816e+00 
 2.10563497e+08 -3.56431079e+01 -6.50079492e+00 
 2.12989507e+08 -3.58405015e+01 -6.59832578e+00 
 2.15443469e+08 -3.60378598e+01 -6.69668220e+00 
 2.17925704e+08 -3.62351820e+01 -6.79587569e+00 
 2.20436538e+08 -3.64324673e+01 -6.89591784e+00 
 2.22976301e+08 -3.66297146e+01 -6.99682028e+00 
 2.25545326e+08 -3.68269233e+01 -7.09859473e+00 
 2.28143949e+08 -3.70240924e+01 -7.20125295e+00 
 2.30772513e+08 -3.72212210e+01 -7.30480677e+00 
 2.33431362e+08 -3.74183081e+01 -7.40926808e+00 
 2.36120845e+08 -3.76153528e+01 -7.51464885e+00 
 2.38841315e+08 -3.78123542e+01 -7.62096109e+00 
 2.41593128e+08 -3.80093112e+01 -7.72821688e+00 
 2.44376647e+08 -3.82062228e+01 -7.83642836e+00 
 2.47192236e+08 -3.84030880e+01 -7.94560774e+00 
 2.50040265e+08 -3.85999058e+01 -8.05576727e+00 
 2.52921107e+08 -3.87966750e+01 -8.16691927e+00 
 2.55835142e+08 -3.89933947e+01 -8.27907614e+00 
 2.58782750e+08 -3.91900635e+01 -8.39225031e+00 
 2.61764319e+08 -3.93866805e+01 -8.50645427e+00 
 2.64780240e+08 -3.95832444e+01 -8.62170058e+00 
 2.67830910e+08 -3.97797541e+01 -8.73800184e+00 
 2.70916727e+08 -3.99762083e+01 -8.85537073e+00 
 2.74038098e+08 -4.01726058e+01 -8.97381997e+00 
 2.77195432e+08 -4.03689453e+01 -9.09336232e+00 
 2.80389144e+08 -4.05652255e+01 -9.21401060e+00 
 2.83619651e+08 -4.07614452e+01 -9.33577770e+00 
 2.86887379e+08 -4.09576030e+01 -9.45867654e+00 
 2.90192756e+08 -4.11536975e+01 -9.58272008e+00 
 2.93536216e+08 -4.13497273e+01 -9.70792135e+00 
 2.96918198e+08 -4.15456909e+01 -9.83429341e+00 
 3.00339145e+08 -4.17415870e+01 -9.96184936e+00 
 3.03799507e+08 -4.19374141e+01 -1.00906024e+01 
 3.07299737e+08 -4.21331705e+01 -1.02205656e+01 
 3.10840296e+08 -4.23288549e+01 -1.03517523e+01 
 3.14421647e+08 -4.25244656e+01 -1.04841756e+01 
 3.18044260e+08 -4.27200009e+01 -1.06178490e+01 
 3.21708612e+08 -4.29154594e+01 -1.07527858e+01 
 3.25415182e+08 -4.31108392e+01 -1.08889992e+01 
 3.29164458e+08 -4.33061387e+01 -1.10265027e+01 
 3.32956931e+08 -4.35013562e+01 -1.11653096e+01 
 3.36793099e+08 -4.36964899e+01 -1.13054335e+01 
 3.40673466e+08 -4.38915380e+01 -1.14468877e+01 
 3.44598540e+08 -4.40864986e+01 -1.15896856e+01 
 3.48568837e+08 -4.42813699e+01 -1.17338409e+01 
 3.52584878e+08 -4.44761500e+01 -1.18793669e+01 
 3.56647189e+08 -4.46708368e+01 -1.20262771e+01 
 3.60756305e+08 -4.48654286e+01 -1.21745851e+01 
 3.64912764e+08 -4.50599231e+01 -1.23243043e+01 
 3.69117112e+08 -4.52543184e+01 -1.24754482e+01 
 3.73369900e+08 -4.54486123e+01 -1.26280303e+01 
 3.77671687e+08 -4.56428028e+01 -1.27820640e+01 
 3.82023036e+08 -4.58368876e+01 -1.29375627e+01 
 3.86424520e+08 -4.60308646e+01 -1.30945400e+01 
 3.90876716e+08 -4.62247314e+01 -1.32530092e+01 
 3.95380208e+08 -4.64184858e+01 -1.34129837e+01 
 3.99935587e+08 -4.66121255e+01 -1.35744768e+01 
 4.04543450e+08 -4.68056480e+01 -1.37375018e+01 
 4.09204403e+08 -4.69990510e+01 -1.39020720e+01 
 4.13919058e+08 -4.71923319e+01 -1.40682005e+01 
 4.18688032e+08 -4.73854883e+01 -1.42359006e+01 
 4.23511952e+08 -4.75785176e+01 -1.44051852e+01 
 4.28391452e+08 -4.77714172e+01 -1.45760675e+01 
 4.33327170e+08 -4.79641845e+01 -1.47485603e+01 
 4.38319755e+08 -4.81568168e+01 -1.49226765e+01 
 4.43369862e+08 -4.83493113e+01 -1.50984290e+01 
 4.48478155e+08 -4.85416653e+01 -1.52758303e+01 
 4.53645302e+08 -4.87338759e+01 -1.54548932e+01 
 4.58871983e+08 -4.89259403e+01 -1.56356300e+01 
 4.64158883e+08 -4.91178555e+01 -1.58180532e+01 
 4.69506697e+08 -4.93096186e+01 -1.60021750e+01 
 4.74916125e+08 -4.95012266e+01 -1.61880076e+01 
 4.80387878e+08 -4.96926763e+01 -1.63755630e+01 
 4.85922674e+08 -4.98839647e+01 -1.65648530e+01 
 4.91521239e+08 -5.00750887e+01 -1.67558893e+01 
 4.97184308e+08 -5.02660449e+01 -1.69486834e+01 
 5.02912624e+08 -5.04568302e+01 -1.71432469e+01 
 5.08706939e+08 -5.06474413e+01 -1.73395908e+01 
 5.14568013e+08 -5.08378747e+01 -1.75377263e+01 
 5.20496616e+08 -5.10281271e+01 -1.77376641e+01 
 5.26493525e+08 -5.12181950e+01 -1.79394149e+01 
 5.32559528e+08 -5.14080748e+01 -1.81429892e+01 
 5.38695420e+08 -5.15977631e+01 -1.83483970e+01 
 5.44902008e+08 -5.17872563e+01 -1.85556485e+01 
 5.51180104e+08 -5.19765506e+01 -1.87647534e+01 
 5.57530533e+08 -5.21656424e+01 -1.89757211e+01 
 5.63954130e+08 -5.23545278e+01 -1.91885610e+01 
 5.70451735e+08 -5.25432032e+01 -1.94032819e+01 
 5.77024203e+08 -5.27316645e+01 -1.96198926e+01 
 5.83672396e+08 -5.29199080e+01 -1.98384015e+01 
 5.90397186e+08 -5.31079297e+01 -2.00588166e+01 
 5.97199455e+08 -5.32957255e+01 -2.02811458e+01 
 6.04080098e+08 -5.34832914e+01 -2.05053966e+01 
 6.11040015e+08 -5.36706234e+01 -2.07315761e+01 
 6.18080121e+08 -5.38577171e+01 -2.09596911e+01 
 6.25201340e+08 -5.40445685e+01 -2.11897480e+01 
 6.32404607e+08 -5.42311734e+01 -2.14217529e+01 
 6.39690866e+08 -5.44175273e+01 -2.16557115e+01 
 6.47061073e+08 -5.46036261e+01 -2.18916292e+01 
 6.54516197e+08 -5.47894652e+01 -2.21295108e+01 
 6.62057214e+08 -5.49750403e+01 -2.23693608e+01 
 6.69685116e+08 -5.51603470e+01 -2.26111834e+01 
 6.77400903e+08 -5.53453806e+01 -2.28549821e+01 
 6.85205587e+08 -5.55301367e+01 -2.31007602e+01 
 6.93100193e+08 -5.57146107e+01 -2.33485204e+01 
 7.01085757e+08 -5.58987979e+01 -2.35982649e+01 
 7.09163327e+08 -5.60826937e+01 -2.38499955e+01 
 7.17333962e+08 -5.62662934e+01 -2.41037136e+01 
 7.25598736e+08 -5.64495923e+01 -2.43594199e+01 
 7.33958732e+08 -5.66325855e+01 -2.46171146e+01 
 7.42415048e+08 -5.68152683e+01 -2.48767975e+01 
 7.50968794e+08 -5.69976358e+01 -2.51384679e+01 
 7.59621092e+08 -5.71796833e+01 -2.54021243e+01 
 7.68373077e+08 -5.73614057e+01 -2.56677648e+01 
 7.77225899e+08 -5.75427982e+01 -2.59353869e+01 
 7.86180718e+08 -5.77238558e+01 -2.62049877e+01 
 7.95238711e+08 -5.79045737e+01 -2.64765633e+01 
 8.04401065e+08 -5.80849467e+01 -2.67501095e+01 
 8.13668983e+08 -5.82649699e+01 -2.70256214e+01 
 8.23043682e+08 -5.84446384e+01 -2.73030936e+01 
 8.32526392e+08 -5.86239470e+01 -2.75825198e+01 
 8.42118357e+08 -5.88028908e+01 -2.78638933e+01 
 8.51820836e+08 -5.89814646e+01 -2.81472066e+01 
 8.61635102e+08 -5.91596635e+01 -2.84324516e+01 
 8.71562443e+08 -5.93374824e+01 -2.87196196e+01 
 8.81604162e+08 -5.95149161e+01 -2.90087011e+01 
 8.91761577e+08 -5.96919598e+01 -2.92996859e+01 
 9.02036021e+08 -5.98686083e+01 -2.95925632e+01 
 9.12428842e+08 -6.00448565e+01 -2.98873216e+01 
 9.22941404e+08 -6.02206995e+01 -3.01839487e+01 
 9.33575087e+08 -6.03961322e+01 -3.04824317e+01 
 9.44331286e+08 -6.05711496e+01 -3.07827569e+01 
 9.55211412e+08 -6.07457467e+01 -3.10849099e+01 
 9.66216894e+08 -6.09199186e+01 -3.13888756e+01 
 9.77349176e+08 -6.10936603e+01 -3.16946383e+01 
 9.88609719e+08 -6.12669669e+01 -3.20021814e+01 
 1.00000000e+09 -6.14398334e+01 -3.23114876e+01 
