 frequency       AmagdB          Aphdeg         
 1.00000000e+00  9.65209215e+01  1.75993537e+02 
 1.01152151e+00  9.65204302e+01  1.75947529e+02 
 1.02317577e+00  9.65199275e+01  1.75900997e+02 
 1.03496431e+00  9.65194133e+01  1.75853934e+02 
 1.04688866e+00  9.65188872e+01  1.75806334e+02 
 1.05895041e+00  9.65183490e+01  1.75758192e+02 
 1.07115112e+00  9.65177984e+01  1.75709502e+02 
 1.08349240e+00  9.65172351e+01  1.75660256e+02 
 1.09597588e+00  9.65166589e+01  1.75610450e+02 
 1.10860318e+00  9.65160693e+01  1.75560077e+02 
 1.12137597e+00  9.65154662e+01  1.75509131e+02 
 1.13429592e+00  9.65148492e+01  1.75457604e+02 
 1.14736472e+00  9.65142179e+01  1.75405492e+02 
 1.16058410e+00  9.65135722e+01  1.75352787e+02 
 1.17395579e+00  9.65129115e+01  1.75299482e+02 
 1.18748154e+00  9.65122357e+01  1.75245572e+02 
 1.20116312e+00  9.65115443e+01  1.75191049e+02 
 1.21500234e+00  9.65108370e+01  1.75135907e+02 
 1.22900101e+00  9.65101134e+01  1.75080139e+02 
 1.24316096e+00  9.65093732e+01  1.75023738e+02 
 1.25748406e+00  9.65086159e+01  1.74966696e+02 
 1.27197218e+00  9.65078413e+01  1.74909008e+02 
 1.28662722e+00  9.65070488e+01  1.74850666e+02 
 1.30145112e+00  9.65062381e+01  1.74791662e+02 
 1.31644581e+00  9.65054088e+01  1.74731990e+02 
 1.33161325e+00  9.65045604e+01  1.74671642e+02 
 1.34695546e+00  9.65036926e+01  1.74610610e+02 
 1.36247442e+00  9.65028048e+01  1.74548888e+02 
 1.37817219e+00  9.65018966e+01  1.74486468e+02 
 1.39405082e+00  9.65009676e+01  1.74423342e+02 
 1.41011240e+00  9.65000172e+01  1.74359502e+02 
 1.42635903e+00  9.64990450e+01  1.74294942e+02 
 1.44279285e+00  9.64980505e+01  1.74229652e+02 
 1.45941600e+00  9.64970333e+01  1.74163625e+02 
 1.47623069e+00  9.64959926e+01  1.74096853e+02 
 1.49323910e+00  9.64949282e+01  1.74029329e+02 
 1.51044348e+00  9.64938393e+01  1.73961043e+02 
 1.52784607e+00  9.64927254e+01  1.73891988e+02 
 1.54544917e+00  9.64915861e+01  1.73822155e+02 
 1.56325509e+00  9.64904206e+01  1.73751537e+02 
 1.58126615e+00  9.64892285e+01  1.73680125e+02 
 1.59948473e+00  9.64880091e+01  1.73607909e+02 
 1.61791322e+00  9.64867618e+01  1.73534883e+02 
 1.63655403e+00  9.64854859e+01  1.73461036e+02 
 1.65540961e+00  9.64841808e+01  1.73386361e+02 
 1.67448244e+00  9.64828460e+01  1.73310849e+02 
 1.69377501e+00  9.64814805e+01  1.73234490e+02 
 1.71328986e+00  9.64800839e+01  1.73157276e+02 
 1.73302956e+00  9.64786554e+01  1.73079198e+02 
 1.75299668e+00  9.64771943e+01  1.73000246e+02 
 1.77319386e+00  9.64756998e+01  1.72920412e+02 
 1.79362374e+00  9.64741713e+01  1.72839686e+02 
 1.81428900e+00  9.64726078e+01  1.72758060e+02 
 1.83519236e+00  9.64710087e+01  1.72675522e+02 
 1.85633655e+00  9.64693731e+01  1.72592065e+02 
 1.87772436e+00  9.64677003e+01  1.72507679e+02 
 1.89935859e+00  9.64659894e+01  1.72422353e+02 
 1.92124208e+00  9.64642395e+01  1.72336079e+02 
 1.94337770e+00  9.64624498e+01  1.72248847e+02 
 1.96576835e+00  9.64606194e+01  1.72160646e+02 
 1.98841698e+00  9.64587474e+01  1.72071467e+02 
 2.01132655e+00  9.64568328e+01  1.71981300e+02 
 2.03450008e+00  9.64548747e+01  1.71890134e+02 
 2.05794060e+00  9.64528721e+01  1.71797960e+02 
 2.08165120e+00  9.64508241e+01  1.71704768e+02 
 2.10563497e+00  9.64487296e+01  1.71610547e+02 
 2.12989507e+00  9.64465876e+01  1.71515287e+02 
 2.15443469e+00  9.64443971e+01  1.71418977e+02 
 2.17925704e+00  9.64421570e+01  1.71321608e+02 
 2.20436538e+00  9.64398661e+01  1.71223167e+02 
 2.22976301e+00  9.64375234e+01  1.71123646e+02 
 2.25545326e+00  9.64351277e+01  1.71023033e+02 
 2.28143949e+00  9.64326778e+01  1.70921318e+02 
 2.30772513e+00  9.64301726e+01  1.70818490e+02 
 2.33431362e+00  9.64276108e+01  1.70714537e+02 
 2.36120845e+00  9.64249913e+01  1.70609449e+02 
 2.38841315e+00  9.64223126e+01  1.70503216e+02 
 2.41593128e+00  9.64195736e+01  1.70395825e+02 
 2.44376647e+00  9.64167729e+01  1.70287266e+02 
 2.47192236e+00  9.64139091e+01  1.70177529e+02 
 2.50040265e+00  9.64109809e+01  1.70066600e+02 
 2.52921107e+00  9.64079869e+01  1.69954471e+02 
 2.55835142e+00  9.64049257e+01  1.69841128e+02 
 2.58782750e+00  9.64017957e+01  1.69726561e+02 
 2.61764319e+00  9.63985956e+01  1.69610759e+02 
 2.64780240e+00  9.63953237e+01  1.69493710e+02 
 2.67830910e+00  9.63919785e+01  1.69375402e+02 
 2.70916727e+00  9.63885584e+01  1.69255824e+02 
 2.74038098e+00  9.63850619e+01  1.69134965e+02 
 2.77195432e+00  9.63814873e+01  1.69012813e+02 
 2.80389144e+00  9.63778329e+01  1.68889356e+02 
 2.83619651e+00  9.63740969e+01  1.68764583e+02 
 2.86887379e+00  9.63702777e+01  1.68638483e+02 
 2.90192756e+00  9.63663734e+01  1.68511042e+02 
 2.93536216e+00  9.63623823e+01  1.68382251e+02 
 2.96918198e+00  9.63583025e+01  1.68252097e+02 
 3.00339145e+00  9.63541321e+01  1.68120568e+02 
 3.03799507e+00  9.63498692e+01  1.67987653e+02 
 3.07299737e+00  9.63455118e+01  1.67853339e+02 
 3.10840296e+00  9.63410579e+01  1.67717616e+02 
 3.14421647e+00  9.63365056e+01  1.67580472e+02 
 3.18044260e+00  9.63318527e+01  1.67441894e+02 
 3.21708612e+00  9.63270971e+01  1.67301872e+02 
 3.25415182e+00  9.63222366e+01  1.67160393e+02 
 3.29164458e+00  9.63172692e+01  1.67017445e+02 
 3.32956931e+00  9.63121925e+01  1.66873018e+02 
 3.36793099e+00  9.63070043e+01  1.66727100e+02 
 3.40673466e+00  9.63017022e+01  1.66579678e+02 
 3.44598540e+00  9.62962840e+01  1.66430742e+02 
 3.48568837e+00  9.62907471e+01  1.66280279e+02 
 3.52584878e+00  9.62850893e+01  1.66128280e+02 
 3.56647189e+00  9.62793079e+01  1.65974731e+02 
 3.60756305e+00  9.62734005e+01  1.65819622e+02 
 3.64912764e+00  9.62673645e+01  1.65662941e+02 
 3.69117112e+00  9.62611973e+01  1.65504678e+02 
 3.73369900e+00  9.62548962e+01  1.65344821e+02 
 3.77671687e+00  9.62484586e+01  1.65183359e+02 
 3.82023036e+00  9.62418815e+01  1.65020281e+02 
 3.86424520e+00  9.62351624e+01  1.64855577e+02 
 3.90876716e+00  9.62282983e+01  1.64689235e+02 
 3.95380208e+00  9.62212863e+01  1.64521246e+02 
 3.99935587e+00  9.62141235e+01  1.64351598e+02 
 4.04543450e+00  9.62068069e+01  1.64180281e+02 
 4.09204403e+00  9.61993334e+01  1.64007286e+02 
 4.13919058e+00  9.61917001e+01  1.63832601e+02 
 4.18688032e+00  9.61839037e+01  1.63656217e+02 
 4.23511952e+00  9.61759411e+01  1.63478124e+02 
 4.28391452e+00  9.61678090e+01  1.63298313e+02 
 4.33327170e+00  9.61595042e+01  1.63116774e+02 
 4.38319755e+00  9.61510233e+01  1.62933498e+02 
 4.43369862e+00  9.61423630e+01  1.62748476e+02 
 4.48478155e+00  9.61335198e+01  1.62561699e+02 
 4.53645302e+00  9.61244902e+01  1.62373158e+02 
 4.58871983e+00  9.61152708e+01  1.62182846e+02 
 4.64158883e+00  9.61058580e+01  1.61990753e+02 
 4.69506697e+00  9.60962480e+01  1.61796871e+02 
 4.74916125e+00  9.60864373e+01  1.61601195e+02 
 4.80387878e+00  9.60764221e+01  1.61403714e+02 
 4.85922674e+00  9.60661986e+01  1.61204424e+02 
 4.91521239e+00  9.60557631e+01  1.61003316e+02 
 4.97184308e+00  9.60451116e+01  1.60800384e+02 
 5.02912624e+00  9.60342402e+01  1.60595623e+02 
 5.08706939e+00  9.60231449e+01  1.60389025e+02 
 5.14568013e+00  9.60118218e+01  1.60180586e+02 
 5.20496616e+00  9.60002667e+01  1.59970299e+02 
 5.26493525e+00  9.59884756e+01  1.59758161e+02 
 5.32559528e+00  9.59764443e+01  1.59544167e+02 
 5.38695420e+00  9.59641685e+01  1.59328311e+02 
 5.44902008e+00  9.59516440e+01  1.59110591e+02 
 5.51180104e+00  9.59388665e+01  1.58891004e+02 
 5.57530533e+00  9.59258317e+01  1.58669545e+02 
 5.63954130e+00  9.59125352e+01  1.58446213e+02 
 5.70451735e+00  9.58989725e+01  1.58221005e+02 
 5.77024203e+00  9.58851392e+01  1.57993920e+02 
 5.83672396e+00  9.58710307e+01  1.57764957e+02 
 5.90397186e+00  9.58566426e+01  1.57534113e+02 
 5.97199455e+00  9.58419702e+01  1.57301391e+02 
 6.04080098e+00  9.58270088e+01  1.57066788e+02 
 6.11040015e+00  9.58117539e+01  1.56830307e+02 
 6.18080121e+00  9.57962007e+01  1.56591947e+02 
 6.25201340e+00  9.57803445e+01  1.56351712e+02 
 6.32404607e+00  9.57641805e+01  1.56109603e+02 
 6.39690866e+00  9.57477040e+01  1.55865624e+02 
 6.47061073e+00  9.57309100e+01  1.55619776e+02 
 6.54516197e+00  9.57137938e+01  1.55372065e+02 
 6.62057214e+00  9.56963504e+01  1.55122496e+02 
 6.69685116e+00  9.56785750e+01  1.54871072e+02 
 6.77400903e+00  9.56604626e+01  1.54617800e+02 
 6.85205587e+00  9.56420083e+01  1.54362686e+02 
 6.93100193e+00  9.56232071e+01  1.54105737e+02 
 7.01085757e+00  9.56040541e+01  1.53846961e+02 
 7.09163327e+00  9.55845442e+01  1.53586366e+02 
 7.17333962e+00  9.55646725e+01  1.53323961e+02 
 7.25598736e+00  9.55444339e+01  1.53059755e+02 
 7.33958732e+00  9.55238234e+01  1.52793759e+02 
 7.42415048e+00  9.55028360e+01  1.52525985e+02 
 7.50968794e+00  9.54814666e+01  1.52256442e+02 
 7.59621092e+00  9.54597103e+01  1.51985144e+02 
 7.68373077e+00  9.54375621e+01  1.51712104e+02 
 7.77225899e+00  9.54150168e+01  1.51437336e+02 
 7.86180718e+00  9.53920695e+01  1.51160854e+02 
 7.95238711e+00  9.53687152e+01  1.50882673e+02 
 8.04401065e+00  9.53449490e+01  1.50602810e+02 
 8.13668983e+00  9.53207658e+01  1.50321280e+02 
 8.23043682e+00  9.52961608e+01  1.50038102e+02 
 8.32526392e+00  9.52711290e+01  1.49753293e+02 
 8.42118357e+00  9.52456655e+01  1.49466873e+02 
 8.51820836e+00  9.52197655e+01  1.49178861e+02 
 8.61635102e+00  9.51934241e+01  1.48889277e+02 
 8.71562443e+00  9.51666366e+01  1.48598143e+02 
 8.81604162e+00  9.51393983e+01  1.48305481e+02 
 8.91761577e+00  9.51117044e+01  1.48011313e+02 
 9.02036021e+00  9.50835502e+01  1.47715663e+02 
 9.12428842e+00  9.50549313e+01  1.47418555e+02 
 9.22941404e+00  9.50258429e+01  1.47120014e+02 
 9.33575087e+00  9.49962808e+01  1.46820065e+02 
 9.44331286e+00  9.49662403e+01  1.46518735e+02 
 9.55211412e+00  9.49357172e+01  1.46216052e+02 
 9.66216894e+00  9.49047072e+01  1.45912042e+02 
 9.77349176e+00  9.48732060e+01  1.45606735e+02 
 9.88609719e+00  9.48412096e+01  1.45300159e+02 
 1.00000000e+01  9.48087137e+01  1.44992345e+02 
 1.01152151e+01  9.47757145e+01  1.44683324e+02 
 1.02317577e+01  9.47422081e+01  1.44373126e+02 
 1.03496431e+01  9.47081906e+01  1.44061784e+02 
 1.04688866e+01  9.46736584e+01  1.43749330e+02 
 1.05895041e+01  9.46386078e+01  1.43435799e+02 
 1.07115112e+01  9.46030352e+01  1.43121223e+02 
 1.08349240e+01  9.45669373e+01  1.42805637e+02 
 1.09597588e+01  9.45303108e+01  1.42489077e+02 
 1.10860318e+01  9.44931525e+01  1.42171578e+02 
 1.12137597e+01  9.44554591e+01  1.41853177e+02 
 1.13429592e+01  9.44172279e+01  1.41533910e+02 
 1.14736472e+01  9.43784559e+01  1.41213815e+02 
 1.16058410e+01  9.43391404e+01  1.40892930e+02 
 1.17395579e+01  9.42992787e+01  1.40571293e+02 
 1.18748154e+01  9.42588684e+01  1.40248943e+02 
 1.20116312e+01  9.42179071e+01  1.39925919e+02 
 1.21500234e+01  9.41763926e+01  1.39602262e+02 
 1.22900101e+01  9.41343227e+01  1.39278010e+02 
 1.24316096e+01  9.40916956e+01  1.38953206e+02 
 1.25748406e+01  9.40485093e+01  1.38627889e+02 
 1.27197218e+01  9.40047622e+01  1.38302100e+02 
 1.28662722e+01  9.39604527e+01  1.37975882e+02 
 1.30145112e+01  9.39155794e+01  1.37649277e+02 
 1.31644581e+01  9.38701410e+01  1.37322325e+02 
 1.33161325e+01  9.38241365e+01  1.36995070e+02 
 1.34695546e+01  9.37775648e+01  1.36667553e+02 
 1.36247442e+01  9.37304251e+01  1.36339818e+02 
 1.37817219e+01  9.36827168e+01  1.36011907e+02 
 1.39405082e+01  9.36344392e+01  1.35683864e+02 
 1.41011240e+01  9.35855921e+01  1.35355730e+02 
 1.42635903e+01  9.35361751e+01  1.35027550e+02 
 1.44279285e+01  9.34861882e+01  1.34699365e+02 
 1.45941600e+01  9.34356314e+01  1.34371220e+02 
 1.47623069e+01  9.33845050e+01  1.34043158e+02 
 1.49323910e+01  9.33328093e+01  1.33715220e+02 
 1.51044348e+01  9.32805448e+01  1.33387451e+02 
 1.52784607e+01  9.32277122e+01  1.33059892e+02 
 1.54544917e+01  9.31743123e+01  1.32732587e+02 
 1.56325509e+01  9.31203461e+01  1.32405578e+02 
 1.58126615e+01  9.30658145e+01  1.32078908e+02 
 1.59948473e+01  9.30107190e+01  1.31752618e+02 
 1.61791322e+01  9.29550608e+01  1.31426750e+02 
 1.63655403e+01  9.28988415e+01  1.31101346e+02 
 1.65540961e+01  9.28420628e+01  1.30776447e+02 
 1.67448244e+01  9.27847265e+01  1.30452094e+02 
 1.69377501e+01  9.27268344e+01  1.30128327e+02 
 1.71328986e+01  9.26683888e+01  1.29805188e+02 
 1.73302956e+01  9.26093918e+01  1.29482715e+02 
 1.75299668e+01  9.25498457e+01  1.29160948e+02 
 1.77319386e+01  9.24897530e+01  1.28839926e+02 
 1.79362374e+01  9.24291164e+01  1.28519687e+02 
 1.81428900e+01  9.23679385e+01  1.28200269e+02 
 1.83519236e+01  9.23062221e+01  1.27881711e+02 
 1.85633655e+01  9.22439703e+01  1.27564048e+02 
 1.87772436e+01  9.21811861e+01  1.27247318e+02 
 1.89935859e+01  9.21178728e+01  1.26931556e+02 
 1.92124208e+01  9.20540335e+01  1.26616797e+02 
 1.94337770e+01  9.19896717e+01  1.26303077e+02 
 1.96576835e+01  9.19247908e+01  1.25990428e+02 
 1.98841698e+01  9.18593946e+01  1.25678885e+02 
 2.01132655e+01  9.17934867e+01  1.25368480e+02 
 2.03450008e+01  9.17270709e+01  1.25059246e+02 
 2.05794060e+01  9.16601510e+01  1.24751214e+02 
 2.08165120e+01  9.15927311e+01  1.24444415e+02 
 2.10563497e+01  9.15248152e+01  1.24138879e+02 
 2.12989507e+01  9.14564074e+01  1.23834634e+02 
 2.15443469e+01  9.13875119e+01  1.23531711e+02 
 2.17925704e+01  9.13181331e+01  1.23230137e+02 
 2.20436538e+01  9.12482752e+01  1.22929939e+02 
 2.22976301e+01  9.11779427e+01  1.22631144e+02 
 2.25545326e+01  9.11071400e+01  1.22333777e+02 
 2.28143949e+01  9.10358718e+01  1.22037864e+02 
 2.30772513e+01  9.09641425e+01  1.21743428e+02 
 2.33431362e+01  9.08919568e+01  1.21450494e+02 
 2.36120845e+01  9.08193195e+01  1.21159085e+02 
 2.38841315e+01  9.07462352e+01  1.20869221e+02 
 2.41593128e+01  9.06727087e+01  1.20580925e+02 
 2.44376647e+01  9.05987449e+01  1.20294217e+02 
 2.47192236e+01  9.05243486e+01  1.20009118e+02 
 2.50040265e+01  9.04495246e+01  1.19725645e+02 
 2.52921107e+01  9.03742779e+01  1.19443817e+02 
 2.55835142e+01  9.02986135e+01  1.19163652e+02 
 2.58782750e+01  9.02225361e+01  1.18885167e+02 
 2.61764319e+01  9.01460510e+01  1.18608378e+02 
 2.64780240e+01  9.00691630e+01  1.18333299e+02 
 2.67830910e+01  8.99918771e+01  1.18059947e+02 
 2.70916727e+01  8.99141983e+01  1.17788334e+02 
 2.74038098e+01  8.98361318e+01  1.17518473e+02 
 2.77195432e+01  8.97576824e+01  1.17250378e+02 
 2.80389144e+01  8.96788552e+01  1.16984060e+02 
 2.83619651e+01  8.95996553e+01  1.16719530e+02 
 2.86887379e+01  8.95200877e+01  1.16456798e+02 
 2.90192756e+01  8.94401573e+01  1.16195875e+02 
 2.93536216e+01  8.93598693e+01  1.15936768e+02 
 2.96918198e+01  8.92792285e+01  1.15679488e+02 
 3.00339145e+01  8.91982399e+01  1.15424040e+02 
 3.03799507e+01  8.91169086e+01  1.15170433e+02 
 3.07299737e+01  8.90352395e+01  1.14918673e+02 
 3.10840296e+01  8.89532375e+01  1.14668766e+02 
 3.14421647e+01  8.88709075e+01  1.14420716e+02 
 3.18044260e+01  8.87882544e+01  1.14174529e+02 
 3.21708612e+01  8.87052830e+01  1.13930209e+02 
 3.25415182e+01  8.86219982e+01  1.13687759e+02 
 3.29164458e+01  8.85384049e+01  1.13447181e+02 
 3.32956931e+01  8.84545077e+01  1.13208479e+02 
 3.36793099e+01  8.83703113e+01  1.12971655e+02 
 3.40673466e+01  8.82858206e+01  1.12736708e+02 
 3.44598540e+01  8.82010402e+01  1.12503641e+02 
 3.48568837e+01  8.81159747e+01  1.12272453e+02 
 3.52584878e+01  8.80306287e+01  1.12043145e+02 
 3.56647189e+01  8.79450068e+01  1.11815715e+02 
 3.60756305e+01  8.78591135e+01  1.11590162e+02 
 3.64912764e+01  8.77729533e+01  1.11366485e+02 
 3.69117112e+01  8.76865306e+01  1.11144681e+02 
 3.73369900e+01  8.75998498e+01  1.10924749e+02 
 3.77671687e+01  8.75129152e+01  1.10706685e+02 
 3.82023036e+01  8.74257313e+01  1.10490485e+02 
 3.86424520e+01  8.73383021e+01  1.10276147e+02 
 3.90876716e+01  8.72506320e+01  1.10063665e+02 
 3.95380208e+01  8.71627251e+01  1.09853036e+02 
 3.99935587e+01  8.70745856e+01  1.09644254e+02 
 4.04543450e+01  8.69862175e+01  1.09437314e+02 
 4.09204403e+01  8.68976249e+01  1.09232211e+02 
 4.13919058e+01  8.68088116e+01  1.09028939e+02 
 4.18688032e+01  8.67197818e+01  1.08827491e+02 
 4.23511952e+01  8.66305392e+01  1.08627862e+02 
 4.28391452e+01  8.65410876e+01  1.08430044e+02 
 4.33327170e+01  8.64514310e+01  1.08234029e+02 
 4.38319755e+01  8.63615729e+01  1.08039812e+02 
 4.43369862e+01  8.62715171e+01  1.07847384e+02 
 4.48478155e+01  8.61812673e+01  1.07656737e+02 
 4.53645302e+01  8.60908269e+01  1.07467863e+02 
 4.58871983e+01  8.60001996e+01  1.07280753e+02 
 4.64158883e+01  8.59093888e+01  1.07095400e+02 
 4.69506697e+01  8.58183980e+01  1.06911794e+02 
 4.74916125e+01  8.57272306e+01  1.06729926e+02 
 4.80387878e+01  8.56358898e+01  1.06549788e+02 
 4.85922674e+01  8.55443790e+01  1.06371369e+02 
 4.91521239e+01  8.54527015e+01  1.06194660e+02 
 4.97184308e+01  8.53608603e+01  1.06019651e+02 
 5.02912624e+01  8.52688587e+01  1.05846333e+02 
 5.08706939e+01  8.51766997e+01  1.05674696e+02 
 5.14568013e+01  8.50843864e+01  1.05504728e+02 
 5.20496616e+01  8.49919218e+01  1.05336420e+02 
 5.26493525e+01  8.48993088e+01  1.05169761e+02 
 5.32559528e+01  8.48065504e+01  1.05004742e+02 
 5.38695420e+01  8.47136493e+01  1.04841350e+02 
 5.44902008e+01  8.46206084e+01  1.04679575e+02 
 5.51180104e+01  8.45274304e+01  1.04519407e+02 
 5.57530533e+01  8.44341181e+01  1.04360834e+02 
 5.63954130e+01  8.43406741e+01  1.04203845e+02 
 5.70451735e+01  8.42471011e+01  1.04048429e+02 
 5.77024203e+01  8.41534016e+01  1.03894575e+02 
 5.83672396e+01  8.40595781e+01  1.03742271e+02 
 5.90397186e+01  8.39656332e+01  1.03591507e+02 
 5.97199455e+01  8.38715693e+01  1.03442269e+02 
 6.04080098e+01  8.37773888e+01  1.03294548e+02 
 6.11040015e+01  8.36830941e+01  1.03148332e+02 
 6.18080121e+01  8.35886874e+01  1.03003609e+02 
 6.25201340e+01  8.34941711e+01  1.02860366e+02 
 6.32404607e+01  8.33995474e+01  1.02718594e+02 
 6.39690866e+01  8.33048185e+01  1.02578280e+02 
 6.47061073e+01  8.32099866e+01  1.02439412e+02 
 6.54516197e+01  8.31150537e+01  1.02301979e+02 
 6.62057214e+01  8.30200219e+01  1.02165968e+02 
 6.69685116e+01  8.29248934e+01  1.02031369e+02 
 6.77400903e+01  8.28296700e+01  1.01898170e+02 
 6.85205587e+01  8.27343538e+01  1.01766358e+02 
 6.93100193e+01  8.26389467e+01  1.01635922e+02 
 7.01085757e+01  8.25434505e+01  1.01506851e+02 
 7.09163327e+01  8.24478672e+01  1.01379132e+02 
 7.17333962e+01  8.23521985e+01  1.01252755e+02 
 7.25598736e+01  8.22564462e+01  1.01127706e+02 
 7.33958732e+01  8.21606121e+01  1.01003975e+02 
 7.42415048e+01  8.20646980e+01  1.00881550e+02 
 7.50968794e+01  8.19687054e+01  1.00760420e+02 
 7.59621092e+01  8.18726361e+01  1.00640572e+02 
 7.68373077e+01  8.17764916e+01  1.00521996e+02 
 7.77225899e+01  8.16802736e+01  1.00404680e+02 
 7.86180718e+01  8.15839835e+01  1.00288612e+02 
 7.95238711e+01  8.14876231e+01  1.00173780e+02 
 8.04401065e+01  8.13911936e+01  1.00060175e+02 
 8.13668983e+01  8.12946966e+01  9.99477832e+01 
 8.23043682e+01  8.11981336e+01  9.98365945e+01 
 8.32526392e+01  8.11015059e+01  9.97265975e+01 
 8.42118357e+01  8.10048150e+01  9.96177810e+01 
 8.51820836e+01  8.09080621e+01  9.95101337e+01 
 8.61635102e+01  8.08112486e+01  9.94036447e+01 
 8.71562443e+01  8.07143758e+01  9.92983028e+01 
 8.81604162e+01  8.06174450e+01  9.91940971e+01 
 8.91761577e+01  8.05204574e+01  9.90910167e+01 
 9.02036021e+01  8.04234143e+01  9.89890507e+01 
 9.12428842e+01  8.03263168e+01  9.88881883e+01 
 9.22941404e+01  8.02291661e+01  9.87884187e+01 
 9.33575087e+01  8.01319634e+01  9.86897313e+01 
 9.44331286e+01  8.00347097e+01  9.85921156e+01 
 9.55211412e+01  7.99374063e+01  9.84955608e+01 
 9.66216894e+01  7.98400541e+01  9.84000566e+01 
 9.77349176e+01  7.97426542e+01  9.83055925e+01 
 9.88609719e+01  7.96452077e+01  9.82121582e+01 
 1.00000000e+02  7.95477156e+01  9.81197434e+01 
 1.01152151e+02  7.94501788e+01  9.80283379e+01 
 1.02317577e+02  7.93525984e+01  9.79379315e+01 
 1.03496431e+02  7.92549752e+01  9.78485143e+01 
 1.04688866e+02  7.91573103e+01  9.77600761e+01 
 1.05895041e+02  7.90596045e+01  9.76726071e+01 
 1.07115112e+02  7.89618587e+01  9.75860975e+01 
 1.08349240e+02  7.88640738e+01  9.75005373e+01 
 1.09597588e+02  7.87662507e+01  9.74159170e+01 
 1.10860318e+02  7.86683901e+01  9.73322269e+01 
 1.12137597e+02  7.85704930e+01  9.72494575e+01 
 1.13429592e+02  7.84725601e+01  9.71675992e+01 
 1.14736472e+02  7.83745921e+01  9.70866426e+01 
 1.16058410e+02  7.82765900e+01  9.70065785e+01 
 1.17395579e+02  7.81785543e+01  9.69273975e+01 
 1.18748154e+02  7.80804859e+01  9.68490905e+01 
 1.20116312e+02  7.79823855e+01  9.67716484e+01 
 1.21500234e+02  7.78842538e+01  9.66950621e+01 
 1.22900101e+02  7.77860914e+01  9.66193227e+01 
 1.24316096e+02  7.76878991e+01  9.65444212e+01 
 1.25748406e+02  7.75896774e+01  9.64703489e+01 
 1.27197218e+02  7.74914272e+01  9.63970971e+01 
 1.28662722e+02  7.73931489e+01  9.63246570e+01 
 1.30145112e+02  7.72948432e+01  9.62530202e+01 
 1.31644581e+02  7.71965108e+01  9.61821780e+01 
 1.33161325e+02  7.70981521e+01  9.61121221e+01 
 1.34695546e+02  7.69997678e+01  9.60428441e+01 
 1.36247442e+02  7.69013585e+01  9.59743357e+01 
 1.37817219e+02  7.68029246e+01  9.59065887e+01 
 1.39405082e+02  7.67044669e+01  9.58395950e+01 
 1.41011240e+02  7.66059857e+01  9.57733464e+01 
 1.42635903e+02  7.65074816e+01  9.57078351e+01 
 1.44279285e+02  7.64089551e+01  9.56430531e+01 
 1.45941600e+02  7.63104067e+01  9.55789926e+01 
 1.47623069e+02  7.62118369e+01  9.55156458e+01 
 1.49323910e+02  7.61132462e+01  9.54530049e+01 
 1.51044348e+02  7.60146350e+01  9.53910624e+01 
 1.52784607e+02  7.59160037e+01  9.53298108e+01 
 1.54544917e+02  7.58173530e+01  9.52692425e+01 
 1.56325509e+02  7.57186831e+01  9.52093501e+01 
 1.58126615e+02  7.56199945e+01  9.51501263e+01 
 1.59948473e+02  7.55212876e+01  9.50915638e+01 
 1.61791322e+02  7.54225628e+01  9.50336554e+01 
 1.63655403e+02  7.53238205e+01  9.49763940e+01 
 1.65540961e+02  7.52250612e+01  9.49197726e+01 
 1.67448244e+02  7.51262851e+01  9.48637841e+01 
 1.69377501e+02  7.50274927e+01  9.48084216e+01 
 1.71328986e+02  7.49286843e+01  9.47536783e+01 
 1.73302956e+02  7.48298603e+01  9.46995474e+01 
 1.75299668e+02  7.47310211e+01  9.46460221e+01 
 1.77319386e+02  7.46321669e+01  9.45930959e+01 
 1.79362374e+02  7.45332982e+01  9.45407620e+01 
 1.81428900e+02  7.44344151e+01  9.44890141e+01 
 1.83519236e+02  7.43355181e+01  9.44378456e+01 
 1.85633655e+02  7.42366075e+01  9.43872501e+01 
 1.87772436e+02  7.41376836e+01  9.43372214e+01 
 1.89935859e+02  7.40387466e+01  9.42877532e+01 
 1.92124208e+02  7.39397969e+01  9.42388392e+01 
 1.94337770e+02  7.38408347e+01  9.41904733e+01 
 1.96576835e+02  7.37418604e+01  9.41426495e+01 
 1.98841698e+02  7.36428742e+01  9.40953617e+01 
 2.01132655e+02  7.35438763e+01  9.40486040e+01 
 2.03450008e+02  7.34448670e+01  9.40023706e+01 
 2.05794060e+02  7.33458467e+01  9.39566555e+01 
 2.08165120e+02  7.32468154e+01  9.39114530e+01 
 2.10563497e+02  7.31477736e+01  9.38667574e+01 
 2.12989507e+02  7.30487213e+01  9.38225630e+01 
 2.15443469e+02  7.29496589e+01  9.37788643e+01 
 2.17925704e+02  7.28505866e+01  9.37356557e+01 
 2.20436538e+02  7.27515046e+01  9.36929318e+01 
 2.22976301e+02  7.26524131e+01  9.36506871e+01 
 2.25545326e+02  7.25533123e+01  9.36089163e+01 
 2.28143949e+02  7.24542025e+01  9.35676140e+01 
 2.30772513e+02  7.23550837e+01  9.35267750e+01 
 2.33431362e+02  7.22559564e+01  9.34863942e+01 
 2.36120845e+02  7.21568205e+01  9.34464663e+01 
 2.38841315e+02  7.20576764e+01  9.34069863e+01 
 2.41593128e+02  7.19585242e+01  9.33679492e+01 
 2.44376647e+02  7.18593641e+01  9.33293499e+01 
 2.47192236e+02  7.17601963e+01  9.32911836e+01 
 2.50040265e+02  7.16610209e+01  9.32534453e+01 
 2.52921107e+02  7.15618381e+01  9.32161303e+01 
 2.55835142e+02  7.14626481e+01  9.31792338e+01 
 2.58782750e+02  7.13634511e+01  9.31427510e+01 
 2.61764319e+02  7.12642471e+01  9.31066774e+01 
 2.64780240e+02  7.11650365e+01  9.30710081e+01 
 2.67830910e+02  7.10658192e+01  9.30357388e+01 
 2.70916727e+02  7.09665955e+01  9.30008648e+01 
 2.74038098e+02  7.08673654e+01  9.29663818e+01 
 2.77195432e+02  7.07681293e+01  9.29322852e+01 
 2.80389144e+02  7.06688871e+01  9.28985707e+01 
 2.83619651e+02  7.05696390e+01  9.28652339e+01 
 2.86887379e+02  7.04703852e+01  9.28322706e+01 
 2.90192756e+02  7.03711257e+01  9.27996765e+01 
 2.93536216e+02  7.02718608e+01  9.27674475e+01 
 2.96918198e+02  7.01725905e+01  9.27355793e+01 
 3.00339145e+02  7.00733149e+01  9.27040680e+01 
 3.03799507e+02  6.99740342e+01  9.26729093e+01 
 3.07299737e+02  6.98747485e+01  9.26420994e+01 
 3.10840296e+02  6.97754580e+01  9.26116341e+01 
 3.14421647e+02  6.96761626e+01  9.25815097e+01 
 3.18044260e+02  6.95768625e+01  9.25517222e+01 
 3.21708612e+02  6.94775579e+01  9.25222677e+01 
 3.25415182e+02  6.93782487e+01  9.24931425e+01 
 3.29164458e+02  6.92789353e+01  9.24643428e+01 
 3.32956931e+02  6.91796175e+01  9.24358649e+01 
 3.36793099e+02  6.90802956e+01  9.24077051e+01 
 3.40673466e+02  6.89809695e+01  9.23798597e+01 
 3.44598540e+02  6.88816395e+01  9.23523251e+01 
 3.48568837e+02  6.87823056e+01  9.23250979e+01 
 3.52584878e+02  6.86829679e+01  9.22981743e+01 
 3.56647189e+02  6.85836264e+01  9.22715511e+01 
 3.60756305e+02  6.84842813e+01  9.22452247e+01 
 3.64912764e+02  6.83849327e+01  9.22191917e+01 
 3.69117112e+02  6.82855805e+01  9.21934487e+01 
 3.73369900e+02  6.81862250e+01  9.21679924e+01 
 3.77671687e+02  6.80868661e+01  9.21428195e+01 
 3.82023036e+02  6.79875040e+01  9.21179268e+01 
 3.86424520e+02  6.78881387e+01  9.20933109e+01 
 3.90876716e+02  6.77887704e+01  9.20689688e+01 
 3.95380208e+02  6.76893989e+01  9.20448972e+01 
 3.99935587e+02  6.75900245e+01  9.20210930e+01 
 4.04543450e+02  6.74906473e+01  9.19975531e+01 
 4.09204403e+02  6.73912671e+01  9.19742745e+01 
 4.13919058e+02  6.72918842e+01  9.19512541e+01 
 4.18688032e+02  6.71924986e+01  9.19284890e+01 
 4.23511952e+02  6.70931104e+01  9.19059762e+01 
 4.28391452e+02  6.69937196e+01  9.18837127e+01 
 4.33327170e+02  6.68943262e+01  9.18616957e+01 
 4.38319755e+02  6.67949304e+01  9.18399223e+01 
 4.43369862e+02  6.66955322e+01  9.18183897e+01 
 4.48478155e+02  6.65961316e+01  9.17970950e+01 
 4.53645302e+02  6.64967286e+01  9.17760355e+01 
 4.58871983e+02  6.63973235e+01  9.17552085e+01 
 4.64158883e+02  6.62979161e+01  9.17346112e+01 
 4.69506697e+02  6.61985066e+01  9.17142410e+01 
 4.74916125e+02  6.60990950e+01  9.16940951e+01 
 4.80387878e+02  6.59996813e+01  9.16741711e+01 
 4.85922674e+02  6.59002656e+01  9.16544662e+01 
 4.91521239e+02  6.58008480e+01  9.16349780e+01 
 4.97184308e+02  6.57014284e+01  9.16157038e+01 
 5.02912624e+02  6.56020069e+01  9.15966411e+01 
 5.08706939e+02  6.55025836e+01  9.15777876e+01 
 5.14568013e+02  6.54031585e+01  9.15591407e+01 
 5.20496616e+02  6.53037317e+01  9.15406979e+01 
 5.26493525e+02  6.52043032e+01  9.15224569e+01 
 5.32559528e+02  6.51048729e+01  9.15044154e+01 
 5.38695420e+02  6.50054411e+01  9.14865708e+01 
 5.44902008e+02  6.49060076e+01  9.14689210e+01 
 5.51180104e+02  6.48065726e+01  9.14514636e+01 
 5.57530533e+02  6.47071360e+01  9.14341963e+01 
 5.63954130e+02  6.46076980e+01  9.14171169e+01 
 5.70451735e+02  6.45082585e+01  9.14002232e+01 
 5.77024203e+02  6.44088175e+01  9.13835129e+01 
 5.83672396e+02  6.43093752e+01  9.13669838e+01 
 5.90397186e+02  6.42099315e+01  9.13506339e+01 
 5.97199455e+02  6.41104865e+01  9.13344609e+01 
 6.04080098e+02  6.40110401e+01  9.13184628e+01 
 6.11040015e+02  6.39115925e+01  9.13026374e+01 
 6.18080121e+02  6.38121437e+01  9.12869827e+01 
 6.25201340e+02  6.37126936e+01  9.12714967e+01 
 6.32404607e+02  6.36132424e+01  9.12561773e+01 
 6.39690866e+02  6.35137900e+01  9.12410225e+01 
 6.47061073e+02  6.34143364e+01  9.12260304e+01 
 6.54516197e+02  6.33148818e+01  9.12111989e+01 
 6.62057214e+02  6.32154260e+01  9.11965262e+01 
 6.69685116e+02  6.31159692e+01  9.11820103e+01 
 6.77400903e+02  6.30165114e+01  9.11676493e+01 
 6.85205587e+02  6.29170525e+01  9.11534414e+01 
 6.93100193e+02  6.28175927e+01  9.11393847e+01 
 7.01085757e+02  6.27181319e+01  9.11254773e+01 
 7.09163327e+02  6.26186701e+01  9.11117174e+01 
 7.17333962e+02  6.25192074e+01  9.10981033e+01 
 7.25598736e+02  6.24197438e+01  9.10846331e+01 
 7.33958732e+02  6.23202794e+01  9.10713052e+01 
 7.42415048e+02  6.22208140e+01  9.10581176e+01 
 7.50968794e+02  6.21213479e+01  9.10450688e+01 
 7.59621092e+02  6.20218809e+01  9.10321570e+01 
 7.68373077e+02  6.19224130e+01  9.10193805e+01 
 7.77225899e+02  6.18229445e+01  9.10067376e+01 
 7.86180718e+02  6.17234751e+01  9.09942268e+01 
 7.95238711e+02  6.16240050e+01  9.09818463e+01 
 8.04401065e+02  6.15245341e+01  9.09695945e+01 
 8.13668983e+02  6.14250625e+01  9.09574699e+01 
 8.23043682e+02  6.13255903e+01  9.09454708e+01 
 8.32526392e+02  6.12261173e+01  9.09335957e+01 
 8.42118357e+02  6.11266437e+01  9.09218430e+01 
 8.51820836e+02  6.10271694e+01  9.09102112e+01 
 8.61635102e+02  6.09276944e+01  9.08986987e+01 
 8.71562443e+02  6.08282189e+01  9.08873041e+01 
 8.81604162e+02  6.07287427e+01  9.08760258e+01 
 8.91761577e+02  6.06292659e+01  9.08648625e+01 
 9.02036021e+02  6.05297886e+01  9.08538125e+01 
 9.12428842e+02  6.04303106e+01  9.08428745e+01 
 9.22941404e+02  6.03308321e+01  9.08320470e+01 
 9.33575087e+02  6.02313531e+01  9.08213287e+01 
 9.44331286e+02  6.01318735e+01  9.08107181e+01 
 9.55211412e+02  6.00323934e+01  9.08002138e+01 
 9.66216894e+02  5.99329128e+01  9.07898144e+01 
 9.77349176e+02  5.98334317e+01  9.07795186e+01 
 9.88609719e+02  5.97339501e+01  9.07693251e+01 
 1.00000000e+03  5.96344680e+01  9.07592325e+01 
 1.01152151e+03  5.95349855e+01  9.07492394e+01 
 1.02317577e+03  5.94355025e+01  9.07393446e+01 
 1.03496431e+03  5.93360190e+01  9.07295468e+01 
 1.04688866e+03  5.92365351e+01  9.07198447e+01 
 1.05895041e+03  5.91370508e+01  9.07102370e+01 
 1.07115112e+03  5.90375661e+01  9.07007224e+01 
 1.08349240e+03  5.89380810e+01  9.06912998e+01 
 1.09597588e+03  5.88385954e+01  9.06819678e+01 
 1.10860318e+03  5.87391095e+01  9.06727253e+01 
 1.12137597e+03  5.86396232e+01  9.06635711e+01 
 1.13429592e+03  5.85401365e+01  9.06545038e+01 
 1.14736472e+03  5.84406495e+01  9.06455225e+01 
 1.16058410e+03  5.83411621e+01  9.06366258e+01 
 1.17395579e+03  5.82416744e+01  9.06278126e+01 
 1.18748154e+03  5.81421863e+01  9.06190817e+01 
 1.20116312e+03  5.80426978e+01  9.06104321e+01 
 1.21500234e+03  5.79432091e+01  9.06018625e+01 
 1.22900101e+03  5.78437200e+01  9.05933719e+01 
 1.24316096e+03  5.77442307e+01  9.05849592e+01 
 1.25748406e+03  5.76447410e+01  9.05766232e+01 
 1.27197218e+03  5.75452510e+01  9.05683628e+01 
 1.28662722e+03  5.74457608e+01  9.05601769e+01 
 1.30145112e+03  5.73462702e+01  9.05520646e+01 
 1.31644581e+03  5.72467794e+01  9.05440247e+01 
 1.33161325e+03  5.71472883e+01  9.05360561e+01 
 1.34695546e+03  5.70477969e+01  9.05281579e+01 
 1.36247442e+03  5.69483053e+01  9.05203290e+01 
 1.37817219e+03  5.68488134e+01  9.05125683e+01 
 1.39405082e+03  5.67493213e+01  9.05048749e+01 
 1.41011240e+03  5.66498289e+01  9.04972477e+01 
 1.42635903e+03  5.65503363e+01  9.04896857e+01 
 1.44279285e+03  5.64508434e+01  9.04821880e+01 
 1.45941600e+03  5.63513504e+01  9.04747536e+01 
 1.47623069e+03  5.62518571e+01  9.04673814e+01 
 1.49323910e+03  5.61523635e+01  9.04600705e+01 
 1.51044348e+03  5.60528698e+01  9.04528200e+01 
 1.52784607e+03  5.59533759e+01  9.04456290e+01 
 1.54544917e+03  5.58538817e+01  9.04384963e+01 
 1.56325509e+03  5.57543874e+01  9.04314212e+01 
 1.58126615e+03  5.56548928e+01  9.04244028e+01 
 1.59948473e+03  5.55553981e+01  9.04174399e+01 
 1.61791322e+03  5.54559032e+01  9.04105319e+01 
 1.63655403e+03  5.53564081e+01  9.04036777e+01 
 1.65540961e+03  5.52569128e+01  9.03968765e+01 
 1.67448244e+03  5.51574173e+01  9.03901274e+01 
 1.69377501e+03  5.50579217e+01  9.03834294e+01 
 1.71328986e+03  5.49584259e+01  9.03767817e+01 
 1.73302956e+03  5.48589299e+01  9.03701835e+01 
 1.75299668e+03  5.47594338e+01  9.03636339e+01 
 1.77319386e+03  5.46599375e+01  9.03571319e+01 
 1.79362374e+03  5.45604411e+01  9.03506769e+01 
 1.81428900e+03  5.44609445e+01  9.03442678e+01 
 1.83519236e+03  5.43614477e+01  9.03379039e+01 
 1.85633655e+03  5.42619509e+01  9.03315843e+01 
 1.87772436e+03  5.41624538e+01  9.03253083e+01 
 1.89935859e+03  5.40629566e+01  9.03190749e+01 
 1.92124208e+03  5.39634593e+01  9.03128834e+01 
 1.94337770e+03  5.38639619e+01  9.03067329e+01 
 1.96576835e+03  5.37644643e+01  9.03006227e+01 
 1.98841698e+03  5.36649666e+01  9.02945519e+01 
 2.01132655e+03  5.35654688e+01  9.02885198e+01 
 2.03450008e+03  5.34659708e+01  9.02825255e+01 
 2.05794060e+03  5.33664727e+01  9.02765683e+01 
 2.08165120e+03  5.32669745e+01  9.02706474e+01 
 2.10563497e+03  5.31674762e+01  9.02647620e+01 
 2.12989507e+03  5.30679778e+01  9.02589114e+01 
 2.15443469e+03  5.29684792e+01  9.02530947e+01 
 2.17925704e+03  5.28689806e+01  9.02473112e+01 
 2.20436538e+03  5.27694818e+01  9.02415602e+01 
 2.22976301e+03  5.26699829e+01  9.02358408e+01 
 2.25545326e+03  5.25704839e+01  9.02301525e+01 
 2.28143949e+03  5.24709849e+01  9.02244943e+01 
 2.30772513e+03  5.23714857e+01  9.02188655e+01 
 2.33431362e+03  5.22719864e+01  9.02132655e+01 
 2.36120845e+03  5.21724870e+01  9.02076935e+01 
 2.38841315e+03  5.20729875e+01  9.02021487e+01 
 2.41593128e+03  5.19734880e+01  9.01966305e+01 
 2.44376647e+03  5.18739883e+01  9.01911380e+01 
 2.47192236e+03  5.17744885e+01  9.01856706e+01 
 2.50040265e+03  5.16749887e+01  9.01802276e+01 
 2.52921107e+03  5.15754887e+01  9.01748083e+01 
 2.55835142e+03  5.14759887e+01  9.01694118e+01 
 2.58782750e+03  5.13764886e+01  9.01640377e+01 
 2.61764319e+03  5.12769884e+01  9.01586850e+01 
 2.64780240e+03  5.11774881e+01  9.01533531e+01 
 2.67830910e+03  5.10779877e+01  9.01480414e+01 
 2.70916727e+03  5.09784873e+01  9.01427491e+01 
 2.74038098e+03  5.08789867e+01  9.01374755e+01 
 2.77195432e+03  5.07794861e+01  9.01322200e+01 
 2.80389144e+03  5.06799854e+01  9.01269818e+01 
 2.83619651e+03  5.05804847e+01  9.01217603e+01 
 2.86887379e+03  5.04809838e+01  9.01165548e+01 
 2.90192756e+03  5.03814829e+01  9.01113645e+01 
 2.93536216e+03  5.02819819e+01  9.01061889e+01 
 2.96918198e+03  5.01824808e+01  9.01010272e+01 
 3.00339145e+03  5.00829797e+01  9.00958787e+01 
 3.03799507e+03  4.99834785e+01  9.00907429e+01 
 3.07299737e+03  4.98839772e+01  9.00856189e+01 
 3.10840296e+03  4.97844758e+01  9.00805062e+01 
 3.14421647e+03  4.96849744e+01  9.00754040e+01 
 3.18044260e+03  4.95854729e+01  9.00703118e+01 
 3.21708612e+03  4.94859713e+01  9.00652287e+01 
 3.25415182e+03  4.93864697e+01  9.00601543e+01 
 3.29164458e+03  4.92869680e+01  9.00550877e+01 
 3.32956931e+03  4.91874662e+01  9.00500283e+01 
 3.36793099e+03  4.90879643e+01  9.00449755e+01 
 3.40673466e+03  4.89884624e+01  9.00399286e+01 
 3.44598540e+03  4.88889604e+01  9.00348870e+01 
 3.48568837e+03  4.87894584e+01  9.00298499e+01 
 3.52584878e+03  4.86899562e+01  9.00248167e+01 
 3.56647189e+03  4.85904540e+01  9.00197868e+01 
 3.60756305e+03  4.84909518e+01  9.00147595e+01 
 3.64912764e+03  4.83914495e+01  9.00097342e+01 
 3.69117112e+03  4.82919471e+01  9.00047101e+01 
 3.73369900e+03  4.81924446e+01  8.99996866e+01 
 3.77671687e+03  4.80929421e+01  8.99946631e+01 
 3.82023036e+03  4.79934395e+01  8.99896389e+01 
 3.86424520e+03  4.78939369e+01  8.99846133e+01 
 3.90876716e+03  4.77944341e+01  8.99795857e+01 
 3.95380208e+03  4.76949313e+01  8.99745554e+01 
 3.99935587e+03  4.75954285e+01  8.99695218e+01 
 4.04543450e+03  4.74959256e+01  8.99644842e+01 
 4.09204403e+03  4.73964226e+01  8.99594420e+01 
 4.13919058e+03  4.72969195e+01  8.99543944e+01 
 4.18688032e+03  4.71974164e+01  8.99493408e+01 
 4.23511952e+03  4.70979132e+01  8.99442806e+01 
 4.28391452e+03  4.69984099e+01  8.99392130e+01 
 4.33327170e+03  4.68989066e+01  8.99341375e+01 
 4.38319755e+03  4.67994032e+01  8.99290534e+01 
 4.43369862e+03  4.66998997e+01  8.99239599e+01 
 4.48478155e+03  4.66003961e+01  8.99188565e+01 
 4.53645302e+03  4.65008925e+01  8.99137424e+01 
 4.58871983e+03  4.64013888e+01  8.99086170e+01 
 4.64158883e+03  4.63018851e+01  8.99034796e+01 
 4.69506697e+03  4.62023812e+01  8.98983295e+01 
 4.74916125e+03  4.61028773e+01  8.98931661e+01 
 4.80387878e+03  4.60033733e+01  8.98879887e+01 
 4.85922674e+03  4.59038693e+01  8.98827966e+01 
 4.91521239e+03  4.58043652e+01  8.98775891e+01 
 4.97184308e+03  4.57048609e+01  8.98723655e+01 
 5.02912624e+03  4.56053567e+01  8.98671252e+01 
 5.08706939e+03  4.55058523e+01  8.98618675e+01 
 5.14568013e+03  4.54063478e+01  8.98565916e+01 
 5.20496616e+03  4.53068433e+01  8.98512969e+01 
 5.26493525e+03  4.52073387e+01  8.98459827e+01 
 5.32559528e+03  4.51078340e+01  8.98406483e+01 
 5.38695420e+03  4.50083292e+01  8.98352930e+01 
 5.44902008e+03  4.49088244e+01  8.98299160e+01 
 5.51180104e+03  4.48093194e+01  8.98245168e+01 
 5.57530533e+03  4.47098144e+01  8.98190945e+01 
 5.63954130e+03  4.46103092e+01  8.98136485e+01 
 5.70451735e+03  4.45108040e+01  8.98081781e+01 
 5.77024203e+03  4.44112987e+01  8.98026824e+01 
 5.83672396e+03  4.43117933e+01  8.97971609e+01 
 5.90397186e+03  4.42122878e+01  8.97916128e+01 
 5.97199455e+03  4.41127822e+01  8.97860373e+01 
 6.04080098e+03  4.40132765e+01  8.97804337e+01 
 6.11040015e+03  4.39137707e+01  8.97748014e+01 
 6.18080121e+03  4.38142648e+01  8.97691394e+01 
 6.25201340e+03  4.37147588e+01  8.97634472e+01 
 6.32404607e+03  4.36152527e+01  8.97577240e+01 
 6.39690866e+03  4.35157465e+01  8.97519690e+01 
 6.47061073e+03  4.34162401e+01  8.97461814e+01 
 6.54516197e+03  4.33167337e+01  8.97403605e+01 
 6.62057214e+03  4.32172272e+01  8.97345055e+01 
 6.69685116e+03  4.31177205e+01  8.97286158e+01 
 6.77400903e+03  4.30182137e+01  8.97226904e+01 
 6.85205587e+03  4.29187068e+01  8.97167286e+01 
 6.93100193e+03  4.28191998e+01  8.97107296e+01 
 7.01085757e+03  4.27196926e+01  8.97046927e+01 
 7.09163327e+03  4.26201854e+01  8.96986171e+01 
 7.17333962e+03  4.25206780e+01  8.96925019e+01 
 7.25598736e+03  4.24211704e+01  8.96863463e+01 
 7.33958732e+03  4.23216627e+01  8.96801497e+01 
 7.42415048e+03  4.22221549e+01  8.96739110e+01 
 7.50968794e+03  4.21226470e+01  8.96676296e+01 
 7.59621092e+03  4.20231389e+01  8.96613045e+01 
 7.68373077e+03  4.19236306e+01  8.96549350e+01 
 7.77225899e+03  4.18241222e+01  8.96485202e+01 
 7.86180718e+03  4.17246137e+01  8.96420594e+01 
 7.95238711e+03  4.16251050e+01  8.96355515e+01 
 8.04401065e+03  4.15255961e+01  8.96289958e+01 
 8.13668983e+03  4.14260871e+01  8.96223915e+01 
 8.23043682e+03  4.13265779e+01  8.96157376e+01 
 8.32526392e+03  4.12270686e+01  8.96090333e+01 
 8.42118357e+03  4.11275591e+01  8.96022777e+01 
 8.51820836e+03  4.10280494e+01  8.95954699e+01 
 8.61635102e+03  4.09285395e+01  8.95886091e+01 
 8.71562443e+03  4.08290294e+01  8.95816943e+01 
 8.81604162e+03  4.07295191e+01  8.95747246e+01 
 8.91761577e+03  4.06300087e+01  8.95676991e+01 
 9.02036021e+03  4.05304981e+01  8.95606168e+01 
 9.12428842e+03  4.04309872e+01  8.95534770e+01 
 9.22941404e+03  4.03314762e+01  8.95462785e+01 
 9.33575087e+03  4.02319649e+01  8.95390205e+01 
 9.44331286e+03  4.01324534e+01  8.95317021e+01 
 9.55211412e+03  4.00329417e+01  8.95243222e+01 
 9.66216894e+03  3.99334298e+01  8.95168799e+01 
 9.77349176e+03  3.98339177e+01  8.95093742e+01 
 9.88609719e+03  3.97344053e+01  8.95018042e+01 
 1.00000000e+04  3.96348927e+01  8.94941688e+01 
 1.01152151e+04  3.95353798e+01  8.94864670e+01 
 1.02317577e+04  3.94358667e+01  8.94786979e+01 
 1.03496431e+04  3.93363533e+01  8.94708604e+01 
 1.04688866e+04  3.92368397e+01  8.94629534e+01 
 1.05895041e+04  3.91373258e+01  8.94549760e+01 
 1.07115112e+04  3.90378117e+01  8.94469271e+01 
 1.08349240e+04  3.89382972e+01  8.94388057e+01 
 1.09597588e+04  3.88387825e+01  8.94306106e+01 
 1.10860318e+04  3.87392675e+01  8.94223408e+01 
 1.12137597e+04  3.86397521e+01  8.94139953e+01 
 1.13429592e+04  3.85402365e+01  8.94055729e+01 
 1.14736472e+04  3.84407206e+01  8.93970725e+01 
 1.16058410e+04  3.83412043e+01  8.93884930e+01 
 1.17395579e+04  3.82416877e+01  8.93798333e+01 
 1.18748154e+04  3.81421708e+01  8.93710922e+01 
 1.20116312e+04  3.80426536e+01  8.93622687e+01 
 1.21500234e+04  3.79431360e+01  8.93533615e+01 
 1.22900101e+04  3.78436180e+01  8.93443695e+01 
 1.24316096e+04  3.77440997e+01  8.93352914e+01 
 1.25748406e+04  3.76445810e+01  8.93261262e+01 
 1.27197218e+04  3.75450619e+01  8.93168726e+01 
 1.28662722e+04  3.74455424e+01  8.93075294e+01 
 1.30145112e+04  3.73460226e+01  8.92980954e+01 
 1.31644581e+04  3.72465023e+01  8.92885692e+01 
 1.33161325e+04  3.71469816e+01  8.92789498e+01 
 1.34695546e+04  3.70474605e+01  8.92692358e+01 
 1.36247442e+04  3.69479389e+01  8.92594260e+01 
 1.37817219e+04  3.68484169e+01  8.92495190e+01 
 1.39405082e+04  3.67488944e+01  8.92395136e+01 
 1.41011240e+04  3.66493715e+01  8.92294084e+01 
 1.42635903e+04  3.65498481e+01  8.92192022e+01 
 1.44279285e+04  3.64503242e+01  8.92088936e+01 
 1.45941600e+04  3.63507998e+01  8.91984812e+01 
 1.47623069e+04  3.62512749e+01  8.91879637e+01 
 1.49323910e+04  3.61517494e+01  8.91773397e+01 
 1.51044348e+04  3.60522235e+01  8.91666078e+01 
 1.52784607e+04  3.59526969e+01  8.91557667e+01 
 1.54544917e+04  3.58531699e+01  8.91448148e+01 
 1.56325509e+04  3.57536422e+01  8.91337507e+01 
 1.58126615e+04  3.56541140e+01  8.91225731e+01 
 1.59948473e+04  3.55545851e+01  8.91112804e+01 
 1.61791322e+04  3.54550557e+01  8.90998712e+01 
 1.63655403e+04  3.53555256e+01  8.90883439e+01 
 1.65540961e+04  3.52559949e+01  8.90766971e+01 
 1.67448244e+04  3.51564635e+01  8.90649292e+01 
 1.69377501e+04  3.50569314e+01  8.90530387e+01 
 1.71328986e+04  3.49573987e+01  8.90410240e+01 
 1.73302956e+04  3.48578652e+01  8.90288836e+01 
 1.75299668e+04  3.47583310e+01  8.90166158e+01 
 1.77319386e+04  3.46587961e+01  8.90042191e+01 
 1.79362374e+04  3.45592605e+01  8.89916919e+01 
 1.81428900e+04  3.44597240e+01  8.89790325e+01 
 1.83519236e+04  3.43601868e+01  8.89662392e+01 
 1.85633655e+04  3.42606488e+01  8.89533103e+01 
 1.87772436e+04  3.41611099e+01  8.89402443e+01 
 1.89935859e+04  3.40615702e+01  8.89270393e+01 
 1.92124208e+04  3.39620296e+01  8.89136937e+01 
 1.94337770e+04  3.38624882e+01  8.89002056e+01 
 1.96576835e+04  3.37629458e+01  8.88865734e+01 
 1.98841698e+04  3.36634026e+01  8.88727952e+01 
 2.01132655e+04  3.35638583e+01  8.88588693e+01 
 2.03450008e+04  3.34643131e+01  8.88447938e+01 
 2.05794060e+04  3.33647669e+01  8.88305669e+01 
 2.08165120e+04  3.32652197e+01  8.88161867e+01 
 2.10563497e+04  3.31656715e+01  8.88016513e+01 
 2.12989507e+04  3.30661222e+01  8.87869589e+01 
 2.15443469e+04  3.29665718e+01  8.87721075e+01 
 2.17925704e+04  3.28670203e+01  8.87570951e+01 
 2.20436538e+04  3.27674676e+01  8.87419199e+01 
 2.22976301e+04  3.26679138e+01  8.87265798e+01 
 2.25545326e+04  3.25683588e+01  8.87110728e+01 
 2.28143949e+04  3.24688026e+01  8.86953969e+01 
 2.30772513e+04  3.23692451e+01  8.86795501e+01 
 2.33431362e+04  3.22696864e+01  8.86635303e+01 
 2.36120845e+04  3.21701264e+01  8.86473353e+01 
 2.38841315e+04  3.20705650e+01  8.86309631e+01 
 2.41593128e+04  3.19710022e+01  8.86144115e+01 
 2.44376647e+04  3.18714381e+01  8.85976784e+01 
 2.47192236e+04  3.17718725e+01  8.85807616e+01 
 2.50040265e+04  3.16723055e+01  8.85636589e+01 
 2.52921107e+04  3.15727370e+01  8.85463680e+01 
 2.55835142e+04  3.14731669e+01  8.85288867e+01 
 2.58782750e+04  3.13735953e+01  8.85112127e+01 
 2.61764319e+04  3.12740221e+01  8.84933437e+01 
 2.64780240e+04  3.11744472e+01  8.84752773e+01 
 2.67830910e+04  3.10748706e+01  8.84570113e+01 
 2.70916727e+04  3.09752924e+01  8.84385432e+01 
 2.74038098e+04  3.08757124e+01  8.84198705e+01 
 2.77195432e+04  3.07761306e+01  8.84009910e+01 
 2.80389144e+04  3.06765469e+01  8.83819021e+01 
 2.83619651e+04  3.05769614e+01  8.83626013e+01 
 2.86887379e+04  3.04773739e+01  8.83430861e+01 
 2.90192756e+04  3.03777845e+01  8.83233540e+01 
 2.93536216e+04  3.02781930e+01  8.83034024e+01 
 2.96918198e+04  3.01785995e+01  8.82832287e+01 
 3.00339145e+04  3.00790039e+01  8.82628303e+01 
 3.03799507e+04  2.99794062e+01  8.82422044e+01 
 3.07299737e+04  2.98798062e+01  8.82213485e+01 
 3.10840296e+04  2.97802040e+01  8.82002598e+01 
 3.14421647e+04  2.96805994e+01  8.81789355e+01 
 3.18044260e+04  2.95809925e+01  8.81573730e+01 
 3.21708612e+04  2.94813832e+01  8.81355693e+01 
 3.25415182e+04  2.93817714e+01  8.81135216e+01 
 3.29164458e+04  2.92821571e+01  8.80912272e+01 
 3.32956931e+04  2.91825401e+01  8.80686830e+01 
 3.36793099e+04  2.90829206e+01  8.80458861e+01 
 3.40673466e+04  2.89832983e+01  8.80228337e+01 
 3.44598540e+04  2.88836732e+01  8.79995226e+01 
 3.48568837e+04  2.87840454e+01  8.79759498e+01 
 3.52584878e+04  2.86844146e+01  8.79521124e+01 
 3.56647189e+04  2.85847808e+01  8.79280071e+01 
 3.60756305e+04  2.84851440e+01  8.79036309e+01 
 3.64912764e+04  2.83855041e+01  8.78789806e+01 
 3.69117112e+04  2.82858610e+01  8.78540530e+01 
 3.73369900e+04  2.81862146e+01  8.78288449e+01 
 3.77671687e+04  2.80865649e+01  8.78033530e+01 
 3.82023036e+04  2.79869119e+01  8.77775739e+01 
 3.86424520e+04  2.78872553e+01  8.77515044e+01 
 3.90876716e+04  2.77875952e+01  8.77251411e+01 
 3.95380208e+04  2.76879314e+01  8.76984805e+01 
 3.99935587e+04  2.75882639e+01  8.76715192e+01 
 4.04543450e+04  2.74885925e+01  8.76442537e+01 
 4.09204403e+04  2.73889173e+01  8.76166805e+01 
 4.13919058e+04  2.72892380e+01  8.75887959e+01 
 4.18688032e+04  2.71895547e+01  8.75605965e+01 
 4.23511952e+04  2.70898672e+01  8.75320785e+01 
 4.28391452e+04  2.69901754e+01  8.75032383e+01 
 4.33327170e+04  2.68904792e+01  8.74740722e+01 
 4.38319755e+04  2.67907786e+01  8.74445762e+01 
 4.43369862e+04  2.66910733e+01  8.74147468e+01 
 4.48478155e+04  2.65913634e+01  8.73845799e+01 
 4.53645302e+04  2.64916487e+01  8.73540718e+01 
 4.58871983e+04  2.63919290e+01  8.73232184e+01 
 4.64158883e+04  2.62922044e+01  8.72920158e+01 
 4.69506697e+04  2.61924746e+01  8.72604600e+01 
 4.74916125e+04  2.60927395e+01  8.72285470e+01 
 4.80387878e+04  2.59929991e+01  8.71962725e+01 
 4.85922674e+04  2.58932532e+01  8.71636324e+01 
 4.91521239e+04  2.57935016e+01  8.71306226e+01 
 4.97184308e+04  2.56937443e+01  8.70972388e+01 
 5.02912624e+04  2.55939811e+01  8.70634767e+01 
 5.08706939e+04  2.54942119e+01  8.70293319e+01 
 5.14568013e+04  2.53944365e+01  8.69948001e+01 
 5.20496616e+04  2.52946548e+01  8.69598769e+01 
 5.26493525e+04  2.51948666e+01  8.69245577e+01 
 5.32559528e+04  2.50950718e+01  8.68888381e+01 
 5.38695420e+04  2.49952703e+01  8.68527135e+01 
 5.44902008e+04  2.48954619e+01  8.68161791e+01 
 5.51180104e+04  2.47956464e+01  8.67792304e+01 
 5.57530533e+04  2.46958237e+01  8.67418627e+01 
 5.63954130e+04  2.45959936e+01  8.67040710e+01 
 5.70451735e+04  2.44961559e+01  8.66658507e+01 
 5.77024203e+04  2.43963105e+01  8.66271968e+01 
 5.83672396e+04  2.42964571e+01  8.65881045e+01 
 5.90397186e+04  2.41965957e+01  8.65485686e+01 
 5.97199455e+04  2.40967259e+01  8.65085842e+01 
 6.04080098e+04  2.39968477e+01  8.64681462e+01 
 6.11040015e+04  2.38969608e+01  8.64272494e+01 
 6.18080121e+04  2.37970650e+01  8.63858887e+01 
 6.25201340e+04  2.36971602e+01  8.63440587e+01 
 6.32404607e+04  2.35972460e+01  8.63017542e+01 
 6.39690866e+04  2.34973224e+01  8.62589697e+01 
 6.47061073e+04  2.33973891e+01  8.62157000e+01 
 6.54516197e+04  2.32974458e+01  8.61719394e+01 
 6.62057214e+04  2.31974923e+01  8.61276824e+01 
 6.69685116e+04  2.30975284e+01  8.60829235e+01 
 6.77400903e+04  2.29975539e+01  8.60376570e+01 
 6.85205587e+04  2.28975685e+01  8.59918771e+01 
 6.93100193e+04  2.27975720e+01  8.59455781e+01 
 7.01085757e+04  2.26975641e+01  8.58987542e+01 
 7.09163327e+04  2.25975445e+01  8.58513994e+01 
 7.17333962e+04  2.24975130e+01  8.58035078e+01 
 7.25598736e+04  2.23974693e+01  8.57550734e+01 
 7.33958732e+04  2.22974131e+01  8.57060901e+01 
 7.42415048e+04  2.21973442e+01  8.56565517e+01 
 7.50968794e+04  2.20972622e+01  8.56064521e+01 
 7.59621092e+04  2.19971669e+01  8.55557849e+01 
 7.68373077e+04  2.18970579e+01  8.55045439e+01 
 7.77225899e+04  2.17969350e+01  8.54527226e+01 
 7.86180718e+04  2.16967978e+01  8.54003146e+01 
 7.95238711e+04  2.15966459e+01  8.53473133e+01 
 8.04401065e+04  2.14964791e+01  8.52937122e+01 
 8.13668983e+04  2.13962970e+01  8.52395046e+01 
 8.23043682e+04  2.12960993e+01  8.51846837e+01 
 8.32526392e+04  2.11958855e+01  8.51292427e+01 
 8.42118357e+04  2.10956554e+01  8.50731749e+01 
 8.51820836e+04  2.09954086e+01  8.50164732e+01 
 8.61635102e+04  2.08951447e+01  8.49591307e+01 
 8.71562443e+04  2.07948632e+01  8.49011403e+01 
 8.81604162e+04  2.06945638e+01  8.48424948e+01 
 8.91761577e+04  2.05942462e+01  8.47831871e+01 
 9.02036021e+04  2.04939097e+01  8.47232098e+01 
 9.12428842e+04  2.03935542e+01  8.46625557e+01 
 9.22941404e+04  2.02931790e+01  8.46012173e+01 
 9.33575087e+04  2.01927838e+01  8.45391870e+01 
 9.44331286e+04  2.00923680e+01  8.44764575e+01 
 9.55211412e+04  1.99919313e+01  8.44130209e+01 
 9.66216894e+04  1.98914732e+01  8.43488696e+01 
 9.77349176e+04  1.97909931e+01  8.42839959e+01 
 9.88609719e+04  1.96904907e+01  8.42183918e+01 
 1.00000000e+05  1.95899652e+01  8.41520495e+01 
 1.01152151e+05  1.94894163e+01  8.40849610e+01 
 1.02317577e+05  1.93888435e+01  8.40171181e+01 
 1.03496431e+05  1.92882460e+01  8.39485127e+01 
 1.04688866e+05  1.91876235e+01  8.38791367e+01 
 1.05895041e+05  1.90869754e+01  8.38089816e+01 
 1.07115112e+05  1.89863010e+01  8.37380392e+01 
 1.08349240e+05  1.88855998e+01  8.36663010e+01 
 1.09597588e+05  1.87848711e+01  8.35937585e+01 
 1.10860318e+05  1.86841144e+01  8.35204030e+01 
 1.12137597e+05  1.85833289e+01  8.34462260e+01 
 1.13429592e+05  1.84825142e+01  8.33712187e+01 
 1.14736472e+05  1.83816694e+01  8.32953722e+01 
 1.16058410e+05  1.82807939e+01  8.32186776e+01 
 1.17395579e+05  1.81798871e+01  8.31411260e+01 
 1.18748154e+05  1.80789482e+01  8.30627084e+01 
 1.20116312e+05  1.79779765e+01  8.29834156e+01 
 1.21500234e+05  1.78769713e+01  8.29032384e+01 
 1.22900101e+05  1.77759318e+01  8.28221675e+01 
 1.24316096e+05  1.76748572e+01  8.27401937e+01 
 1.25748406e+05  1.75737468e+01  8.26573074e+01 
 1.27197218e+05  1.74725997e+01  8.25734992e+01 
 1.28662722e+05  1.73714152e+01  8.24887595e+01 
 1.30145112e+05  1.72701923e+01  8.24030787e+01 
 1.31644581e+05  1.71689303e+01  8.23164471e+01 
 1.33161325e+05  1.70676282e+01  8.22288548e+01 
 1.34695546e+05  1.69662853e+01  8.21402920e+01 
 1.36247442e+05  1.68649004e+01  8.20507487e+01 
 1.37817219e+05  1.67634728e+01  8.19602150e+01 
 1.39405082e+05  1.66620014e+01  8.18686808e+01 
 1.41011240e+05  1.65604854e+01  8.17761359e+01 
 1.42635903e+05  1.64589236e+01  8.16825701e+01 
 1.44279285e+05  1.63573151e+01  8.15879731e+01 
 1.45941600e+05  1.62556589e+01  8.14923345e+01 
 1.47623069e+05  1.61539539e+01  8.13956440e+01 
 1.49323910e+05  1.60521989e+01  8.12978910e+01 
 1.51044348e+05  1.59503930e+01  8.11990650e+01 
 1.52784607e+05  1.58485350e+01  8.10991553e+01 
 1.54544917e+05  1.57466237e+01  8.09981512e+01 
 1.56325509e+05  1.56446579e+01  8.08960421e+01 
 1.58126615e+05  1.55426365e+01  8.07928170e+01 
 1.59948473e+05  1.54405582e+01  8.06884652e+01 
 1.61791322e+05  1.53384218e+01  8.05829756e+01 
 1.63655403e+05  1.52362261e+01  8.04763373e+01 
 1.65540961e+05  1.51339696e+01  8.03685392e+01 
 1.67448244e+05  1.50316511e+01  8.02595703e+01 
 1.69377501e+05  1.49292693e+01  8.01494193e+01 
 1.71328986e+05  1.48268226e+01  8.00380751e+01 
 1.73302956e+05  1.47243099e+01  7.99255264e+01 
 1.75299668e+05  1.46217295e+01  7.98117618e+01 
 1.77319386e+05  1.45190800e+01  7.96967702e+01 
 1.79362374e+05  1.44163600e+01  7.95805399e+01 
 1.81428900e+05  1.43135678e+01  7.94630597e+01 
 1.83519236e+05  1.42107020e+01  7.93443180e+01 
 1.85633655e+05  1.41077609e+01  7.92243033e+01 
 1.87772436e+05  1.40047430e+01  7.91030041e+01 
 1.89935859e+05  1.39016465e+01  7.89804087e+01 
 1.92124208e+05  1.37984698e+01  7.88565056e+01 
 1.94337770e+05  1.36952112e+01  7.87312832e+01 
 1.96576835e+05  1.35918689e+01  7.86047297e+01 
 1.98841698e+05  1.34884411e+01  7.84768335e+01 
 2.01132655e+05  1.33849260e+01  7.83475828e+01 
 2.03450008e+05  1.32813217e+01  7.82169661e+01 
 2.05794060e+05  1.31776264e+01  7.80849715e+01 
 2.08165120e+05  1.30738381e+01  7.79515872e+01 
 2.10563497e+05  1.29699548e+01  7.78168017e+01 
 2.12989507e+05  1.28659746e+01  7.76806031e+01 
 2.15443469e+05  1.27618954e+01  7.75429797e+01 
 2.17925704e+05  1.26577151e+01  7.74039197e+01 
 2.20436538e+05  1.25534316e+01  7.72634116e+01 
 2.22976301e+05  1.24490427e+01  7.71214434e+01 
 2.25545326e+05  1.23445463e+01  7.69780037e+01 
 2.28143949e+05  1.22399401e+01  7.68330807e+01 
 2.30772513e+05  1.21352218e+01  7.66866628e+01 
 2.33431362e+05  1.20303890e+01  7.65387384e+01 
 2.36120845e+05  1.19254396e+01  7.63892960e+01 
 2.38841315e+05  1.18203709e+01  7.62383241e+01 
 2.41593128e+05  1.17151806e+01  7.60858112e+01 
 2.44376647e+05  1.16098662e+01  7.59317459e+01 
 2.47192236e+05  1.15044251e+01  7.57761170e+01 
 2.50040265e+05  1.13988548e+01  7.56189131e+01 
 2.52921107e+05  1.12931526e+01  7.54601231e+01 
 2.55835142e+05  1.11873159e+01  7.52997358e+01 
 2.58782750e+05  1.10813420e+01  7.51377402e+01 
 2.61764319e+05  1.09752280e+01  7.49741255e+01 
 2.64780240e+05  1.08689712e+01  7.48088807e+01 
 2.67830910e+05  1.07625687e+01  7.46419952e+01 
 2.70916727e+05  1.06560177e+01  7.44734584e+01 
 2.74038098e+05  1.05493151e+01  7.43032597e+01 
 2.77195432e+05  1.04424579e+01  7.41313889e+01 
 2.80389144e+05  1.03354432e+01  7.39578357e+01 
 2.83619651e+05  1.02282678e+01  7.37825901e+01 
 2.86887379e+05  1.01209286e+01  7.36056420e+01 
 2.90192756e+05  1.00134224e+01  7.34269819e+01 
 2.93536216e+05  9.90574595e+00  7.32466001e+01 
 2.96918198e+05  9.79789593e+00  7.30644871e+01 
 3.00339145e+05  9.68986903e+00  7.28806339e+01 
 3.03799507e+05  9.58166184e+00  7.26950312e+01 
 3.07299737e+05  9.47327095e+00  7.25076705e+01 
 3.10840296e+05  9.36469284e+00  7.23185430e+01 
 3.14421647e+05  9.25592399e+00  7.21276403e+01 
 3.18044260e+05  9.14696081e+00  7.19349544e+01 
 3.21708612e+05  9.03779965e+00  7.17404773e+01 
 3.25415182e+05  8.92843683e+00  7.15442015e+01 
 3.29164458e+05  8.81886860e+00  7.13461194e+01 
 3.32956931e+05  8.70909118e+00  7.11462241e+01 
 3.36793099e+05  8.59910074e+00  7.09445087e+01 
 3.40673466e+05  8.48889337e+00  7.07409666e+01 
 3.44598540e+05  8.37846516e+00  7.05355918e+01 
 3.48568837e+05  8.26781211e+00  7.03283782e+01 
 3.52584878e+05  8.15693020e+00  7.01193204e+01 
 3.56647189e+05  8.04581533e+00  6.99084130e+01 
 3.60756305e+05  7.93446339e+00  6.96956513e+01 
 3.64912764e+05  7.82287020e+00  6.94810308e+01 
 3.69117112e+05  7.71103154e+00  6.92645472e+01 
 3.73369900e+05  7.59894315e+00  6.90461968e+01 
 3.77671687e+05  7.48660071e+00  6.88259764e+01 
 3.82023036e+05  7.37399986e+00  6.86038829e+01 
 3.86424520e+05  7.26113622e+00  6.83799139e+01 
 3.90876716e+05  7.14800533e+00  6.81540673e+01 
 3.95380208e+05  7.03460272e+00  6.79263414e+01 
 3.99935587e+05  6.92092386e+00  6.76967351e+01 
 4.04543450e+05  6.80696419e+00  6.74652476e+01 
 4.09204403e+05  6.69271911e+00  6.72318788e+01 
 4.13919058e+05  6.57818398e+00  6.69966289e+01 
 4.18688032e+05  6.46335413e+00  6.67594987e+01 
 4.23511952e+05  6.34822484e+00  6.65204895e+01 
 4.28391452e+05  6.23279137e+00  6.62796031e+01 
 4.33327170e+05  6.11704895e+00  6.60368419e+01 
 4.38319755e+05  6.00099278e+00  6.57922088e+01 
 4.43369862e+05  5.88461801e+00  6.55457073e+01 
 4.48478155e+05  5.76791980e+00  6.52973415e+01 
 4.53645302e+05  5.65089325e+00  6.50471160e+01 
 4.58871983e+05  5.53353346e+00  6.47950360e+01 
 4.64158883e+05  5.41583549e+00  6.45411075e+01 
 4.69506697e+05  5.29779440e+00  6.42853368e+01 
 4.74916125e+05  5.17940522e+00  6.40277312e+01 
 4.80387878e+05  5.06066296e+00  6.37682983e+01 
 4.85922674e+05  4.94156263e+00  6.35070466e+01 
 4.91521239e+05  4.82209922e+00  6.32439852e+01 
 4.97184308e+05  4.70226772e+00  6.29791236e+01 
 5.02912624e+05  4.58206310e+00  6.27124725e+01 
 5.08706939e+05  4.46148035e+00  6.24440427e+01 
 5.14568013e+05  4.34051443e+00  6.21738463e+01 
 5.20496616e+05  4.21916032e+00  6.19018956e+01 
 5.26493525e+05  4.09741301e+00  6.16282038e+01 
 5.32559528e+05  3.97526747e+00  6.13527848e+01 
 5.38695420e+05  3.85271872e+00  6.10756534e+01 
 5.44902008e+05  3.72976175e+00  6.07968248e+01 
 5.51180104e+05  3.60639160e+00  6.05163152e+01 
 5.57530533e+05  3.48260330e+00  6.02341414e+01 
 5.63954130e+05  3.35839194e+00  5.99503210e+01 
 5.70451735e+05  3.23375260e+00  5.96648723e+01 
 5.77024203e+05  3.10868040e+00  5.93778143e+01 
 5.83672396e+05  2.98317050e+00  5.90891670e+01 
 5.90397186e+05  2.85721808e+00  5.87989508e+01 
 5.97199455e+05  2.73081837e+00  5.85071871e+01 
 6.04080098e+05  2.60396664e+00  5.82138980e+01 
 6.11040015e+05  2.47665820e+00  5.79191063e+01 
 6.18080121e+05  2.34888841e+00  5.76228356e+01 
 6.25201340e+05  2.22065269e+00  5.73251101e+01 
 6.32404607e+05  2.09194650e+00  5.70259550e+01 
 6.39690866e+05  1.96276537e+00  5.67253961e+01 
 6.47061073e+05  1.83310490e+00  5.64234598e+01 
 6.54516197e+05  1.70296072e+00  5.61201736e+01 
 6.62057214e+05  1.57232858e+00  5.58155653e+01 
 6.69685116e+05  1.44120427e+00  5.55096637e+01 
 6.77400903e+05  1.30958366e+00  5.52024982e+01 
 6.85205587e+05  1.17746271e+00  5.48940989e+01 
 6.93100193e+05  1.04483745e+00  5.45844966e+01 
 7.01085757e+05  9.11704010e-01  5.42737227e+01 
 7.09163327e+05  7.78058598e-01  5.39618096e+01 
 7.17333962e+05  6.43897524e-01  5.36487898e+01 
 7.25598736e+05  5.09217191e-01  5.33346970e+01 
 7.33958732e+05  3.74014102e-01  5.30195651e+01 
 7.42415048e+05  2.38284865e-01  5.27034288e+01 
 7.50968794e+05  1.02026193e-01  5.23863234e+01 
 7.59621092e+05 -3.47650928e-02  5.20682848e+01 
 7.68373077e+05 -1.72092057e-01  5.17493494e+01 
 7.77225899e+05 -3.09957650e-01  5.14295541e+01 
 7.86180718e+05 -4.48364703e-01  5.11089365e+01 
 7.95238711e+05 -5.87315929e-01  5.07875345e+01 
 8.04401065e+05 -7.26813914e-01  5.04653865e+01 
 8.13668983e+05 -8.66861121e-01  5.01425316e+01 
 8.23043682e+05 -1.00745988e+00  4.98190091e+01 
 8.32526392e+05 -1.14861240e+00  4.94948588e+01 
 8.42118357e+05 -1.29032075e+00  4.91701209e+01 
 8.51820836e+05 -1.43258685e+00  4.88448359e+01 
 8.61635102e+05 -1.57541252e+00  4.85190448e+01 
 8.71562443e+05 -1.71879940e+00  4.81927888e+01 
 8.81604162e+05 -1.86274903e+00  4.78661094e+01 
 8.91761577e+05 -2.00726276e+00  4.75390484e+01 
 9.02036021e+05 -2.15234184e+00  4.72116478e+01 
 9.12428842e+05 -2.29798735e+00  4.68839500e+01 
 9.22941404e+05 -2.44420023e+00  4.65559973e+01 
 9.33575087e+05 -2.59098129e+00  4.62278324e+01 
 9.44331286e+05 -2.73833116e+00  4.58994981e+01 
 9.55211412e+05 -2.88625035e+00  4.55710370e+01 
 9.66216894e+05 -3.03473920e+00  4.52424923e+01 
 9.77349176e+05 -3.18379792e+00  4.49139069e+01 
 9.88609719e+05 -3.33342656e+00  4.45853238e+01 
 1.00000000e+06 -3.48362501e+00  4.42567860e+01 
 1.01152151e+06 -3.63439304e+00  4.39283365e+01 
 1.02317577e+06 -3.78573024e+00  4.36000181e+01 
 1.03496431e+06 -3.93763608e+00  4.32718738e+01 
 1.04688866e+06 -4.09010984e+00  4.29439462e+01 
 1.05895041e+06 -4.24315070e+00  4.26162778e+01 
 1.07115112e+06 -4.39675766e+00  4.22889111e+01 
 1.08349240e+06 -4.55092959e+00  4.19618882e+01 
 1.09597588e+06 -4.70566522e+00  4.16352511e+01 
 1.10860318e+06 -4.86096312e+00  4.13090414e+01 
 1.12137597e+06 -5.01682173e+00  4.09833007e+01 
 1.13429592e+06 -5.17323934e+00  4.06580700e+01 
 1.14736472e+06 -5.33021412e+00  4.03333902e+01 
 1.16058410e+06 -5.48774408e+00  4.00093015e+01 
 1.17395579e+06 -5.64582712e+00  3.96858442e+01 
 1.18748154e+06 -5.80446100e+00  3.93630578e+01 
 1.20116312e+06 -5.96364333e+00  3.90409816e+01 
 1.21500234e+06 -6.12337161e+00  3.87196543e+01 
 1.22900101e+06 -6.28364322e+00  3.83991142e+01 
 1.24316096e+06 -6.44445542e+00  3.80793992e+01 
 1.25748406e+06 -6.60580532e+00  3.77605465e+01 
 1.27197218e+06 -6.76768994e+00  3.74425930e+01 
 1.28662722e+06 -6.93010618e+00  3.71255747e+01 
 1.30145112e+06 -7.09305083e+00  3.68095275e+01 
 1.31644581e+06 -7.25652057e+00  3.64944862e+01 
 1.33161325e+06 -7.42051197e+00  3.61804855e+01 
 1.34695546e+06 -7.58502151e+00  3.58675590e+01 
 1.36247442e+06 -7.75004555e+00  3.55557402e+01 
 1.37817219e+06 -7.91558037e+00  3.52450614e+01 
 1.39405082e+06 -8.08162216e+00  3.49355546e+01 
 1.41011240e+06 -8.24816701e+00  3.46272510e+01 
 1.42635903e+06 -8.41521093e+00  3.43201813e+01 
 1.44279285e+06 -8.58274986e+00  3.40143751e+01 
 1.45941600e+06 -8.75077964e+00  3.37098618e+01 
 1.47623069e+06 -8.91929604e+00  3.34066697e+01 
 1.49323910e+06 -9.08829478e+00  3.31048265e+01 
 1.51044348e+06 -9.25777147e+00  3.28043593e+01 
 1.52784607e+06 -9.42772169e+00  3.25052943e+01 
 1.54544917e+06 -9.59814096e+00  3.22076571e+01 
 1.56325509e+06 -9.76902472e+00  3.19114724e+01 
 1.58126615e+06 -9.94036836e+00  3.16167642e+01 
 1.59948473e+06 -1.01121672e+01  3.13235559e+01 
 1.61791322e+06 -1.02844166e+01  3.10318699e+01 
 1.63655403e+06 -1.04571118e+01  3.07417282e+01 
 1.65540961e+06 -1.06302480e+01  3.04531516e+01 
 1.67448244e+06 -1.08038204e+01  3.01661605e+01 
 1.69377501e+06 -1.09778241e+01  2.98807744e+01 
 1.71328986e+06 -1.11522542e+01  2.95970121e+01 
 1.73302956e+06 -1.13271058e+01  2.93148916e+01 
 1.75299668e+06 -1.15023740e+01  2.90344302e+01 
 1.77319386e+06 -1.16780538e+01  2.87556444e+01 
 1.79362374e+06 -1.18541403e+01  2.84785501e+01 
 1.81428900e+06 -1.20306284e+01  2.82031622e+01 
 1.83519236e+06 -1.22075131e+01  2.79294953e+01 
 1.85633655e+06 -1.23847894e+01  2.76575628e+01 
 1.87772436e+06 -1.25624524e+01  2.73873776e+01 
 1.89935859e+06 -1.27404969e+01  2.71189521e+01 
 1.92124208e+06 -1.29189180e+01  2.68522976e+01 
 1.94337770e+06 -1.30977106e+01  2.65874250e+01 
 1.96576835e+06 -1.32768697e+01  2.63243444e+01 
 1.98841698e+06 -1.34563903e+01  2.60630653e+01 
 2.01132655e+06 -1.36362673e+01  2.58035963e+01 
 2.03450008e+06 -1.38164959e+01  2.55459457e+01 
 2.05794060e+06 -1.39970710e+01  2.52901208e+01 
 2.08165120e+06 -1.41779877e+01  2.50361286e+01 
 2.10563497e+06 -1.43592410e+01  2.47839752e+01 
 2.12989507e+06 -1.45408259e+01  2.45336661e+01 
 2.15443469e+06 -1.47227377e+01  2.42852065e+01 
 2.17925704e+06 -1.49049713e+01  2.40386005e+01 
 2.20436538e+06 -1.50875220e+01  2.37938521e+01 
 2.22976301e+06 -1.52703850e+01  2.35509645e+01 
 2.25545326e+06 -1.54535553e+01  2.33099402e+01 
 2.28143949e+06 -1.56370284e+01  2.30707814e+01 
 2.30772513e+06 -1.58207994e+01  2.28334897e+01 
 2.33431362e+06 -1.60048636e+01  2.25980661e+01 
 2.36120845e+06 -1.61892164e+01  2.23645110e+01 
 2.38841315e+06 -1.63738531e+01  2.21328246e+01 
 2.41593128e+06 -1.65587693e+01  2.19030063e+01 
 2.44376647e+06 -1.67439602e+01  2.16750552e+01 
 2.47192236e+06 -1.69294214e+01  2.14489699e+01 
 2.50040265e+06 -1.71151485e+01  2.12247484e+01 
 2.52921107e+06 -1.73011369e+01  2.10023885e+01 
 2.55835142e+06 -1.74873824e+01  2.07818873e+01 
 2.58782750e+06 -1.76738806e+01  2.05632418e+01 
 2.61764319e+06 -1.78606271e+01  2.03464482e+01 
 2.64780240e+06 -1.80476177e+01  2.01315027e+01 
 2.67830910e+06 -1.82348483e+01  1.99184008e+01 
 2.70916727e+06 -1.84223146e+01  1.97071378e+01 
 2.74038098e+06 -1.86100126e+01  1.94977087e+01 
 2.77195432e+06 -1.87979382e+01  1.92901078e+01 
 2.80389144e+06 -1.89860873e+01  1.90843296e+01 
 2.83619651e+06 -1.91744561e+01  1.88803677e+01 
 2.86887379e+06 -1.93630405e+01  1.86782158e+01 
 2.90192756e+06 -1.95518367e+01  1.84778672e+01 
 2.93536216e+06 -1.97408409e+01  1.82793148e+01 
 2.96918198e+06 -1.99300493e+01  1.80825513e+01 
 3.00339145e+06 -2.01194582e+01  1.78875690e+01 
 3.03799507e+06 -2.03090639e+01  1.76943602e+01 
 3.07299737e+06 -2.04988628e+01  1.75029166e+01 
 3.10840296e+06 -2.06888513e+01  1.73132300e+01 
 3.14421647e+06 -2.08790259e+01  1.71252917e+01 
 3.18044260e+06 -2.10693831e+01  1.69390930e+01 
 3.21708612e+06 -2.12599195e+01  1.67546248e+01 
 3.25415182e+06 -2.14506317e+01  1.65718778e+01 
 3.29164458e+06 -2.16415165e+01  1.63908427e+01 
 3.32956931e+06 -2.18325704e+01  1.62115098e+01 
 3.36793099e+06 -2.20237903e+01  1.60338693e+01 
 3.40673466e+06 -2.22151731e+01  1.58579112e+01 
 3.44598540e+06 -2.24067155e+01  1.56836255e+01 
 3.48568837e+06 -2.25984145e+01  1.55110018e+01 
 3.52584878e+06 -2.27902671e+01  1.53400298e+01 
 3.56647189e+06 -2.29822703e+01  1.51706988e+01 
 3.60756305e+06 -2.31744211e+01  1.50029981e+01 
 3.64912764e+06 -2.33667167e+01  1.48369170e+01 
 3.69117112e+06 -2.35591542e+01  1.46724445e+01 
 3.73369900e+06 -2.37517309e+01  1.45095696e+01 
 3.77671687e+06 -2.39444439e+01  1.43482812e+01 
 3.82023036e+06 -2.41372906e+01  1.41885679e+01 
 3.86424520e+06 -2.43302683e+01  1.40304185e+01 
 3.90876716e+06 -2.45233745e+01  1.38738217e+01 
 3.95380208e+06 -2.47166064e+01  1.37187658e+01 
 3.99935587e+06 -2.49099617e+01  1.35652394e+01 
 4.04543450e+06 -2.51034378e+01  1.34132309e+01 
 4.09204403e+06 -2.52970323e+01  1.32627285e+01 
 4.13919058e+06 -2.54907428e+01  1.31137206e+01 
 4.18688032e+06 -2.56845670e+01  1.29661955e+01 
 4.23511952e+06 -2.58785025e+01  1.28201413e+01 
 4.28391452e+06 -2.60725471e+01  1.26755461e+01 
 4.33327170e+06 -2.62666985e+01  1.25323981e+01 
 4.38319755e+06 -2.64609546e+01  1.23906854e+01 
 4.43369862e+06 -2.66553132e+01  1.22503961e+01 
 4.48478155e+06 -2.68497722e+01  1.21115182e+01 
 4.53645302e+06 -2.70443296e+01  1.19740398e+01 
 4.58871983e+06 -2.72389833e+01  1.18379490e+01 
 4.64158883e+06 -2.74337312e+01  1.17032336e+01 
 4.69506697e+06 -2.76285715e+01  1.15698819e+01 
 4.74916125e+06 -2.78235023e+01  1.14378818e+01 
 4.80387878e+06 -2.80185216e+01  1.13072213e+01 
 4.85922674e+06 -2.82136276e+01  1.11778885e+01 
 4.91521239e+06 -2.84088185e+01  1.10498715e+01 
 4.97184308e+06 -2.86040926e+01  1.09231584e+01 
 5.02912624e+06 -2.87994479e+01  1.07977371e+01 
 5.08706939e+06 -2.89948830e+01  1.06735959e+01 
 5.14568013e+06 -2.91903960e+01  1.05507229e+01 
 5.20496616e+06 -2.93859854e+01  1.04291063e+01 
 5.26493525e+06 -2.95816495e+01  1.03087342e+01 
 5.32559528e+06 -2.97773868e+01  1.01895949e+01 
 5.38695420e+06 -2.99731956e+01  1.00716766e+01 
 5.44902008e+06 -3.01690745e+01  9.95496772e+00 
 5.51180104e+06 -3.03650220e+01  9.83945650e+00 
 5.57530533e+06 -3.05610366e+01  9.72513134e+00 
 5.63954130e+06 -3.07571170e+01  9.61198069e+00 
 5.70451735e+06 -3.09532616e+01  9.49999299e+00 
 5.77024203e+06 -3.11494691e+01  9.38915678e+00 
 5.83672396e+06 -3.13457382e+01  9.27946062e+00 
 5.90397186e+06 -3.15420675e+01  9.17089312e+00 
 5.97199455e+06 -3.17384559e+01  9.06344295e+00 
 6.04080098e+06 -3.19349018e+01  8.95709883e+00 
 6.11040015e+06 -3.21314043e+01  8.85184954e+00 
 6.18080121e+06 -3.23279620e+01  8.74768391e+00 
 6.25201340e+06 -3.25245737e+01  8.64459082e+00 
 6.32404607e+06 -3.27212383e+01  8.54255923e+00 
 6.39690866e+06 -3.29179546e+01  8.44157814e+00 
 6.47061073e+06 -3.31147215e+01  8.34163661e+00 
 6.54516197e+06 -3.33115379e+01  8.24272379e+00 
 6.62057214e+06 -3.35084028e+01  8.14482885e+00 
 6.69685116e+06 -3.37053151e+01  8.04794106e+00 
 6.77400903e+06 -3.39022737e+01  7.95204973e+00 
 6.85205587e+06 -3.40992776e+01  7.85714424e+00 
 6.93100193e+06 -3.42963259e+01  7.76321405e+00 
 7.01085757e+06 -3.44934177e+01  7.67024868e+00 
 7.09163327e+06 -3.46905518e+01  7.57823769e+00 
 7.17333962e+06 -3.48877275e+01  7.48717075e+00 
 7.25598736e+06 -3.50849438e+01  7.39703757e+00 
 7.33958732e+06 -3.52821998e+01  7.30782793e+00 
 7.42415048e+06 -3.54794946e+01  7.21953170e+00 
 7.50968794e+06 -3.56768275e+01  7.13213879e+00 
 7.59621092e+06 -3.58741975e+01  7.04563919e+00 
 7.68373077e+06 -3.60716038e+01  6.96002297e+00 
 7.77225899e+06 -3.62690457e+01  6.87528026e+00 
 7.86180718e+06 -3.64665224e+01  6.79140126e+00 
 7.95238711e+06 -3.66640330e+01  6.70837624e+00 
 8.04401065e+06 -3.68615770e+01  6.62619554e+00 
 8.13668983e+06 -3.70591534e+01  6.54484958e+00 
 8.23043682e+06 -3.72567616e+01  6.46432883e+00 
 8.32526392e+06 -3.74544009e+01  6.38462385e+00 
 8.42118357e+06 -3.76520707e+01  6.30572527e+00 
 8.51820836e+06 -3.78497701e+01  6.22762377e+00 
 8.61635102e+06 -3.80474987e+01  6.15031011e+00 
 8.71562443e+06 -3.82452556e+01  6.07377514e+00 
 8.81604162e+06 -3.84430404e+01  5.99800975e+00 
 8.91761577e+06 -3.86408524e+01  5.92300492e+00 
 9.02036021e+06 -3.88386909e+01  5.84875169e+00 
 9.12428842e+06 -3.90365554e+01  5.77524117e+00 
 9.22941404e+06 -3.92344453e+01  5.70246453e+00 
 9.33575087e+06 -3.94323601e+01  5.63041305e+00 
 9.44331286e+06 -3.96302992e+01  5.55907802e+00 
 9.55211412e+06 -3.98282620e+01  5.48845084e+00 
 9.66216894e+06 -4.00262480e+01  5.41852296e+00 
 9.77349176e+06 -4.02242567e+01  5.34928591e+00 
 9.88609719e+06 -4.04222877e+01  5.28073127e+00 
 1.00000000e+07 -4.06203403e+01  5.21285071e+00 
 1.01152151e+07 -4.08184141e+01  5.14563595e+00 
 1.02317577e+07 -4.10165086e+01  5.07907878e+00 
 1.03496431e+07 -4.12146235e+01  5.01317105e+00 
 1.04688866e+07 -4.14127581e+01  4.94790470e+00 
 1.05895041e+07 -4.16109121e+01  4.88327170e+00 
 1.07115112e+07 -4.18090851e+01  4.81926411e+00 
 1.08349240e+07 -4.20072765e+01  4.75587405e+00 
 1.09597588e+07 -4.22054861e+01  4.69309370e+00 
 1.10860318e+07 -4.24037133e+01  4.63091529e+00 
 1.12137597e+07 -4.26019578e+01  4.56933115e+00 
 1.13429592e+07 -4.28002192e+01  4.50833363e+00 
 1.14736472e+07 -4.29984971e+01  4.44791518e+00 
 1.16058410e+07 -4.31967912e+01  4.38806827e+00 
 1.17395579e+07 -4.33951010e+01  4.32878547e+00 
 1.18748154e+07 -4.35934262e+01  4.27005940e+00 
 1.20116312e+07 -4.37917665e+01  4.21188272e+00 
 1.21500234e+07 -4.39901216e+01  4.15424816e+00 
 1.22900101e+07 -4.41884910e+01  4.09714853e+00 
 1.24316096e+07 -4.43868745e+01  4.04057668e+00 
 1.25748406e+07 -4.45852717e+01  3.98452550e+00 
 1.27197218e+07 -4.47836824e+01  3.92898797e+00 
 1.28662722e+07 -4.49821061e+01  3.87395711e+00 
 1.30145112e+07 -4.51805427e+01  3.81942600e+00 
 1.31644581e+07 -4.53789919e+01  3.76538778e+00 
 1.33161325e+07 -4.55774533e+01  3.71183562e+00 
 1.34695546e+07 -4.57759266e+01  3.65876279e+00 
 1.36247442e+07 -4.59744116e+01  3.60616256e+00 
 1.37817219e+07 -4.61729080e+01  3.55402831e+00 
 1.39405082e+07 -4.63714156e+01  3.50235342e+00 
 1.41011240e+07 -4.65699341e+01  3.45113135e+00 
 1.42635903e+07 -4.67684633e+01  3.40035562e+00 
 1.44279285e+07 -4.69670028e+01  3.35001978e+00 
 1.45941600e+07 -4.71655525e+01  3.30011743e+00 
 1.47623069e+07 -4.73641121e+01  3.25064225e+00 
 1.49323910e+07 -4.75626814e+01  3.20158792e+00 
 1.51044348e+07 -4.77612602e+01  3.15294822e+00 
 1.52784607e+07 -4.79598482e+01  3.10471694e+00 
 1.54544917e+07 -4.81584453e+01  3.05688793e+00 
 1.56325509e+07 -4.83570511e+01  3.00945510e+00 
 1.58126615e+07 -4.85556656e+01  2.96241238e+00 
 1.59948473e+07 -4.87542885e+01  2.91575377e+00 
 1.61791322e+07 -4.89529196e+01  2.86947331e+00 
 1.63655403e+07 -4.91515587e+01  2.82356506e+00 
 1.65540961e+07 -4.93502056e+01  2.77802316e+00 
 1.67448244e+07 -4.95488602e+01  2.73284176e+00 
 1.69377501e+07 -4.97475222e+01  2.68801509e+00 
 1.71328986e+07 -4.99461915e+01  2.64353739e+00 
 1.73302956e+07 -5.01448679e+01  2.59940294e+00 
 1.75299668e+07 -5.03435513e+01  2.55560609e+00 
 1.77319386e+07 -5.05422414e+01  2.51214121e+00 
 1.79362374e+07 -5.07409381e+01  2.46900270e+00 
 1.81428900e+07 -5.09396412e+01  2.42618503e+00 
 1.83519236e+07 -5.11383507e+01  2.38368267e+00 
 1.85633655e+07 -5.13370662e+01  2.34149017e+00 
 1.87772436e+07 -5.15357878e+01  2.29960207e+00 
 1.89935859e+07 -5.17345152e+01  2.25801299e+00 
 1.92124208e+07 -5.19332482e+01  2.21671756e+00 
 1.94337770e+07 -5.21319868e+01  2.17571046e+00 
 1.96576835e+07 -5.23307309e+01  2.13498639e+00 
 1.98841698e+07 -5.25294801e+01  2.09454009e+00 
 2.01132655e+07 -5.27282346e+01  2.05436634e+00 
 2.03450008e+07 -5.29269940e+01  2.01445995e+00 
 2.05794060e+07 -5.31257583e+01  1.97481576e+00 
 2.08165120e+07 -5.33245274e+01  1.93542864e+00 
 2.10563497e+07 -5.35233011e+01  1.89629349e+00 
 2.12989507e+07 -5.37220793e+01  1.85740525e+00 
 2.15443469e+07 -5.39208619e+01  1.81875889e+00 
 2.17925704e+07 -5.41196487e+01  1.78034940e+00 
 2.20436538e+07 -5.43184398e+01  1.74217181e+00 
 2.22976301e+07 -5.45172348e+01  1.70422115e+00 
 2.25545326e+07 -5.47160339e+01  1.66649253e+00 
 2.28143949e+07 -5.49148367e+01  1.62898103e+00 
 2.30772513e+07 -5.51136433e+01  1.59168180e+00 
 2.33431362e+07 -5.53124535e+01  1.55458999e+00 
 2.36120845e+07 -5.55112672e+01  1.51770079e+00 
 2.38841315e+07 -5.57100844e+01  1.48100941e+00 
 2.41593128e+07 -5.59089049e+01  1.44451109e+00 
 2.44376647e+07 -5.61077285e+01  1.40820108e+00 
 2.47192236e+07 -5.63065554e+01  1.37207466e+00 
 2.50040265e+07 -5.65053852e+01  1.33612714e+00 
 2.52921107e+07 -5.67042181e+01  1.30035384e+00 
 2.55835142e+07 -5.69030537e+01  1.26475012e+00 
 2.58782750e+07 -5.71018922e+01  1.22931133e+00 
 2.61764319e+07 -5.73007333e+01  1.19403288e+00 
 2.64780240e+07 -5.74995770e+01  1.15891016e+00 
 2.67830910e+07 -5.76984233e+01  1.12393861e+00 
 2.70916727e+07 -5.78972719e+01  1.08911368e+00 
 2.74038098e+07 -5.80961229e+01  1.05443082e+00 
 2.77195432e+07 -5.82949762e+01  1.01988553e+00 
 2.80389144e+07 -5.84938317e+01  9.85473296e-01 
 2.83619651e+07 -5.86926892e+01  9.51189645e-01 
 2.86887379e+07 -5.88915489e+01  9.17030105e-01 
 2.90192756e+07 -5.90904104e+01  8.82990224e-01 
 2.93536216e+07 -5.92892739e+01  8.49065567e-01 
 2.96918198e+07 -5.94881391e+01  8.15251709e-01 
 3.00339145e+07 -5.96870061e+01  7.81544242e-01 
 3.03799507e+07 -5.98858747e+01  7.47938771e-01 
 3.07299737e+07 -6.00847450e+01  7.14430912e-01 
 3.10840296e+07 -6.02836167e+01  6.81016295e-01 
 3.14421647e+07 -6.04824899e+01  6.47690560e-01 
 3.18044260e+07 -6.06813645e+01  6.14449360e-01 
 3.21708612e+07 -6.08802404e+01  5.81288358e-01 
 3.25415182e+07 -6.10791175e+01  5.48203224e-01 
 3.29164458e+07 -6.12779958e+01  5.15189642e-01 
 3.32956931e+07 -6.14768753e+01  4.82243303e-01 
 3.36793099e+07 -6.16757557e+01  4.49359906e-01 
 3.40673466e+07 -6.18746372e+01  4.16535157e-01 
 3.44598540e+07 -6.20735196e+01  3.83764772e-01 
 3.48568837e+07 -6.22724028e+01  3.51044472e-01 
 3.52584878e+07 -6.24712868e+01  3.18369983e-01 
 3.56647189e+07 -6.26701715e+01  2.85737040e-01 
 3.60756305e+07 -6.28690569e+01  2.53141381e-01 
 3.64912764e+07 -6.30679429e+01  2.20578749e-01 
 3.69117112e+07 -6.32668294e+01  1.88044891e-01 
 3.73369900e+07 -6.34657164e+01  1.55535557e-01 
 3.77671687e+07 -6.36646038e+01  1.23046502e-01 
 3.82023036e+07 -6.38634916e+01  9.05734814e-02 
 3.86424520e+07 -6.40623797e+01  5.81122538e-02 
 3.90876716e+07 -6.42612679e+01  2.56585786e-02 
 3.95380208e+07 -6.44601564e+01 -6.79178337e-03 
 3.99935587e+07 -6.46590449e+01 -3.92430713e-02 
 4.04543450e+07 -6.48579335e+01 -7.16995245e-02 
 4.09204403e+07 -6.50568221e+01 -1.04165383e-01 
 4.13919058e+07 -6.52557106e+01 -1.36644887e-01 
 4.18688032e+07 -6.54545990e+01 -1.69142281e-01 
 4.23511952e+07 -6.56534872e+01 -2.01661809e-01 
 4.28391452e+07 -6.58523751e+01 -2.34207719e-01 
 4.33327170e+07 -6.60512627e+01 -2.66784264e-01 
 4.38319755e+07 -6.62501499e+01 -2.99395697e-01 
 4.43369862e+07 -6.64490366e+01 -3.32046280e-01 
 4.48478155e+07 -6.66479229e+01 -3.64740275e-01 
 4.53645302e+07 -6.68468086e+01 -3.97481955e-01 
 4.58871983e+07 -6.70456936e+01 -4.30275595e-01 
 4.64158883e+07 -6.72445780e+01 -4.63125478e-01 
 4.69506697e+07 -6.74434616e+01 -4.96035893e-01 
 4.74916125e+07 -6.76423443e+01 -5.29011140e-01 
 4.80387878e+07 -6.78412262e+01 -5.62055522e-01 
 4.85922674e+07 -6.80401072e+01 -5.95173355e-01 
 4.91521239e+07 -6.82389871e+01 -6.28368963e-01 
 4.97184308e+07 -6.84378659e+01 -6.61646680e-01 
 5.02912624e+07 -6.86367436e+01 -6.95010848e-01 
 5.08706939e+07 -6.88356201e+01 -7.28465824e-01 
 5.14568013e+07 -6.90344953e+01 -7.62015973e-01 
 5.20496616e+07 -6.92333692e+01 -7.95665675e-01 
 5.26493525e+07 -6.94322416e+01 -8.29419319e-01 
 5.32559528e+07 -6.96311126e+01 -8.63281309e-01 
 5.38695420e+07 -6.98299820e+01 -8.97256064e-01 
 5.44902008e+07 -7.00288497e+01 -9.31348015e-01 
 5.51180104e+07 -7.02277158e+01 -9.65561609e-01 
 5.57530533e+07 -7.04265801e+01 -9.99901307e-01 
 5.63954130e+07 -7.06254426e+01 -1.03437159e+00 
 5.70451735e+07 -7.08243031e+01 -1.06897694e+00 
 5.77024203e+07 -7.10231616e+01 -1.10372188e+00 
 5.83672396e+07 -7.12220181e+01 -1.13861094e+00 
 5.90397186e+07 -7.14208724e+01 -1.17364866e+00 
 5.97199455e+07 -7.16197245e+01 -1.20883961e+00 
 6.04080098e+07 -7.18185743e+01 -1.24418836e+00 
 6.11040015e+07 -7.20174216e+01 -1.27969953e+00 
 6.18080121e+07 -7.22162666e+01 -1.31537775e+00 
 6.25201340e+07 -7.24151089e+01 -1.35122764e+00 
 6.32404607e+07 -7.26139486e+01 -1.38725389e+00 
 6.39690866e+07 -7.28127856e+01 -1.42346117e+00 
 6.47061073e+07 -7.30116198e+01 -1.45985421e+00 
 6.54516197e+07 -7.32104510e+01 -1.49643773e+00 
 6.62057214e+07 -7.34092793e+01 -1.53321650e+00 
 6.69685116e+07 -7.36081045e+01 -1.57019529e+00 
 6.77400903e+07 -7.38069265e+01 -1.60737891e+00 
 6.85205587e+07 -7.40057452e+01 -1.64477220e+00 
 6.93100193e+07 -7.42045605e+01 -1.68238001e+00 
 7.01085757e+07 -7.44033724e+01 -1.72020723e+00 
 7.09163327e+07 -7.46021807e+01 -1.75825877e+00 
 7.17333962e+07 -7.48009853e+01 -1.79653957e+00 
 7.25598736e+07 -7.49997862e+01 -1.83505460e+00 
 7.33958732e+07 -7.51985831e+01 -1.87380886e+00 
 7.42415048e+07 -7.53973760e+01 -1.91280737e+00 
 7.50968794e+07 -7.55961649e+01 -1.95205520e+00 
 7.59621092e+07 -7.57949495e+01 -1.99155742e+00 
 7.68373077e+07 -7.59937298e+01 -2.03131916e+00 
 7.77225899e+07 -7.61925056e+01 -2.07134557e+00 
 7.86180718e+07 -7.63912769e+01 -2.11164183e+00 
 7.95238711e+07 -7.65900434e+01 -2.15221316e+00 
 8.04401065e+07 -7.67888051e+01 -2.19306481e+00 
 8.13668983e+07 -7.69875619e+01 -2.23420207e+00 
 8.23043682e+07 -7.71863137e+01 -2.27563024e+00 
 8.32526392e+07 -7.73850602e+01 -2.31735470e+00 
 8.42118357e+07 -7.75838013e+01 -2.35938082e+00 
 8.51820836e+07 -7.77825370e+01 -2.40171404e+00 
 8.61635102e+07 -7.79812671e+01 -2.44435983e+00 
 8.71562443e+07 -7.81799914e+01 -2.48732367e+00 
 8.81604162e+07 -7.83787098e+01 -2.53061113e+00 
 8.91761577e+07 -7.85774221e+01 -2.57422777e+00 
 9.02036021e+07 -7.87761282e+01 -2.61817922e+00 
 9.12428842e+07 -7.89748279e+01 -2.66247114e+00 
 9.22941404e+07 -7.91735212e+01 -2.70710923e+00 
 9.33575087e+07 -7.93722077e+01 -2.75209923e+00 
 9.44331286e+07 -7.95708874e+01 -2.79744694e+00 
 9.55211412e+07 -7.97695600e+01 -2.84315817e+00 
 9.66216894e+07 -7.99682255e+01 -2.88923881e+00 
 9.77349176e+07 -8.01668836e+01 -2.93569476e+00 
 9.88609719e+07 -8.03655341e+01 -2.98253200e+00 
 1.00000000e+08 -8.05641769e+01 -3.02975652e+00 
