 frequency       Youtmag         Youtphdeg      
 1.00000000e+05  1.47574825e-02 -3.35478958e+00 
 1.01152151e+05  1.47568766e-02 -3.39335034e+00 
 1.02317577e+05  1.47562568e-02 -3.43235061e+00 
 1.03496431e+05  1.47556227e-02 -3.47179703e+00 
 1.04688866e+05  1.47549739e-02 -3.51169537e+00 
 1.05895041e+05  1.47543102e-02 -3.55204869e+00 
 1.07115112e+05  1.47536313e-02 -3.59286366e+00 
 1.08349240e+05  1.47529367e-02 -3.63414518e+00 
 1.09597588e+05  1.47522261e-02 -3.67589906e+00 
 1.10860318e+05  1.47514991e-02 -3.71812930e+00 
 1.12137597e+05  1.47507554e-02 -3.76084175e+00 
 1.13429592e+05  1.47499945e-02 -3.80404225e+00 
 1.14736472e+05  1.47492162e-02 -3.84773486e+00 
 1.16058410e+05  1.47484199e-02 -3.89192725e+00 
 1.17395579e+05  1.47476053e-02 -3.93662443e+00 
 1.18748154e+05  1.47467720e-02 -3.98183095e+00 
 1.20116312e+05  1.47459195e-02 -4.02755274e+00 
 1.21500234e+05  1.47450474e-02 -4.07379619e+00 
 1.22900101e+05  1.47441552e-02 -4.12056682e+00 
 1.24316096e+05  1.47432426e-02 -4.16787105e+00 
 1.25748406e+05  1.47423089e-02 -4.21571354e+00 
 1.27197218e+05  1.47413538e-02 -4.26410212e+00 
 1.28662722e+05  1.47403767e-02 -4.31304057e+00 
 1.30145112e+05  1.47393772e-02 -4.36253720e+00 
 1.31644581e+05  1.47383548e-02 -4.41259631e+00 
 1.33161325e+05  1.47373088e-02 -4.46322580e+00 
 1.34695546e+05  1.47362388e-02 -4.51443046e+00 
 1.36247442e+05  1.47351443e-02 -4.56621870e+00 
 1.37817219e+05  1.47340247e-02 -4.61859535e+00 
 1.39405082e+05  1.47328794e-02 -4.67156706e+00 
 1.41011240e+05  1.47317078e-02 -4.72514098e+00 
 1.42635903e+05  1.47305093e-02 -4.77932383e+00 
 1.44279285e+05  1.47292834e-02 -4.83412099e+00 
 1.45941600e+05  1.47280293e-02 -4.88954059e+00 
 1.47623069e+05  1.47267465e-02 -4.94558944e+00 
 1.49323910e+05  1.47254344e-02 -5.00227437e+00 
 1.51044348e+05  1.47240921e-02 -5.05960045e+00 
 1.52784607e+05  1.47227192e-02 -5.11757864e+00 
 1.54544917e+05  1.47213148e-02 -5.17621183e+00 
 1.56325509e+05  1.47198782e-02 -5.23551060e+00 
 1.58126615e+05  1.47184088e-02 -5.29547970e+00 
 1.59948473e+05  1.47169058e-02 -5.35612845e+00 
 1.61791322e+05  1.47153684e-02 -5.41746213e+00 
 1.63655403e+05  1.47137959e-02 -5.47949148e+00 
 1.65540961e+05  1.47121875e-02 -5.54222053e+00 
 1.67448244e+05  1.47105423e-02 -5.60565830e+00 
 1.69377501e+05  1.47088595e-02 -5.66981251e+00 
 1.71328986e+05  1.47071384e-02 -5.73469273e+00 
 1.73302956e+05  1.47053779e-02 -5.80030225e+00 
 1.75299668e+05  1.47035773e-02 -5.86665075e+00 
 1.77319386e+05  1.47017356e-02 -5.93375066e+00 
 1.79362374e+05  1.46998520e-02 -6.00160634e+00 
 1.81428900e+05  1.46979254e-02 -6.07022401e+00 
 1.83519236e+05  1.46959550e-02 -6.13961535e+00 
 1.85633655e+05  1.46939397e-02 -6.20978761e+00 
 1.87772436e+05  1.46918786e-02 -6.28074719e+00 
 1.89935859e+05  1.46897705e-02 -6.35250506e+00 
 1.92124208e+05  1.46876145e-02 -6.42506684e+00 
 1.94337770e+05  1.46854095e-02 -6.49844544e+00 
 1.96576835e+05  1.46831544e-02 -6.57264662e+00 
 1.98841698e+05  1.46808481e-02 -6.64767802e+00 
 2.01132655e+05  1.46784895e-02 -6.72355185e+00 
 2.03450008e+05  1.46760773e-02 -6.80027321e+00 
 2.05794060e+05  1.46736104e-02 -6.87785174e+00 
 2.08165120e+05  1.46710877e-02 -6.95629992e+00 
 2.10563497e+05  1.46685078e-02 -7.03562577e+00 
 2.12989507e+05  1.46658695e-02 -7.11583380e+00 
 2.15443469e+05  1.46631714e-02 -7.19693853e+00 
 2.17925704e+05  1.46604124e-02 -7.27894734e+00 
 2.20436538e+05  1.46575910e-02 -7.36186863e+00 
 2.22976301e+05  1.46547059e-02 -7.44571270e+00 
 2.25545326e+05  1.46517556e-02 -7.53049083e+00 
 2.28143949e+05  1.46487388e-02 -7.61620902e+00 
 2.30772513e+05  1.46456539e-02 -7.70287967e+00 
 2.33431362e+05  1.46424995e-02 -7.79050988e+00 
 2.36120845e+05  1.46392741e-02 -7.87911409e+00 
 2.38841315e+05  1.46359761e-02 -7.96869875e+00 
 2.41593128e+05  1.46326039e-02 -8.05927309e+00 
 2.44376647e+05  1.46291560e-02 -8.15085103e+00 
 2.47192236e+05  1.46256306e-02 -8.24343847e+00 
 2.50040265e+05  1.46220261e-02 -8.33704776e+00 
 2.52921107e+05  1.46183408e-02 -8.43168777e+00 
 2.55835142e+05  1.46145728e-02 -8.52736934e+00 
 2.58782750e+05  1.46107206e-02 -8.62410433e+00 
 2.61764319e+05  1.46067820e-02 -8.72190026e+00 
 2.64780240e+05  1.46027555e-02 -8.82077109e+00 
 2.67830910e+05  1.45986391e-02 -8.92072556e+00 
 2.70916727e+05  1.45944307e-02 -9.02177253e+00 
 2.74038098e+05  1.45901286e-02 -9.12392649e+00 
 2.77195432e+05  1.45857306e-02 -9.22719483e+00 
 2.80389144e+05  1.45812347e-02 -9.33158968e+00 
 2.83619651e+05  1.45766387e-02 -9.43711881e+00 
 2.86887379e+05  1.45719408e-02 -9.54380100e+00 
 2.90192756e+05  1.45671385e-02 -9.65163901e+00 
 2.93536216e+05  1.45622297e-02 -9.76064840e+00 
 2.96918198e+05  1.45572123e-02 -9.87083955e+00 
 3.00339145e+05  1.45520837e-02 -9.98222030e+00 
 3.03799507e+05  1.45468419e-02 -1.00948078e+01 
 3.07299737e+05  1.45414843e-02 -1.02086094e+01 
 3.10840296e+05  1.45360085e-02 -1.03236345e+01 
 3.14421647e+05  1.45304121e-02 -1.04398983e+01 
 3.18044260e+05  1.45246926e-02 -1.05574088e+01 
 3.21708612e+05  1.45188474e-02 -1.06761816e+01 
 3.25415182e+05  1.45128738e-02 -1.07962235e+01 
 3.29164458e+05  1.45067693e-02 -1.09175487e+01 
 3.32956931e+05  1.45005311e-02 -1.10401683e+01 
 3.36793099e+05  1.44941564e-02 -1.11640889e+01 
 3.40673466e+05  1.44876427e-02 -1.12893337e+01 
 3.44598540e+05  1.44809868e-02 -1.14159027e+01 
 3.48568837e+05  1.44741860e-02 -1.15438117e+01 
 3.52584878e+05  1.44672372e-02 -1.16730712e+01 
 3.56647189e+05  1.44601376e-02 -1.18036940e+01 
 3.60756305e+05  1.44528840e-02 -1.19356911e+01 
 3.64912764e+05  1.44454736e-02 -1.20690796e+01 
 3.69117112e+05  1.44379026e-02 -1.22038568e+01 
 3.73369900e+05  1.44301685e-02 -1.23400495e+01 
 3.77671687e+05  1.44222676e-02 -1.24776593e+01 
 3.82023036e+05  1.44141969e-02 -1.26167046e+01 
 3.86424520e+05  1.44059530e-02 -1.27571950e+01 
 3.90876716e+05  1.43975318e-02 -1.28991298e+01 
 3.95380208e+05  1.43889309e-02 -1.30425393e+01 
 3.99935587e+05  1.43801462e-02 -1.31874271e+01 
 4.04543450e+05  1.43711743e-02 -1.33338043e+01 
 4.09204403e+05  1.43620112e-02 -1.34816773e+01 
 4.13919058e+05  1.43526537e-02 -1.36310653e+01 
 4.18688032e+05  1.43430979e-02 -1.37819772e+01 
 4.23511952e+05  1.43333398e-02 -1.39344204e+01 
 4.28391452e+05  1.43233757e-02 -1.40884085e+01 
 4.33327170e+05  1.43132019e-02 -1.42439552e+01 
 4.38319755e+05  1.43028143e-02 -1.44010712e+01 
 4.43369862e+05  1.42922091e-02 -1.45597677e+01 
 4.48478155e+05  1.42813814e-02 -1.47200436e+01 
 4.53645302e+05  1.42703281e-02 -1.48819256e+01 
 4.58871983e+05  1.42590445e-02 -1.50454154e+01 
 4.64158883e+05  1.42475263e-02 -1.52105226e+01 
 4.69506697e+05  1.42357698e-02 -1.53772663e+01 
 4.74916125e+05  1.42237699e-02 -1.55456462e+01 
 4.80387878e+05  1.42115230e-02 -1.57156825e+01 
 4.85922674e+05  1.41990240e-02 -1.58873759e+01 
 4.91521239e+05  1.41862691e-02 -1.60607459e+01 
 4.97184308e+05  1.41732533e-02 -1.62357945e+01 
 5.02912624e+05  1.41599717e-02 -1.64125278e+01 
 5.08706939e+05  1.41464205e-02 -1.65909650e+01 
 5.14568013e+05  1.41325943e-02 -1.67711081e+01 
 5.20496616e+05  1.41184888e-02 -1.69529686e+01 
 5.26493525e+05  1.41040990e-02 -1.71365548e+01 
 5.32559528e+05  1.40894209e-02 -1.73218832e+01 
 5.38695420e+05  1.40744483e-02 -1.75089470e+01 
 5.44902008e+05  1.40591770e-02 -1.76977602e+01 
 5.51180104e+05  1.40436021e-02 -1.78883338e+01 
 5.57530533e+05  1.40277186e-02 -1.80806737e+01 
 5.63954130e+05  1.40115218e-02 -1.82747905e+01 
 5.70451735e+05  1.39950063e-02 -1.84706879e+01 
 5.77024203e+05  1.39781668e-02 -1.86683684e+01 
 5.83672396e+05  1.39609986e-02 -1.88678443e+01 
 5.90397186e+05  1.39434966e-02 -1.90691214e+01 
 5.97199455e+05  1.39256555e-02 -1.92722060e+01 
 6.04080098e+05  1.39074701e-02 -1.94770996e+01 
 6.11040015e+05  1.38889351e-02 -1.96838098e+01 
 6.18080121e+05  1.38700452e-02 -1.98923377e+01 
 6.25201340e+05  1.38507958e-02 -2.01026977e+01 
 6.32404607e+05  1.38311814e-02 -2.03148884e+01 
 6.39690866e+05  1.38111962e-02 -2.05289091e+01 
 6.47061073e+05  1.37908354e-02 -2.07447672e+01 
 6.54516197e+05  1.37700938e-02 -2.09624668e+01 
 6.62057214e+05  1.37489659e-02 -2.11820092e+01 
 6.69685116e+05  1.37274466e-02 -2.14033961e+01 
 6.77400903e+05  1.37055302e-02 -2.16266265e+01 
 6.85205587e+05  1.36832128e-02 -2.18517143e+01 
 6.93100193e+05  1.36604875e-02 -2.20786431e+01 
 7.01085757e+05  1.36373486e-02 -2.23074082e+01 
 7.09163327e+05  1.36137943e-02 -2.25380451e+01 
 7.17333962e+05  1.35898168e-02 -2.27705248e+01 
 7.25598736e+05  1.35654103e-02 -2.30048404e+01 
 7.33958732e+05  1.35405718e-02 -2.32410111e+01 
 7.42415048e+05  1.35152952e-02 -2.34790237e+01 
 7.50968794e+05  1.34895748e-02 -2.37188693e+01 
 7.59621092e+05  1.34634066e-02 -2.39605540e+01 
 7.68373077e+05  1.34367849e-02 -2.42040661e+01 
 7.77225899e+05  1.34097057e-02 -2.44494088e+01 
 7.86180718e+05  1.33821650e-02 -2.46965857e+01 
 7.95238711e+05  1.33541559e-02 -2.49455682e+01 
 8.04401065e+05  1.33256754e-02 -2.51963678e+01 
 8.13668983e+05  1.32967176e-02 -2.54489638e+01 
 8.23043682e+05  1.32672789e-02 -2.57033573e+01 
 8.32526392e+05  1.32373553e-02 -2.59595426e+01 
 8.42118357e+05  1.32069419e-02 -2.62175069e+01 
 8.51820836e+05  1.31760344e-02 -2.64772374e+01 
 8.61635102e+05  1.31446290e-02 -2.67387288e+01 
 8.71562443e+05  1.31127218e-02 -2.70019686e+01 
 8.81604162e+05  1.30803083e-02 -2.72669407e+01 
 8.91761577e+05  1.30473857e-02 -2.75336398e+01 
 9.02036021e+05  1.30139504e-02 -2.78020535e+01 
 9.12428842e+05  1.29799986e-02 -2.80721654e+01 
 9.22941404e+05  1.29455261e-02 -2.83439517e+01 
 9.33575087e+05  1.29105303e-02 -2.86174031e+01 
 9.44331286e+05  1.28750094e-02 -2.88925136e+01 
 9.55211412e+05  1.28389588e-02 -2.91692514e+01 
 9.66216894e+05  1.28023785e-02 -2.94476206e+01 
 9.77349176e+05  1.27652634e-02 -2.97275815e+01 
 9.88609719e+05  1.27276124e-02 -3.00091264e+01 
 1.00000000e+06  1.26894228e-02 -3.02922289e+01 
 1.01152151e+06  1.26506917e-02 -3.05768621e+01 
 1.02317577e+06  1.26114208e-02 -3.08630311e+01 
 1.03496431e+06  1.25716059e-02 -3.11506930e+01 
 1.04688866e+06  1.25312453e-02 -3.14398222e+01 
 1.05895041e+06  1.24903399e-02 -3.17304105e+01 
 1.07115112e+06  1.24488870e-02 -3.20224198e+01 
 1.08349240e+06  1.24068856e-02 -3.23158216e+01 
 1.09597588e+06  1.23643386e-02 -3.26106157e+01 
 1.10860318e+06  1.23212425e-02 -3.29067498e+01 
 1.12137597e+06  1.22775985e-02 -3.32042067e+01 
 1.13429592e+06  1.22334074e-02 -3.35029608e+01 
 1.14736472e+06  1.21886685e-02 -3.38029740e+01 
 1.16058410e+06  1.21433843e-02 -3.41042289e+01 
 1.17395579e+06  1.20975548e-02 -3.44066882e+01 
 1.18748154e+06  1.20511818e-02 -3.47103243e+01 
 1.20116312e+06  1.20042662e-02 -3.50151004e+01 
 1.21500234e+06  1.19568107e-02 -3.53209891e+01 
 1.22900101e+06  1.19088172e-02 -3.56279576e+01 
 1.24316096e+06  1.18602877e-02 -3.59359677e+01 
 1.25748406e+06  1.18112255e-02 -3.62449903e+01 
 1.27197218e+06  1.17616326e-02 -3.65549833e+01 
 1.28662722e+06  1.17115142e-02 -3.68659247e+01 
 1.30145112e+06  1.16608707e-02 -3.71777575e+01 
 1.31644581e+06  1.16097103e-02 -3.74904738e+01 
 1.33161325e+06  1.15580329e-02 -3.78040085e+01 
 1.34695546e+06  1.15058450e-02 -3.81183387e+01 
 1.36247442e+06  1.14531517e-02 -3.84334276e+01 
 1.37817219e+06  1.13999574e-02 -3.87492331e+01 
 1.39405082e+06  1.13462658e-02 -3.90657067e+01 
 1.41011240e+06  1.12920818e-02 -3.93828050e+01 
 1.42635903e+06  1.12374162e-02 -3.97005186e+01 
 1.44279285e+06  1.11822714e-02 -4.00187847e+01 
 1.45941600e+06  1.11266534e-02 -4.03375598e+01 
 1.47623069e+06  1.10705693e-02 -4.06568051e+01 
 1.49323910e+06  1.10140259e-02 -4.09764795e+01 
 1.51044348e+06  1.09570339e-02 -4.12965612e+01 
 1.52784607e+06  1.08995950e-02 -4.16169746e+01 
 1.54544917e+06  1.08417196e-02 -4.19376928e+01 
 1.56325509e+06  1.07834127e-02 -4.22586568e+01 
 1.58126615e+06  1.07246857e-02 -4.25798420e+01 
 1.59948473e+06  1.06655497e-02 -4.29012209e+01 
 1.61791322e+06  1.06060106e-02 -4.32227342e+01 
 1.63655403e+06  1.05460728e-02 -4.35443127e+01 
 1.65540961e+06  1.04857468e-02 -4.38659211e+01 
 1.67448244e+06  1.04250481e-02 -4.41875512e+01 
 1.69377501e+06  1.03639803e-02 -4.45091258e+01 
 1.71328986e+06  1.03025520e-02 -4.48305949e+01 
 1.73302956e+06  1.02407807e-02 -4.51519572e+01 
 1.75299668e+06  1.01786732e-02 -4.54731503e+01 
 1.77319386e+06  1.01162371e-02 -4.57941165e+01 
 1.79362374e+06  1.00534759e-02 -4.61147738e+01 
 1.81428900e+06  9.99041413e-03 -4.64351555e+01 
 1.83519236e+06  9.92705594e-03 -4.67551821e+01 
 1.85633655e+06  9.86341053e-03 -4.70748015e+01 
 1.87772436e+06  9.79949495e-03 -4.73940033e+01 
 1.89935859e+06  9.73531366e-03 -4.77127089e+01 
 1.92124208e+06  9.67087895e-03 -4.80308817e+01 
 1.94337770e+06  9.60620423e-03 -4.83484904e+01 
 1.96576835e+06  9.54129697e-03 -4.86654723e+01 
 1.98841698e+06  9.47617690e-03 -4.89818291e+01 
 2.01132655e+06  9.41084663e-03 -4.92974722e+01 
 2.03450008e+06  9.34531957e-03 -4.96123702e+01 
 2.05794060e+06  9.27961171e-03 -4.99265050e+01 
 2.08165120e+06  9.21373299e-03 -5.02398272e+01 
 2.10563497e+06  9.14768871e-03 -5.05522635e+01 
 2.12989507e+06  9.08150245e-03 -5.08638358e+01 
 2.15443469e+06  9.01517445e-03 -5.11744456e+01 
 2.17925704e+06  8.94872335e-03 -5.14840900e+01 
 2.20436538e+06  8.88215878e-03 -5.17927201e+01 
 2.22976301e+06  8.81548999e-03 -5.21002859e+01 
 2.25545326e+06  8.74873471e-03 -5.24067810e+01 
 2.28143949e+06  8.68189709e-03 -5.27121313e+01 
 2.30772513e+06  8.61499722e-03 -5.30163434e+01 
 2.33431362e+06  8.54803556e-03 -5.33193266e+01 
 2.36120845e+06  8.48103307e-03 -5.36210938e+01 
 2.38841315e+06  8.41400152e-03 -5.39216125e+01 
 2.41593128e+06  8.34694181e-03 -5.42207976e+01 
 2.44376647e+06  8.27987864e-03 -5.45186830e+01 
 2.47192236e+06  8.21280920e-03 -5.48151677e+01 
 2.50040265e+06  8.14575925e-03 -5.51102928e+01 
 2.52921107e+06  8.07872381e-03 -5.54039493e+01 
 2.55835142e+06  8.01172662e-03 -5.56961706e+01 
 2.58782750e+06  7.94477438e-03 -5.59869078e+01 
 2.61764319e+06  7.87787347e-03 -5.62761119e+01 
 2.64780240e+06  7.81104242e-03 -5.65637942e+01 
 2.67830910e+06  7.74428090e-03 -5.68498762e+01 
 2.70916727e+06  7.67760387e-03 -5.71343548e+01 
 2.74038098e+06  7.61103401e-03 -5.74172652e+01 
 2.77195432e+06  7.54455770e-03 -5.76984696e+01 
 2.80389144e+06  7.47819877e-03 -5.79780118e+01 
 2.83619651e+06  7.41196201e-03 -5.82558457e+01 
 2.86887379e+06  7.34586469e-03 -5.85319864e+01 
 2.90192756e+06  7.27990491e-03 -5.88063589e+01 
 2.93536216e+06  7.21409643e-03 -5.90789647e+01 
 2.96918198e+06  7.14844974e-03 -5.93497913e+01 
 3.00339145e+06  7.08296556e-03 -5.96187813e+01 
 3.03799507e+06  7.01766052e-03 -5.98859544e+01 
 3.07299737e+06  6.95254151e-03 -6.01512858e+01 
 3.10840296e+06  6.88761532e-03 -6.04147517e+01 
 3.14421647e+06  6.82289187e-03 -6.06763450e+01 
 3.18044260e+06  6.75837124e-03 -6.09360134e+01 
 3.21708612e+06  6.69406967e-03 -6.11937827e+01 
 3.25415182e+06  6.62998707e-03 -6.14496035e+01 
 3.29164458e+06  6.56612650e-03 -6.17034425e+01 
 3.32956931e+06  6.50251064e-03 -6.19553606e+01 
 3.36793099e+06  6.43914251e-03 -6.22053276e+01 
 3.40673466e+06  6.37601186e-03 -6.24532528e+01 
 3.44598540e+06  6.31314135e-03 -6.26992013e+01 
 3.48568837e+06  6.25052723e-03 -6.29431163e+01 
 3.52584878e+06  6.18818226e-03 -6.31850195e+01 
 3.56647189e+06  6.12610597e-03 -6.34248724e+01 
 3.60756305e+06  6.06430780e-03 -6.36626845e+01 
 3.64912764e+06  6.00279059e-03 -6.38984355e+01 
 3.69117112e+06  5.94155715e-03 -6.41321070e+01 
 3.73369900e+06  5.88061365e-03 -6.43636974e+01 
 3.77671687e+06  5.81996969e-03 -6.45932226e+01 
 3.82023036e+06  5.75962479e-03 -6.48206530e+01 
 3.86424520e+06  5.69958187e-03 -6.50459761e+01 
 3.90876716e+06  5.63984728e-03 -6.52691969e+01 
 3.95380208e+06  5.58042064e-03 -6.54902901e+01 
 3.99935587e+06  5.52131516e-03 -6.57092957e+01 
 4.04543450e+06  5.46251360e-03 -6.59261120e+01 
 4.09204403e+06  5.40404972e-03 -6.61408777e+01 
 4.13919058e+06  5.34589954e-03 -6.63534622e+01 
 4.18688032e+06  5.28807658e-03 -6.65639117e+01 
 4.23511952e+06  5.23058081e-03 -6.67722102e+01 
 4.28391452e+06  5.17342252e-03 -6.69783913e+01 
 4.33327170e+06  5.11658812e-03 -6.71823774e+01 
 4.38319755e+06  5.06009495e-03 -6.73842376e+01 
 4.43369862e+06  5.00393296e-03 -6.75839130e+01 
 4.48478155e+06  4.94811282e-03 -6.77814435e+01 
 4.53645302e+06  4.89262807e-03 -6.79767890e+01 
 4.58871983e+06  4.83748614e-03 -6.81699760e+01 
 4.64158883e+06  4.78269110e-03 -6.83610165e+01 
 4.69506697e+06  4.72824369e-03 -6.85499071e+01 
 4.74916125e+06  4.67412735e-03 -6.87365633e+01 
 4.80387878e+06  4.62036033e-03 -6.89210667e+01 
 4.85922674e+06  4.56694362e-03 -6.91034182e+01 
 4.91521239e+06  4.51387486e-03 -6.92836029e+01 
 4.97184308e+06  4.46113433e-03 -6.94615233e+01 
 5.02912624e+06  4.40875467e-03 -6.96373343e+01 
 5.08706939e+06  4.35671986e-03 -6.98109574e+01 
 5.14568013e+06  4.30502440e-03 -6.99823652e+01 
 5.20496616e+06  4.25369088e-03 -7.01516671e+01 
 5.26493525e+06  4.20268598e-03 -7.03187018e+01 
 5.32559528e+06  4.15203252e-03 -7.04835809e+01 
 5.38695420e+06  4.10171486e-03 -7.06462295e+01 
 5.44902008e+06  4.05175962e-03 -7.08067800e+01 
 5.51180104e+06  4.00213021e-03 -7.09650550e+01 
 5.57530533e+06  3.95285702e-03 -7.11212068e+01 
 5.63954130e+06  3.90390006e-03 -7.12750404e+01 
 5.70451735e+06  3.85529700e-03 -7.14267458e+01 
 5.77024203e+06  3.80704333e-03 -7.15763047e+01 
 5.83672396e+06  3.75912048e-03 -7.17236282e+01 
 5.90397186e+06  3.71152405e-03 -7.18686977e+01 
 5.97199455e+06  3.66426395e-03 -7.20115670e+01 
 6.04080098e+06  3.61734309e-03 -7.21522555e+01 
 6.11040015e+06  3.57076450e-03 -7.22907834e+01 
 6.18080121e+06  3.52449580e-03 -7.24269892e+01 
 6.25201340e+06  3.47855437e-03 -7.25609659e+01 
 6.32404607e+06  3.43295061e-03 -7.26927718e+01 
 6.39690866e+06  3.38765948e-03 -7.28222810e+01 
 6.47061073e+06  3.34271291e-03 -7.29496648e+01 
 6.54516197e+06  3.29805751e-03 -7.30746467e+01 
 6.62057214e+06  3.25372541e-03 -7.31973986e+01 
 6.69685116e+06  3.20971324e-03 -7.33179062e+01 
 6.77400903e+06  3.16601769e-03 -7.34361553e+01 
 6.85205587e+06  3.12261410e-03 -7.35520152e+01 
 6.93100193e+06  3.07953506e-03 -7.36656636e+01 
 7.01085757e+06  3.03675605e-03 -7.37769693e+01 
 7.09163327e+06  2.99429555e-03 -7.38860347e+01 
 7.17333962e+06  2.95211486e-03 -7.39926464e+01 
 7.25598736e+06  2.91023977e-03 -7.40969461e+01 
 7.33958732e+06  2.86866035e-03 -7.41988773e+01 
 7.42415048e+06  2.82736673e-03 -7.42983818e+01 
 7.50968794e+06  2.78637063e-03 -7.43955226e+01 
 7.59621092e+06  2.74565516e-03 -7.44901989e+01 
 7.68373077e+06  2.70523216e-03 -7.45824735e+01 
 7.77225899e+06  2.66508488e-03 -7.46722423e+01 
 7.86180718e+06  2.62521813e-03 -7.47595250e+01 
 7.95238711e+06  2.58563681e-03 -7.48443419e+01 
 8.04401065e+06  2.54630994e-03 -7.49264960e+01 
 8.13668983e+06  2.50726412e-03 -7.50061341e+01 
 8.23043682e+06  2.46849006e-03 -7.50831861e+01 
 8.32526392e+06  2.42997132e-03 -7.51575338e+01 
 8.42118357e+06  2.39170590e-03 -7.52291441e+01 
 8.51820836e+06  2.35372070e-03 -7.52981663e+01 
 8.61635102e+06  2.31596340e-03 -7.53642437e+01 
 8.71562443e+06  2.27845382e-03 -7.54274734e+01 
 8.81604162e+06  2.24120460e-03 -7.54879092e+01 
 8.91761577e+06  2.20419241e-03 -7.55453650e+01 
 9.02036021e+06  2.16745168e-03 -7.56000368e+01 
 9.12428842e+06  2.13091586e-03 -7.56514353e+01 
 9.22941404e+06  2.09464837e-03 -7.56999500e+01 
 9.33575087e+06  2.05858273e-03 -7.57450727e+01 
 9.44331286e+06  2.02276082e-03 -7.57870423e+01 
 9.55211412e+06  1.98715235e-03 -7.58255856e+01 
 9.66216894e+06  1.95178486e-03 -7.58608395e+01 
 9.77349176e+06  1.91664261e-03 -7.58926233e+01 
 9.88609719e+06  1.88168100e-03 -7.59205239e+01 
 1.00000000e+07  1.84695661e-03 -7.59448853e+01 
 1.01152151e+07  1.81243940e-03 -7.59653900e+01 
 1.02317577e+07  1.77812101e-03 -7.59818725e+01 
 1.03496431e+07  1.74401485e-03 -7.59943326e+01 
 1.04688866e+07  1.71011267e-03 -7.60025893e+01 
 1.05895041e+07  1.67639180e-03 -7.60063247e+01 
 1.07115112e+07  1.64287302e-03 -7.60055730e+01 
 1.08349240e+07  1.60954100e-03 -7.60000513e+01 
 1.09597588e+07  1.57643828e-03 -7.59899782e+01 
 1.10860318e+07  1.54344842e-03 -7.59741191e+01 
 1.12137597e+07  1.51065746e-03 -7.59530483e+01 
 1.13429592e+07  1.47810807e-03 -7.59269757e+01 
 1.14736472e+07  1.44566954e-03 -7.58944087e+01 
 1.16058410e+07  1.41341360e-03 -7.58557737e+01 
 1.17395579e+07  1.38132528e-03 -7.58106380e+01 
 1.18748154e+07  1.34940414e-03 -7.57586834e+01 
 1.20116312e+07  1.31764979e-03 -7.56995637e+01 
 1.21500234e+07  1.28606193e-03 -7.56329012e+01 
 1.22900101e+07  1.25459702e-03 -7.55577744e+01 
 1.24316096e+07  1.22332705e-03 -7.54745596e+01 
 1.25748406e+07  1.19220865e-03 -7.53822513e+01 
 1.27197218e+07  1.16121300e-03 -7.52799140e+01 
 1.28662722e+07  1.13036906e-03 -7.51672766e+01 
 1.30145112e+07  1.09966264e-03 -7.50434535e+01 
 1.31644581e+07  1.06912287e-03 -7.49080804e+01 
 1.33161325e+07  1.03867829e-03 -7.47592599e+01 
 1.34695546e+07  1.00844456e-03 -7.45977534e+01 
 1.36247442e+07  9.78250025e-04 -7.44198154e+01 
 1.37817219e+07  9.48268020e-04 -7.42269759e+01 
 1.39405082e+07  9.18399231e-04 -7.40162587e+01 
 1.41011240e+07  8.88630851e-04 -7.37858158e+01 
 1.42635903e+07  8.58993305e-04 -7.35343842e+01 
 1.44279285e+07  8.29488658e-04 -7.32599775e+01 
 1.45941600e+07  8.00133596e-04 -7.29606490e+01 
 1.47623069e+07  7.70874033e-04 -7.26325499e+01 
 1.49323910e+07  7.41727795e-04 -7.22728993e+01 
 1.51044348e+07  7.12755734e-04 -7.18796348e+01 
 1.52784607e+07  6.83877643e-04 -7.14465476e+01 
 1.54544917e+07  6.55198223e-04 -7.09716767e+01 
 1.56325509e+07  6.26569342e-04 -7.04448622e+01 
 1.58126615e+07  5.98126123e-04 -6.98633377e+01 
 1.59948473e+07  5.69850260e-04 -6.92185432e+01 
 1.61791322e+07  5.41670484e-04 -6.84978176e+01 
 1.63655403e+07  5.13712972e-04 -6.76942111e+01 
 1.65540961e+07  4.85940352e-04 -6.67918164e+01 
 1.67448244e+07  4.58348167e-04 -6.57722612e+01 
 1.69377501e+07  4.31019400e-04 -6.46176735e+01 
 1.71328986e+07  4.03962473e-04 -6.33008548e+01 
 1.73302956e+07  3.77170542e-04 -6.17851514e+01 
 1.75299668e+07  3.50782677e-04 -6.00351596e+01 
 1.77319386e+07  3.24811731e-04 -5.79923756e+01 
 1.79362374e+07  2.99375558e-04 -5.55891385e+01 
 1.81428900e+07  2.74626924e-04 -5.27385068e+01 
 1.83519236e+07  2.50733487e-04 -4.93224507e+01 
 1.85633655e+07  2.27982032e-04 -4.51991538e+01 
 1.87772436e+07  2.06724394e-04 -4.01867004e+01 
 1.89935859e+07  1.87458838e-04 -3.40784286e+01 
 1.92124208e+07  1.70835739e-04 -2.66649909e+01 
 1.94337770e+07  1.57705978e-04 -1.78380040e+01 
 1.96576835e+07  1.48983212e-04 -7.70227561e+00 
 1.98841698e+07  1.45454720e-04  3.32998677e+00 
 2.01132655e+07  1.47510538e-04  1.44666560e+01 
 2.03450008e+07  1.54916746e-04  2.49048057e+01 
 2.05794060e+07  1.66968781e-04  3.41123036e+01 
 2.08165120e+07  1.82773856e-04  4.19096380e+01 
 2.10563497e+07  2.01467066e-04  4.83655496e+01 
 2.12989507e+07  2.22288148e-04  5.36582445e+01 
 2.15443469e+07  2.44763317e-04  5.80141000e+01 
 2.17925704e+07  2.68381672e-04  6.16055858e+01 
 2.20436538e+07  2.92982571e-04  6.46058949e+01 
 2.22976301e+07  3.18361148e-04  6.71345346e+01 
 2.25545326e+07  3.44310983e-04  6.92812910e+01 
 2.28143949e+07  3.70689876e-04  7.11187464e+01 
 2.30772513e+07  3.97496892e-04  7.27087878e+01 
 2.33431362e+07  4.24639698e-04  7.40939356e+01 
 2.36120845e+07  4.52039692e-04  7.53081226e+01 
 2.38841315e+07  4.79773403e-04  7.63827934e+01 
 2.41593128e+07  5.07636668e-04  7.73347987e+01 
 2.44376647e+07  5.35691416e-04  7.81849475e+01 
 2.47192236e+07  5.63947056e-04  7.89484556e+01 
 2.50040265e+07  5.92504867e-04  7.96392505e+01 
 2.52921107e+07  6.21087998e-04  8.02623524e+01 
 2.55835142e+07  6.49831786e-04  8.08288702e+01 
 2.58782750e+07  6.78697633e-04  8.13453381e+01 
 2.61764319e+07  7.07795732e-04  8.18190935e+01 
 2.64780240e+07  7.37060792e-04  8.22542145e+01 
 2.67830910e+07  7.66369075e-04  8.26537833e+01 
 2.70916727e+07  7.95893052e-04  8.30232984e+01 
 2.74038098e+07  8.25569597e-04  8.33652801e+01 
 2.77195432e+07  8.55306319e-04  8.36818097e+01 
 2.80389144e+07  8.85188914e-04  8.39760478e+01 
 2.83619651e+07  9.15244363e-04  8.42502722e+01 
 2.86887379e+07  9.45500027e-04  8.45064581e+01 
 2.90192756e+07  9.75835199e-04  8.47455257e+01 
 2.93536216e+07  1.00633704e-03  8.49694510e+01 
 2.96918198e+07  1.03703366e-03  8.51796362e+01 
 3.00339145e+07  1.06783453e-03  8.53767977e+01 
 3.03799507e+07  1.09879778e-03  8.55622467e+01 
 3.07299737e+07  1.12992227e-03  8.57368955e+01 
 3.10840296e+07  1.16117724e-03  8.59014624e+01 
 3.14421647e+07  1.19265097e-03  8.60570079e+01 
 3.18044260e+07  1.22425344e-03  8.62038921e+01 
 3.21708612e+07  1.25604339e-03  8.63429206e+01 
 3.25415182e+07  1.28799039e-03  8.64745553e+01 
 3.29164458e+07  1.32009383e-03  8.65993072e+01 
 3.32956931e+07  1.35241266e-03  8.67177879e+01 
 3.36793099e+07  1.38497615e-03  8.68304687e+01 
 3.40673466e+07  1.41760530e-03  8.69373230e+01 
 3.44598540e+07  1.45056751e-03  8.70392943e+01 
 3.48568837e+07  1.48365410e-03  8.71362536e+01 
 3.52584878e+07  1.51692423e-03  8.72286297e+01 
 3.56647189e+07  1.55040734e-03  8.73167517e+01 
 3.60756305e+07  1.58410315e-03  8.74008683e+01 
 3.64912764e+07  1.61804116e-03  8.74812567e+01 
 3.69117112e+07  1.65210202e-03  8.75579485e+01 
 3.73369900e+07  1.68649393e-03  8.76314565e+01 
 3.77671687e+07  1.72109759e-03  8.77017822e+01 
 3.82023036e+07  1.75588301e-03  8.77690620e+01 
 3.86424520e+07  1.79090958e-03  8.78335362e+01 
 3.90876716e+07  1.82620690e-03  8.78953856e+01 
 3.95380208e+07  1.86177484e-03  8.79547428e+01 
 3.99935587e+07  1.89752389e-03  8.80116387e+01 
 4.04543450e+07  1.93354327e-03  8.80662926e+01 
 4.09204403e+07  1.96983286e-03  8.81188140e+01 
 4.13919058e+07  2.00633298e-03  8.81692517e+01 
 4.18688032e+07  2.04316266e-03  8.82178141e+01 
 4.23511952e+07  2.08026224e-03  8.82645358e+01 
 4.28391452e+07  2.11772098e-03  8.83095749e+01 
 4.33327170e+07  2.15530049e-03  8.83528216e+01 
 4.38319755e+07  2.19306025e-03  8.83944117e+01 
 4.43369862e+07  2.23141727e-03  8.84347187e+01 
 4.48478155e+07  2.26989482e-03  8.84734618e+01 
 4.53645302e+07  2.30867158e-03  8.85108346e+01 
 4.58871983e+07  2.34780708e-03  8.85469337e+01 
 4.64158883e+07  2.38724166e-03  8.85817758e+01 
 4.69506697e+07  2.42691569e-03  8.86153809e+01 
 4.74916125e+07  2.46694830e-03  8.86478696e+01 
 4.80387878e+07  2.50739902e-03  8.86793179e+01 
 4.85922674e+07  2.54808904e-03  8.87096743e+01 
 4.91521239e+07  2.58913750e-03  8.87390446e+01 
 4.97184308e+07  2.63054437e-03  8.87674677e+01 
 5.02912624e+07  2.67219041e-03  8.87949267e+01 
 5.08706939e+07  2.71431396e-03  8.88215666e+01 
 5.14568013e+07  2.75679581e-03  8.88473652e+01 
 5.20496616e+07  2.79957633e-03  8.88723309e+01 
 5.26493525e+07  2.84283427e-03  8.88965667e+01 
 5.32559528e+07  2.88633122e-03  8.89200076e+01 
 5.38695420e+07  2.93012677e-03  8.89427085e+01 
 5.44902008e+07  2.97445925e-03  8.89647815e+01 
 5.51180104e+07  3.01920945e-03  8.89862057e+01 
 5.57530533e+07  3.06431777e-03  8.90069845e+01 
 5.63954130e+07  3.10990337e-03  8.90271793e+01 
 5.70451735e+07  3.15584703e-03  8.90467731e+01 
 5.77024203e+07  3.20214874e-03  8.90657879e+01 
 5.83672396e+07  3.24874889e-03  8.90842281e+01 
 5.90397186e+07  3.29600504e-03  8.91022131e+01 
 5.97199455e+07  3.34367878e-03  8.91196913e+01 
 6.04080098e+07  3.39177010e-03  8.91366800e+01 
 6.11040015e+07  3.44015979e-03  8.91531667e+01 
 6.18080121e+07  3.48908623e-03  8.91692269e+01 
 6.25201340e+07  3.53848981e-03  8.91848594e+01 
 6.32404607e+07  3.58837051e-03  8.92000778e+01 
 6.39690866e+07  3.63878793e-03  8.92149080e+01 
 6.47061073e+07  3.68968245e-03  8.92293489e+01 
 6.54516197e+07  3.74087526e-03  8.92433766e+01 
 6.62057214e+07  3.79266436e-03  8.92570646e+01 
 6.69685116e+07  3.84499013e-03  8.92704107e+01 
 6.77400903e+07  3.89779296e-03  8.92834140e+01 
 6.85205587e+07  3.95107285e-03  8.92960850e+01 
 6.93100193e+07  4.00494898e-03  8.93084546e+01 
 7.01085757e+07  4.05918296e-03  8.93204910e+01 
 7.09163327e+07  4.11407277e-03  8.93322540e+01 
 7.17333962e+07  4.16955880e-03  8.93437408e+01 
 7.25598736e+07  4.22570065e-03  8.93549680e+01 
 7.33958732e+07  4.28214072e-03  8.93658890e+01 
 7.42415048e+07  4.33923659e-03  8.93765660e+01 
 7.50968794e+07  4.39680946e-03  8.93869800e+01 
 7.59621092e+07  4.45503813e-03  8.93971633e+01 
 7.68373077e+07  4.51392260e-03  8.94071216e+01 
 7.77225899e+07  4.57328404e-03  8.94168373e+01 
 7.86180718e+07  4.63330127e-03  8.94263402e+01 
 7.95238711e+07  4.69403388e-03  8.94356425e+01 
 8.04401065e+07  4.75524346e-03  8.94447208e+01 
 8.13668983e+07  4.81704920e-03  8.94535955e+01 
 8.23043682e+07  4.87957032e-03  8.94622851e+01 
 8.32526392e+07  4.94274719e-03  8.94707873e+01 
 8.42118357e+07  5.00646062e-03  8.94790944e+01 
 8.51820836e+07  5.07094902e-03  8.94872358e+01 
 8.61635102e+07  5.13609316e-03  8.94952034e+01 
 8.71562443e+07  5.20177385e-03  8.95029899e+01 
 8.81604162e+07  5.26828909e-03  8.95106282e+01 
 8.91761577e+07  5.33540047e-03  8.95180994e+01 
 9.02036021e+07  5.40346560e-03  8.95254393e+01 
 9.12428842e+07  5.47200767e-03  8.95326090e+01 
 9.22941404e+07  5.54126507e-03  8.95396334e+01 
 9.33575087e+07  5.61111860e-03  8.95465060e+01 
 9.44331286e+07  5.68192587e-03  8.95532591e+01 
 9.55211412e+07  5.75344848e-03  8.95598761e+01 
 9.66216894e+07  5.82580562e-03  8.95663689e+01 
 9.77349176e+07  5.89863967e-03  8.95727141e+01 
 9.88609719e+07  5.97242746e-03  8.95789495e+01 
 1.00000000e+08  6.04716899e-03  8.95850768e+01 
 1.01152151e+08  6.12250663e-03  8.95910736e+01 
 1.02317577e+08  6.19867879e-03  8.95969590e+01 
 1.03496431e+08  6.27544707e-03  8.96027200e+01 
 1.04688866e+08  6.35340748e-03  8.96083967e+01 
 1.05895041e+08  6.43208321e-03  8.96139608e+01 
 1.07115112e+08  6.51147425e-03  8.96194149e+01 
 1.08349240e+08  6.59193823e-03  8.96247819e+01 
 1.09597588e+08  6.67335592e-03  8.96300563e+01 
 1.10860318e+08  6.75525051e-03  8.96352137e+01 
 1.12137597e+08  6.83809882e-03  8.96402826e+01 
 1.13429592e+08  6.92190085e-03  8.96452646e+01 
 1.14736472e+08  7.00677581e-03  8.96501669e+01 
 1.16058410e+08  7.09236607e-03  8.96549731e+01 
 1.17395579e+08  7.17902925e-03  8.96597026e+01 
 1.18748154e+08  7.26688456e-03  8.96643616e+01 
 1.20116312e+08  7.35521675e-03  8.96689186e+01 
 1.21500234e+08  7.44462187e-03  8.96734027e+01 
 1.22900101e+08  7.53521911e-03  8.96778201e+01 
 1.24316096e+08  7.62665086e-03  8.96821563e+01 
 1.25748406e+08  7.71915552e-03  8.96864227e+01 
 1.27197218e+08  7.81237548e-03  8.96906062e+01 
 1.28662722e+08  7.90702598e-03  8.96947364e+01 
 1.30145112e+08  8.00263019e-03  8.96987952e+01 
 1.31644581e+08  8.09906890e-03  8.97027796e+01 
 1.33161325e+08  8.19669972e-03  8.97067040e+01 
 1.34695546e+08  8.29552267e-03  8.97105690e+01 
 1.36247442e+08  8.39518012e-03  8.97143631e+01 
 1.37817219e+08  8.49638731e-03  8.97181115e+01 
 1.39405082e+08  8.59830979e-03  8.97217872e+01 
 1.41011240e+08  8.70142439e-03  8.97254068e+01 
 1.42635903e+08  8.80573111e-03  8.97289712e+01 
 1.44279285e+08  8.91122995e-03  8.97324809e+01 
 1.45941600e+08  9.01792090e-03  8.97359366e+01 
 1.47623069e+08  9.12544635e-03  8.97393289e+01 
 1.49323910e+08  9.23452154e-03  8.97426791e+01 
 1.51044348e+08  9.34490805e-03  8.97459806e+01 
 1.52784607e+08  9.45624826e-03  8.97492245e+01 
 1.54544917e+08  9.56901900e-03  8.97524242e+01 
 1.56325509e+08  9.68274345e-03  8.97555680e+01 
 1.58126615e+08  9.79825605e-03  8.97586776e+01 
 1.59948473e+08  9.91448393e-03  8.97617268e+01 
 1.61791322e+08  1.00325000e-02  8.97647424e+01 
 1.63655403e+08  1.01514697e-02  8.97677049e+01 
 1.65540961e+08  1.02719892e-02  8.97706287e+01 
 1.67448244e+08  1.03937007e-02  8.97735063e+01 
 1.69377501e+08  1.05168429e-02  8.97763434e+01 
 1.71328986e+08  1.06416539e-02  8.97791454e+01 
 1.73302956e+08  1.07677763e-02  8.97819049e+01 
 1.75299668e+08  1.08946140e-02  8.97846109e+01 
 1.77319386e+08  1.10233590e-02  8.97872876e+01 
 1.79362374e+08  1.11537729e-02  8.97899303e+01 
 1.81428900e+08  1.12853790e-02  8.97925304e+01 
 1.83519236e+08  1.14184156e-02  8.97950929e+01 
 1.85633655e+08  1.15533596e-02  8.97976265e+01 
 1.87772436e+08  1.16892572e-02  8.98001148e+01 
 1.89935859e+08  1.18270622e-02  8.98025747e+01 
 1.92124208e+08  1.19665362e-02  8.98050022e+01 
 1.94337770e+08  1.21072023e-02  8.98073899e+01 
 1.96576835e+08  1.22497757e-02  8.98097496e+01 
 1.98841698e+08  1.23937797e-02  8.98120741e+01 
 2.01132655e+08  1.25392141e-02  8.98143638e+01 
 2.03450008e+08  1.26865560e-02  8.98166262e+01 
 2.05794060e+08  1.28355668e-02  8.98188578e+01 
 2.08165120e+08  1.29862465e-02  8.98210588e+01 
 2.10563497e+08  1.31388336e-02  8.98232328e+01 
 2.12989507e+08  1.32930896e-02  8.98253767e+01 
 2.15443469e+08  1.34482993e-02  8.98274815e+01 
 2.17925704e+08  1.36058932e-02  8.98295662e+01 
 2.20436538e+08  1.37658714e-02  8.98316303e+01 
 2.22976301e+08  1.39265647e-02  8.98336538e+01 
 2.25545326e+08  1.40894039e-02  8.98356542e+01 
 2.28143949e+08  1.42548657e-02  8.98376371e+01 
 2.30772513e+08  1.44215195e-02  8.98395861e+01 
 2.33431362e+08  1.45900808e-02  8.98415096e+01 
 2.36120845e+08  1.47607878e-02  8.98434104e+01 
 2.38841315e+08  1.49331637e-02  8.98452835e+01 
 2.41593128e+08  1.51074470e-02  8.98471317e+01 
 2.44376647e+08  1.52836377e-02  8.98489552e+01 
 2.47192236e+08  1.54622126e-02  8.98507587e+01 
 2.50040265e+08  1.56426948e-02  8.98525378e+01 
 2.52921107e+08  1.58250844e-02  8.98542925e+01 
 2.55835142e+08  1.60098581e-02  8.98560274e+01 
 2.58782750e+08  1.61967777e-02  8.98577405e+01 
 2.61764319e+08  1.63856046e-02  8.98594296e+01 
 2.64780240e+08  1.65763388e-02  8.98610951e+01 
 2.67830910e+08  1.67699341e-02  8.98627451e+01 
 2.70916727e+08  1.69647215e-02  8.98643659e+01 
 2.74038098e+08  1.71618931e-02  8.98659675e+01 
 2.77195432e+08  1.73624026e-02  8.98675573e+01 
 2.80389144e+08  1.75641041e-02  8.98691186e+01 
 2.83619651e+08  1.77686667e-02  8.98706645e+01 
 2.86887379e+08  1.79753751e-02  8.98721895e+01 
 2.90192756e+08  1.81847060e-02  8.98736973e+01 
 2.93536216e+08  1.83959444e-02  8.98751829e+01 
 2.96918198e+08  1.86100437e-02  8.98766529e+01 
 3.00339145e+08  1.88260505e-02  8.98781010e+01 
 3.03799507e+08  1.90451566e-02  8.98795352e+01 
 3.07299737e+08  1.92664085e-02  8.98809493e+01 
 3.10840296e+08  1.94902831e-02  8.98823464e+01 
 3.14421647e+08  1.97160650e-02  8.98837224e+01 
 3.18044260e+08  1.99454232e-02  8.98850872e+01 
 3.21708612e+08  2.01769271e-02  8.98864324e+01 
 3.25415182e+08  2.04115306e-02  8.98877636e+01 
 3.29164458e+08  2.06478029e-02  8.98890728e+01 
 3.32956931e+08  2.08876515e-02  8.98903707e+01 
 3.36793099e+08  2.11301228e-02  8.98916520e+01 
 3.40673466e+08  2.13754550e-02  8.98929181e+01 
 3.44598540e+08  2.16236483e-02  8.98941689e+01 
 3.48568837e+08  2.18739874e-02  8.98954011e+01 
 3.52584878e+08  2.21271875e-02  8.98966183e+01 
 3.56647189e+08  2.23842023e-02  8.98978250e+01 
 3.60756305e+08  2.26445550e-02  8.98990187e+01 
 3.64912764e+08  2.29063382e-02  8.99001911e+01 
 3.69117112e+08  2.31719360e-02  8.99013528e+01 
 3.73369900e+08  2.34403950e-02  8.99024996e+01 
 3.77671687e+08  2.37117149e-02  8.99036318e+01 
 3.82023036e+08  2.39868495e-02  8.99047531e+01 
 3.86424520e+08  2.42643684e-02  8.99058579e+01 
 3.90876716e+08  2.45452251e-02  8.99069500e+01 
 3.95380208e+08  2.48289428e-02  8.99080277e+01 
 3.99935587e+08  2.51179058e-02  8.99090996e+01 
 4.04543450e+08  2.54082992e-02  8.99101520e+01 
 4.09204403e+08  2.57025074e-02  8.99111934e+01 
 4.13919058e+08  2.59986229e-02  8.99122174e+01 
 4.18688032e+08  2.63009373e-02  8.99132386e+01 
 4.23511952e+08  2.66051590e-02  8.99142424e+01 
 4.28391452e+08  2.69127187e-02  8.99152337e+01 
 4.33327170e+08  2.72245698e-02  8.99162156e+01 
 4.38319755e+08  2.75397588e-02  8.99171851e+01 
 4.43369862e+08  2.78582857e-02  8.99181422e+01 
 4.48478155e+08  2.81796736e-02  8.99190856e+01 
 4.53645302e+08  2.85053531e-02  8.99200196e+01 
 4.58871983e+08  2.88358009e-02  8.99209453e+01 
 4.64158883e+08  2.91691098e-02  8.99218576e+01 
 4.69506697e+08  2.95062333e-02  8.99227590e+01 
 4.74916125e+08  2.98486021e-02  8.99236532e+01 
 4.80387878e+08  3.01928782e-02  8.99245318e+01 
 4.85922674e+08  3.05419227e-02  8.99254020e+01 
 4.91521239e+08  3.08957356e-02  8.99262638e+01 
 4.97184308e+08  3.12519326e-02  8.99271114e+01 
 5.02912624e+08  3.16138517e-02  8.99279529e+01 
 5.08706939e+08  3.19781550e-02  8.99287804e+01 
 5.14568013e+08  3.23486572e-02  8.99296026e+01 
 5.20496616e+08  3.27220204e-02  8.99304122e+01 
 5.26493525e+08  3.30991984e-02  8.99312112e+01 
 5.32559528e+08  3.34816215e-02  8.99320028e+01 
 5.38695420e+08  3.38697667e-02  8.99327877e+01 
 5.44902008e+08  3.42598192e-02  8.99335584e+01 
 5.51180104e+08  3.46565474e-02  8.99343243e+01 
 5.57530533e+08  3.50575672e-02  8.99350807e+01 
 5.63954130e+08  3.54619249e-02  8.99358259e+01 
 5.70451735e+08  3.58710509e-02  8.99365626e+01 
 5.77024203e+08  3.62858990e-02  8.99372925e+01 
 5.83672396e+08  3.67045617e-02  8.99380123e+01 
 5.90397186e+08  3.71275160e-02  8.99387227e+01 
 5.97199455e+08  3.75571461e-02  8.99394279e+01 
 6.04080098e+08  3.79910677e-02  8.99401237e+01 
 6.11040015e+08  3.84292808e-02  8.99408104e+01 
 6.18080121e+08  3.88736928e-02  8.99414908e+01 
 6.25201340e+08  3.93214426e-02  8.99421607e+01 
 6.32404607e+08  3.97768219e-02  8.99428264e+01 
 6.39690866e+08  4.02350621e-02  8.99434809e+01 
 6.47061073e+08  4.06995013e-02  8.99441292e+01 
 6.54516197e+08  4.11687089e-02  8.99447691e+01 
 6.62057214e+08  4.16455458e-02  8.99454046e+01 
 6.69685116e+08  4.21261974e-02  8.99460304e+01 
 6.77400903e+08  4.26111406e-02  8.99466475e+01 
 6.85205587e+08  4.31041900e-02  8.99472605e+01 
 6.93100193e+08  4.36020078e-02  8.99478653e+01 
 7.01085757e+08  4.41026866e-02  8.99484598e+01 
 7.09163327e+08  4.46129022e-02  8.99490517e+01 
 7.17333962e+08  4.51288398e-02  8.99496366e+01 
 7.25598736e+08  4.56476384e-02  8.99502113e+01 
 7.33958732e+08  4.61750201e-02  8.99507822e+01 
 7.42415048e+08  4.67081238e-02  8.99513461e+01 
 7.50968794e+08  4.72469496e-02  8.99519031e+01 
 7.59621092e+08  4.77914975e-02  8.99524531e+01 
 7.68373077e+08  4.83427210e-02  8.99529973e+01 
 7.77225899e+08  4.89015740e-02  8.99535363e+01 
 7.86180718e+08  4.94661490e-02  8.99540684e+01 
 7.95238711e+08  5.00364461e-02  8.99545937e+01 
 8.04401065e+08  5.06124652e-02  8.99551122e+01 
 8.13668983e+08  5.11970674e-02  8.99556264e+01 
 8.23043682e+08  5.17864379e-02  8.99561330e+01 
 8.32526392e+08  5.23843915e-02  8.99566353e+01 
 8.42118357e+08  5.29890209e-02  8.99571316e+01 
 8.51820836e+08  5.36012796e-02  8.99576227e+01 
 8.61635102e+08  5.42173531e-02  8.99581056e+01 
 8.71562443e+08  5.48439169e-02  8.99585855e+01 
 8.81604162e+08  5.54771565e-02  8.99590596e+01 
 8.91761577e+08  5.61161181e-02  8.99595270e+01 
 9.02036021e+08  5.67646165e-02  8.99599906e+01 
 9.12428842e+08  5.74188369e-02  8.99604476e+01 
 9.22941404e+08  5.80806867e-02  8.99608994e+01 
 9.33575087e+08  5.87511196e-02  8.99613467e+01 
 9.44331286e+08  5.94282282e-02  8.99617882e+01 
 9.55211412e+08  6.01139199e-02  8.99622251e+01 
 9.66216894e+08  6.08053337e-02  8.99626556e+01 
 9.77349176e+08  6.15072378e-02  8.99630827e+01 
 9.88609719e+08  6.22158177e-02  8.99635041e+01 
 1.00000000e+09  6.29329806e-02  8.99639208e+01 
