 frequency       Youtmag         Youtphdeg      
 1.00000000e+03  1.43380995e-02 -1.40431499e+01 
 1.01152151e+03  1.43282447e-02 -1.41983602e+01 
 1.02317577e+03  1.43181824e-02 -1.43551397e+01 
 1.03496431e+03  1.43079089e-02 -1.45134994e+01 
 1.04688866e+03  1.42974202e-02 -1.46734503e+01 
 1.05895041e+03  1.42867122e-02 -1.48350033e+01 
 1.07115112e+03  1.42757809e-02 -1.49981692e+01 
 1.08349240e+03  1.42646222e-02 -1.51629587e+01 
 1.09597588e+03  1.42532319e-02 -1.53293823e+01 
 1.10860318e+03  1.42416058e-02 -1.54974505e+01 
 1.12137597e+03  1.42297397e-02 -1.56671736e+01 
 1.13429592e+03  1.42176292e-02 -1.58385618e+01 
 1.14736472e+03  1.42052700e-02 -1.60116252e+01 
 1.16058410e+03  1.41926577e-02 -1.61863737e+01 
 1.17395579e+03  1.41797877e-02 -1.63628169e+01 
 1.18748154e+03  1.41666557e-02 -1.65409647e+01 
 1.20116312e+03  1.41532570e-02 -1.67208262e+01 
 1.21500234e+03  1.41395871e-02 -1.69024108e+01 
 1.22900101e+03  1.41256413e-02 -1.70857275e+01 
 1.24316096e+03  1.41114149e-02 -1.72707851e+01 
 1.25748406e+03  1.40969031e-02 -1.74575923e+01 
 1.27197218e+03  1.40821013e-02 -1.76461574e+01 
 1.28662722e+03  1.40670046e-02 -1.78364887e+01 
 1.30145112e+03  1.40516082e-02 -1.80285941e+01 
 1.31644581e+03  1.40359072e-02 -1.82224813e+01 
 1.33161325e+03  1.40198966e-02 -1.84181576e+01 
 1.34695546e+03  1.40035715e-02 -1.86156304e+01 
 1.36247442e+03  1.39869270e-02 -1.88149064e+01 
 1.37817219e+03  1.39699580e-02 -1.90159922e+01 
 1.39405082e+03  1.39526595e-02 -1.92188943e+01 
 1.41011240e+03  1.39350265e-02 -1.94236184e+01 
 1.42635903e+03  1.39170538e-02 -1.96301704e+01 
 1.44279285e+03  1.38987363e-02 -1.98385554e+01 
 1.45941600e+03  1.38800690e-02 -2.00487786e+01 
 1.47623069e+03  1.38610467e-02 -2.02608445e+01 
 1.49323910e+03  1.38416643e-02 -2.04747574e+01 
 1.51044348e+03  1.38219166e-02 -2.06905211e+01 
 1.52784607e+03  1.38017984e-02 -2.09081392e+01 
 1.54544917e+03  1.37813047e-02 -2.11276146e+01 
 1.56325509e+03  1.37604301e-02 -2.13489502e+01 
 1.58126615e+03  1.37391697e-02 -2.15721481e+01 
 1.59948473e+03  1.37175182e-02 -2.17972101e+01 
 1.61791322e+03  1.36954706e-02 -2.20241376e+01 
 1.63655403e+03  1.36730216e-02 -2.22529315e+01 
 1.65540961e+03  1.36501662e-02 -2.24835921e+01 
 1.67448244e+03  1.36268994e-02 -2.27161194e+01 
 1.69377501e+03  1.36032160e-02 -2.29505128e+01 
 1.71328986e+03  1.35791112e-02 -2.31867712e+01 
 1.73302956e+03  1.35545798e-02 -2.34248930e+01 
 1.75299668e+03  1.35296170e-02 -2.36648761e+01 
 1.77319386e+03  1.35042179e-02 -2.39067178e+01 
 1.79362374e+03  1.34783776e-02 -2.41504147e+01 
 1.81428900e+03  1.34520914e-02 -2.43959632e+01 
 1.83519236e+03  1.34253545e-02 -2.46433587e+01 
 1.85633655e+03  1.33981623e-02 -2.48925964e+01 
 1.87772436e+03  1.33705103e-02 -2.51436705e+01 
 1.89935859e+03  1.33423938e-02 -2.53965749e+01 
 1.92124208e+03  1.33138085e-02 -2.56513027e+01 
 1.94337770e+03  1.32847501e-02 -2.59078465e+01 
 1.96576835e+03  1.32552142e-02 -2.61661981e+01 
 1.98841698e+03  1.32251968e-02 -2.64263488e+01 
 2.01132655e+03  1.31946939e-02 -2.66882892e+01 
 2.03450008e+03  1.31637014e-02 -2.69520090e+01 
 2.05794060e+03  1.31322156e-02 -2.72174975e+01 
 2.08165120e+03  1.31002329e-02 -2.74847433e+01 
 2.10563497e+03  1.30677495e-02 -2.77537341e+01 
 2.12989507e+03  1.30347622e-02 -2.80244571e+01 
 2.15443469e+03  1.30012676e-02 -2.82968986e+01 
 2.17925704e+03  1.29672625e-02 -2.85710443e+01 
 2.20436538e+03  1.29327441e-02 -2.88468791e+01 
 2.22976301e+03  1.28977095e-02 -2.91243874e+01 
 2.25545326e+03  1.28621560e-02 -2.94035524e+01 
 2.28143949e+03  1.28260811e-02 -2.96843571e+01 
 2.30772513e+03  1.27894825e-02 -2.99667833e+01 
 2.33431362e+03  1.27523581e-02 -3.02508124e+01 
 2.36120845e+03  1.27147060e-02 -3.05364247e+01 
 2.38841315e+03  1.26765243e-02 -3.08236002e+01 
 2.41593128e+03  1.26378116e-02 -3.11123176e+01 
 2.44376647e+03  1.25985666e-02 -3.14025553e+01 
 2.47192236e+03  1.25587880e-02 -3.16942908e+01 
 2.50040265e+03  1.25184750e-02 -3.19875007e+01 
 2.52921107e+03  1.24776270e-02 -3.22821611e+01 
 2.55835142e+03  1.24362433e-02 -3.25782471e+01 
 2.58782750e+03  1.23943239e-02 -3.28757333e+01 
 2.61764319e+03  1.23518687e-02 -3.31745933e+01 
 2.64780240e+03  1.23088780e-02 -3.34748002e+01 
 2.67830910e+03  1.22653522e-02 -3.37763263e+01 
 2.70916727e+03  1.22212922e-02 -3.40791431e+01 
 2.74038098e+03  1.21766990e-02 -3.43832213e+01 
 2.77195432e+03  1.21315737e-02 -3.46885312e+01 
 2.80389144e+03  1.20859180e-02 -3.49950422e+01 
 2.83619651e+03  1.20397336e-02 -3.53027229e+01 
 2.86887379e+03  1.19930226e-02 -3.56115415e+01 
 2.90192756e+03  1.19457874e-02 -3.59214653e+01 
 2.93536216e+03  1.18980305e-02 -3.62324610e+01 
 2.96918198e+03  1.18497548e-02 -3.65444948e+01 
 3.00339145e+03  1.18009634e-02 -3.68575321e+01 
 3.03799507e+03  1.17516599e-02 -3.71715378e+01 
 3.07299737e+03  1.17018480e-02 -3.74864760e+01 
 3.10840296e+03  1.16515316e-02 -3.78023106e+01 
 3.14421647e+03  1.16007150e-02 -3.81190046e+01 
 3.18044260e+03  1.15494027e-02 -3.84365205e+01 
 3.21708612e+03  1.14975997e-02 -3.87548206e+01 
 3.25415182e+03  1.14453111e-02 -3.90738662e+01 
 3.29164458e+03  1.13925422e-02 -3.93936186e+01 
 3.32956931e+03  1.13392987e-02 -3.97140381e+01 
 3.36793099e+03  1.12855866e-02 -4.00350851e+01 
 3.40673466e+03  1.12314121e-02 -4.03567194e+01 
 3.44598540e+03  1.11767817e-02 -4.06789001e+01 
 3.48568837e+03  1.11217022e-02 -4.10015864e+01 
 3.52584878e+03  1.10661806e-02 -4.13247370e+01 
 3.56647189e+03  1.10102242e-02 -4.16483101e+01 
 3.60756305e+03  1.09538406e-02 -4.19722636e+01 
 3.64912764e+03  1.08970374e-02 -4.22965556e+01 
 3.69117112e+03  1.08398229e-02 -4.26211434e+01 
 3.73369900e+03  1.07822053e-02 -4.29459843e+01 
 3.77671687e+03  1.07241930e-02 -4.32710356e+01 
 3.82023036e+03  1.06657949e-02 -4.35962540e+01 
 3.86424520e+03  1.06070200e-02 -4.39215966e+01 
 3.90876716e+03  1.05478773e-02 -4.42470199e+01 
 3.95380208e+03  1.04883765e-02 -4.45724807e+01 
 3.99935587e+03  1.04285269e-02 -4.48979355e+01 
 4.04543450e+03  1.03683385e-02 -4.52233410e+01 
 4.09204403e+03  1.03078213e-02 -4.55486536e+01 
 4.13919058e+03  1.02469854e-02 -4.58738302e+01 
 4.18688032e+03  1.01858411e-02 -4.61988272e+01 
 4.23511952e+03  1.01243990e-02 -4.65236015e+01 
 4.28391452e+03  1.00626697e-02 -4.68481100e+01 
 4.33327170e+03  1.00006641e-02 -4.71723097e+01 
 4.38319755e+03  9.93839310e-03 -4.74961579e+01 
 4.43369862e+03  9.87586772e-03 -4.78196119e+01 
 4.48478155e+03  9.81309920e-03 -4.81426295e+01 
 4.53645302e+03  9.75009882e-03 -4.84651686e+01 
 4.58871983e+03  9.68687798e-03 -4.87871873e+01 
 4.64158883e+03  9.62344815e-03 -4.91086440e+01 
 4.69506697e+03  9.55982092e-03 -4.94294978e+01 
 4.74916125e+03  9.49600792e-03 -4.97497076e+01 
 4.80387878e+03  9.43202083e-03 -5.00692332e+01 
 4.85922674e+03  9.36787139e-03 -5.03880344e+01 
 4.91521239e+03  9.30357140e-03 -5.07060717e+01 
 4.97184308e+03  9.23913265e-03 -5.10233058e+01 
 5.02912624e+03  9.17456698e-03 -5.13396982e+01 
 5.08706939e+03  9.10988624e-03 -5.16552106e+01 
 5.14568013e+03  9.04510228e-03 -5.19698054e+01 
 5.20496616e+03  8.98022690e-03 -5.22834453e+01 
 5.26493525e+03  8.91527194e-03 -5.25960937e+01 
 5.32559528e+03  8.85024919e-03 -5.29077148e+01 
 5.38695420e+03  8.78517040e-03 -5.32182730e+01 
 5.44902008e+03  8.72004725e-03 -5.35277333e+01 
 5.51180104e+03  8.65489140e-03 -5.38360616e+01 
 5.57530533e+03  8.58971446e-03 -5.41432244e+01 
 5.63954130e+03  8.52452792e-03 -5.44491886e+01 
 5.70451735e+03  8.45934321e-03 -5.47539218e+01 
 5.77024203e+03  8.39417169e-03 -5.50573926e+01 
 5.83672396e+03  8.32902461e-03 -5.53595699e+01 
 5.90397186e+03  8.26391311e-03 -5.56604234e+01 
 5.97199455e+03  8.19884823e-03 -5.59599236e+01 
 6.04080098e+03  8.13384086e-03 -5.62580415e+01 
 6.11040015e+03  8.06890181e-03 -5.65547491e+01 
 6.18080121e+03  8.00404174e-03 -5.68500189e+01 
 6.25201340e+03  7.93927118e-03 -5.71438242e+01 
 6.32404607e+03  7.87460051e-03 -5.74361391e+01 
 6.39690866e+03  7.81003991e-03 -5.77269382e+01 
 6.47061073e+03  7.74559951e-03 -5.80161971e+01 
 6.54516197e+03  7.68128921e-03 -5.83038921e+01 
 6.62057214e+03  7.61711872e-03 -5.85900000e+01 
 6.69685116e+03  7.55309765e-03 -5.88744986e+01 
 6.77400903e+03  7.48923542e-03 -5.91573666e+01 
 6.85205587e+03  7.42554123e-03 -5.94385830e+01 
 6.93100193e+03  7.36202414e-03 -5.97181277e+01 
 7.01085757e+03  7.29869298e-03 -5.99959815e+01 
 7.09163327e+03  7.23555648e-03 -6.02721260e+01 
 7.17333962e+03  7.17262308e-03 -6.05465432e+01 
 7.25598736e+03  7.10990107e-03 -6.08192160e+01 
 7.33958732e+03  7.04739857e-03 -6.10901282e+01 
 7.42415048e+03  6.98512344e-03 -6.13592640e+01 
 7.50968794e+03  6.92308339e-03 -6.16266084e+01 
 7.59621092e+03  6.86128595e-03 -6.18921476e+01 
 7.68373077e+03  6.79973837e-03 -6.21558676e+01 
 7.77225899e+03  6.73844777e-03 -6.24177560e+01 
 7.86180718e+03  6.67742101e-03 -6.26778004e+01 
 7.95238711e+03  6.61666482e-03 -6.29359896e+01 
 8.04401065e+03  6.55618564e-03 -6.31923126e+01 
 8.13668983e+03  6.49598977e-03 -6.34467596e+01 
 8.23043682e+03  6.43608326e-03 -6.36993208e+01 
 8.32526392e+03  6.37647202e-03 -6.39499878e+01 
 8.42118357e+03  6.31716167e-03 -6.41987521e+01 
 8.51820836e+03  6.25815771e-03 -6.44456064e+01 
 8.61635102e+03  6.19946539e-03 -6.46905437e+01 
 8.71562443e+03  6.14108977e-03 -6.49335577e+01 
 8.81604162e+03  6.08303574e-03 -6.51746427e+01 
 8.91761577e+03  6.02530795e-03 -6.54137936e+01 
 9.02036021e+03  5.96791086e-03 -6.56510058e+01 
 9.12428842e+03  5.91084877e-03 -6.58862753e+01 
 9.22941404e+03  5.85412578e-03 -6.61195988e+01 
 9.33575087e+03  5.79774578e-03 -6.63509731e+01 
 9.44331286e+03  5.74171247e-03 -6.65803961e+01 
 9.55211412e+03  5.68602939e-03 -6.68078658e+01 
 9.66216894e+03  5.63069989e-03 -6.70333808e+01 
 9.77349176e+03  5.57572715e-03 -6.72569405e+01 
 9.88609719e+03  5.52111411e-03 -6.74785440e+01 
 1.00000000e+04  5.46686362e-03 -6.76981917e+01 
 1.01152151e+04  5.41297832e-03 -6.79158841e+01 
 1.02317577e+04  5.35946069e-03 -6.81316222e+01 
 1.03496431e+04  5.30631303e-03 -6.83454073e+01 
 1.04688866e+04  5.25353747e-03 -6.85572411e+01 
 1.05895041e+04  5.20113603e-03 -6.87671261e+01 
 1.07115112e+04  5.14911055e-03 -6.89750648e+01 
 1.08349240e+04  5.09746261e-03 -6.91810599e+01 
 1.09597588e+04  5.04619380e-03 -6.93851150e+01 
 1.10860318e+04  4.99530556e-03 -6.95872340e+01 
 1.12137597e+04  4.94479902e-03 -6.97874207e+01 
 1.13429592e+04  4.89467529e-03 -6.99856794e+01 
 1.14736472e+04  4.84493536e-03 -7.01820150e+01 
 1.16058410e+04  4.79558007e-03 -7.03764327e+01 
 1.17395579e+04  4.74661000e-03 -7.05689373e+01 
 1.18748154e+04  4.69802582e-03 -7.07595349e+01 
 1.20116312e+04  4.64982795e-03 -7.09482313e+01 
 1.21500234e+04  4.60201664e-03 -7.11350325e+01 
 1.22900101e+04  4.55459218e-03 -7.13199451e+01 
 1.24316096e+04  4.50755455e-03 -7.15029755e+01 
 1.25748406e+04  4.46090380e-03 -7.16841310e+01 
 1.27197218e+04  4.41463971e-03 -7.18634183e+01 
 1.28662722e+04  4.36876209e-03 -7.20408449e+01 
 1.30145112e+04  4.32327063e-03 -7.22164186e+01 
 1.31644581e+04  4.27816486e-03 -7.23901471e+01 
 1.33161325e+04  4.23344416e-03 -7.25620379e+01 
 1.34695546e+04  4.18910795e-03 -7.27320994e+01 
 1.36247442e+04  4.14515554e-03 -7.29003400e+01 
 1.37817219e+04  4.10158602e-03 -7.30667678e+01 
 1.39405082e+04  4.05839858e-03 -7.32313917e+01 
 1.41011240e+04  4.01559222e-03 -7.33942205e+01 
 1.42635903e+04  3.97316583e-03 -7.35552626e+01 
 1.44279285e+04  3.93111833e-03 -7.37145275e+01 
 1.45941600e+04  3.88944851e-03 -7.38720241e+01 
 1.47623069e+04  3.84815509e-03 -7.40277616e+01 
 1.49323910e+04  3.80723668e-03 -7.41817493e+01 
 1.51044348e+04  3.76669193e-03 -7.43339968e+01 
 1.52784607e+04  3.72651930e-03 -7.44845134e+01 
 1.54544917e+04  3.68671733e-03 -7.46333089e+01 
 1.56325509e+04  3.64728438e-03 -7.47803928e+01 
 1.58126615e+04  3.60821880e-03 -7.49257748e+01 
 1.59948473e+04  3.56951892e-03 -7.50694649e+01 
 1.61791322e+04  3.53118294e-03 -7.52114726e+01 
 1.63655403e+04  3.49320913e-03 -7.53518083e+01 
 1.65540961e+04  3.45559558e-03 -7.54904815e+01 
 1.67448244e+04  3.41834046e-03 -7.56275024e+01 
 1.69377501e+04  3.38144173e-03 -7.57628807e+01 
 1.71328986e+04  3.34489757e-03 -7.58966270e+01 
 1.73302956e+04  3.30870585e-03 -7.60287507e+01 
 1.75299668e+04  3.27286458e-03 -7.61592624e+01 
 1.77319386e+04  3.23737163e-03 -7.62881716e+01 
 1.79362374e+04  3.20222495e-03 -7.64154890e+01 
 1.81428900e+04  3.16742239e-03 -7.65412244e+01 
 1.83519236e+04  3.13296175e-03 -7.66653878e+01 
 1.85633655e+04  3.09884084e-03 -7.67879894e+01 
 1.87772436e+04  3.06505745e-03 -7.69090391e+01 
 1.89935859e+04  3.03160930e-03 -7.70285470e+01 
 1.92124208e+04  2.99849419e-03 -7.71465233e+01 
 1.94337770e+04  2.96570977e-03 -7.72629777e+01 
 1.96576835e+04  2.93325374e-03 -7.73779202e+01 
 1.98841698e+04  2.90112376e-03 -7.74913607e+01 
 2.01132655e+04  2.86931756e-03 -7.76033094e+01 
 2.03450008e+04  2.83783271e-03 -7.77137758e+01 
 2.05794060e+04  2.80666687e-03 -7.78227699e+01 
 2.08165120e+04  2.77581769e-03 -7.79303014e+01 
 2.10563497e+04  2.74528268e-03 -7.80363798e+01 
 2.12989507e+04  2.71505954e-03 -7.81410151e+01 
 2.15443469e+04  2.68514579e-03 -7.82442165e+01 
 2.17925704e+04  2.65553904e-03 -7.83459938e+01 
 2.20436538e+04  2.62623685e-03 -7.84463564e+01 
 2.22976301e+04  2.59723681e-03 -7.85453138e+01 
 2.25545326e+04  2.56853650e-03 -7.86428754e+01 
 2.28143949e+04  2.54013340e-03 -7.87390501e+01 
 2.30772513e+04  2.51202517e-03 -7.88338476e+01 
 2.33431362e+04  2.48420929e-03 -7.89272766e+01 
 2.36120845e+04  2.45668335e-03 -7.90193463e+01 
 2.38841315e+04  2.42944499e-03 -7.91100662e+01 
 2.41593128e+04  2.40249159e-03 -7.91994444e+01 
 2.44376647e+04  2.37582078e-03 -7.92874898e+01 
 2.47192236e+04  2.34943013e-03 -7.93742114e+01 
 2.50040265e+04  2.32331724e-03 -7.94596179e+01 
 2.52921107e+04  2.29747974e-03 -7.95437183e+01 
 2.55835142e+04  2.27191498e-03 -7.96265198e+01 
 2.58782750e+04  2.24662072e-03 -7.97080318e+01 
 2.61764319e+04  2.22159456e-03 -7.97882626e+01 
 2.64780240e+04  2.19683397e-03 -7.98672199e+01 
 2.67830910e+04  2.17233654e-03 -7.99449118e+01 
 2.70916727e+04  2.14810008e-03 -8.00213471e+01 
 2.74038098e+04  2.12412198e-03 -8.00965329e+01 
 2.77195432e+04  2.10040005e-03 -8.01704777e+01 
 2.80389144e+04  2.07693167e-03 -8.02431882e+01 
 2.83619651e+04  2.05371467e-03 -8.03146728e+01 
 2.86887379e+04  2.03074671e-03 -8.03849391e+01 
 2.90192756e+04  2.00802532e-03 -8.04539940e+01 
 2.93536216e+04  1.98554830e-03 -8.05218453e+01 
 2.96918198e+04  1.96331324e-03 -8.05884999e+01 
 3.00339145e+04  1.94131788e-03 -8.06539650e+01 
 3.03799507e+04  1.91955992e-03 -8.07182477e+01 
 3.07299737e+04  1.89803708e-03 -8.07813548e+01 
 3.10840296e+04  1.87674712e-03 -8.08432933e+01 
 3.14421647e+04  1.85568766e-03 -8.09040693e+01 
 3.18044260e+04  1.83485665e-03 -8.09636904e+01 
 3.21708612e+04  1.81425168e-03 -8.10221620e+01 
 3.25415182e+04  1.79387056e-03 -8.10794907e+01 
 3.29164458e+04  1.77371114e-03 -8.11356830e+01 
 3.32956931e+04  1.75377125e-03 -8.11907453e+01 
 3.36793099e+04  1.73404861e-03 -8.12446829e+01 
 3.40673466e+04  1.71454115e-03 -8.12975022e+01 
 3.44598540e+04  1.69524666e-03 -8.13492089e+01 
 3.48568837e+04  1.67616306e-03 -8.13998086e+01 
 3.52584878e+04  1.65728824e-03 -8.14493073e+01 
 3.56647189e+04  1.63862009e-03 -8.14977102e+01 
 3.60756305e+04  1.62015637e-03 -8.15450219e+01 
 3.64912764e+04  1.60189514e-03 -8.15912485e+01 
 3.69117112e+04  1.58383447e-03 -8.16363955e+01 
 3.73369900e+04  1.56597207e-03 -8.16804669e+01 
 3.77671687e+04  1.54830598e-03 -8.17234678e+01 
 3.82023036e+04  1.53083430e-03 -8.17654035e+01 
 3.86424520e+04  1.51355481e-03 -8.18062776e+01 
 3.90876716e+04  1.49646590e-03 -8.18460966e+01 
 3.95380208e+04  1.47956514e-03 -8.18848625e+01 
 3.99935587e+04  1.46285096e-03 -8.19225815e+01 
 4.04543450e+04  1.44632114e-03 -8.19592563e+01 
 4.09204403e+04  1.42997395e-03 -8.19948921e+01 
 4.13919058e+04  1.41380755e-03 -8.20294931e+01 
 4.18688032e+04  1.39781973e-03 -8.20630613e+01 
 4.23511952e+04  1.38200888e-03 -8.20956021e+01 
 4.28391452e+04  1.36637335e-03 -8.21271200e+01 
 4.33327170e+04  1.35091068e-03 -8.21576151e+01 
 4.38319755e+04  1.33561942e-03 -8.21870928e+01 
 4.43369862e+04  1.32049796e-03 -8.22155576e+01 
 4.48478155e+04  1.30554409e-03 -8.22430101e+01 
 4.53645302e+04  1.29075627e-03 -8.22694547e+01 
 4.58871983e+04  1.27613267e-03 -8.22948939e+01 
 4.64158883e+04  1.26167164e-03 -8.23193311e+01 
 4.69506697e+04  1.24737130e-03 -8.23427678e+01 
 4.74916125e+04  1.23323019e-03 -8.23652083e+01 
 4.80387878e+04  1.21924616e-03 -8.23866521e+01 
 4.85922674e+04  1.20541787e-03 -8.24071035e+01 
 4.91521239e+04  1.19174369e-03 -8.24265651e+01 
 4.97184308e+04  1.17822173e-03 -8.24450373e+01 
 5.02912624e+04  1.16485043e-03 -8.24625224e+01 
 5.08706939e+04  1.15162831e-03 -8.24790232e+01 
 5.14568013e+04  1.13855358e-03 -8.24945401e+01 
 5.20496616e+04  1.12562478e-03 -8.25090756e+01 
 5.26493525e+04  1.11284042e-03 -8.25226315e+01 
 5.32559528e+04  1.10019857e-03 -8.25352068e+01 
 5.38695420e+04  1.08769806e-03 -8.25468050e+01 
 5.44902008e+04  1.07533708e-03 -8.25574253e+01 
 5.51180104e+04  1.06311422e-03 -8.25670693e+01 
 5.57530533e+04  1.05102804e-03 -8.25757383e+01 
 5.63954130e+04  1.03907703e-03 -8.25834326e+01 
 5.70451735e+04  1.02725973e-03 -8.25901530e+01 
 5.77024203e+04  1.01557454e-03 -8.25958987e+01 
 5.83672396e+04  1.00402019e-03 -8.26006713e+01 
 5.90397186e+04  9.92595073e-04 -8.26044695e+01 
 5.97199455e+04  9.81297983e-04 -8.26072951e+01 
 6.04080098e+04  9.70127320e-04 -8.26091462e+01 
 6.11040015e+04  9.59081717e-04 -8.26100228e+01 
 6.18080121e+04  9.48159980e-04 -8.26099259e+01 
 6.25201340e+04  9.37360749e-04 -8.26088549e+01 
 6.32404607e+04  9.26682316e-04 -8.26068064e+01 
 6.39690866e+04  9.16123672e-04 -8.26037820e+01 
 6.47061073e+04  9.05683405e-04 -8.25997801e+01 
 6.54516197e+04  8.95360164e-04 -8.25947992e+01 
 6.62057214e+04  8.85152888e-04 -8.25888401e+01 
 6.69685116e+04  8.75059942e-04 -8.25818984e+01 
 6.77400903e+04  8.65080098e-04 -8.25739729e+01 
 6.85205587e+04  8.55212533e-04 -8.25650657e+01 
 6.93100193e+04  8.45455502e-04 -8.25551706e+01 
 7.01085757e+04  8.35808132e-04 -8.25442889e+01 
 7.09163327e+04  8.26268912e-04 -8.25324158e+01 
 7.17333962e+04  8.16836683e-04 -8.25195495e+01 
 7.25598736e+04  8.07510516e-04 -8.25056901e+01 
 7.33958732e+04  7.98288968e-04 -8.24908325e+01 
 7.42415048e+04  7.89170941e-04 -8.24749749e+01 
 7.50968794e+04  7.80155340e-04 -8.24581149e+01 
 7.59621092e+04  7.71241072e-04 -8.24402500e+01 
 7.68373077e+04  7.62426871e-04 -8.24213760e+01 
 7.77225899e+04  7.53711591e-04 -8.24014891e+01 
 7.86180718e+04  7.45094200e-04 -8.23805868e+01 
 7.95238711e+04  7.36573669e-04 -8.23586662e+01 
 8.04401065e+04  7.28148797e-04 -8.23357223e+01 
 8.13668983e+04  7.19818616e-04 -8.23117524e+01 
 8.23043682e+04  7.11582043e-04 -8.22867521e+01 
 8.32526392e+04  7.03437939e-04 -8.22607164e+01 
 8.42118357e+04  6.95385167e-04 -8.22336397e+01 
 8.51820836e+04  6.87423283e-04 -8.22055241e+01 
 8.61635102e+04  6.79550459e-04 -8.21763557e+01 
 8.71562443e+04  6.71766196e-04 -8.21461354e+01 
 8.81604162e+04  6.64069304e-04 -8.21148559e+01 
 8.91761577e+04  6.56458940e-04 -8.20825137e+01 
 9.02036021e+04  6.48933917e-04 -8.20491008e+01 
 9.12428842e+04  6.41493738e-04 -8.20146174e+01 
 9.22941404e+04  6.34136528e-04 -8.19790462e+01 
 9.33575087e+04  6.26862600e-04 -8.19423973e+01 
 9.44331286e+04  6.19669963e-04 -8.19046510e+01 
 9.55211412e+04  6.12558357e-04 -8.18658097e+01 
 9.66216894e+04  6.05526486e-04 -8.18258618e+01 
 9.77349176e+04  5.98573284e-04 -8.17847983e+01 
 9.88609719e+04  5.91698379e-04 -8.17426195e+01 
 1.00000000e+05  5.84900821e-04 -8.16993176e+01 
 1.01152151e+05  5.78179549e-04 -8.16548828e+01 
 1.02317577e+05  5.71533500e-04 -8.16093047e+01 
 1.03496431e+05  5.64961960e-04 -8.15625775e+01 
 1.04688866e+05  5.58464560e-04 -8.15147007e+01 
 1.05895041e+05  5.52039549e-04 -8.14656523e+01 
 1.07115112e+05  5.45686676e-04 -8.14154328e+01 
 1.08349240e+05  5.39405343e-04 -8.13640371e+01 
 1.09597588e+05  5.33194378e-04 -8.13114510e+01 
 1.10860318e+05  5.27053072e-04 -8.12576670e+01 
 1.12137597e+05  5.20980368e-04 -8.12026713e+01 
 1.13429592e+05  5.14976017e-04 -8.11464637e+01 
 1.14736472e+05  5.09038852e-04 -8.10890278e+01 
 1.16058410e+05  5.03167934e-04 -8.10303507e+01 
 1.17395579e+05  4.97363130e-04 -8.09704332e+01 
 1.18748154e+05  4.91623275e-04 -8.09092578e+01 
 1.20116312e+05  4.85947777e-04 -8.08468165e+01 
 1.21500234e+05  4.80335472e-04 -8.07830901e+01 
 1.22900101e+05  4.74786229e-04 -8.07180791e+01 
 1.24316096e+05  4.69299229e-04 -8.06517701e+01 
 1.25748406e+05  4.63873195e-04 -8.05841400e+01 
 1.27197218e+05  4.58508228e-04 -8.05151932e+01 
 1.28662722e+05  4.53203280e-04 -8.04449103e+01 
 1.30145112e+05  4.47957421e-04 -8.03732737e+01 
 1.31644581e+05  4.42770294e-04 -8.03002772e+01 
 1.33161325e+05  4.37640969e-04 -8.02259021e+01 
 1.34695546e+05  4.32568862e-04 -8.01501367e+01 
 1.36247442e+05  4.27553616e-04 -8.00729741e+01 
 1.37817219e+05  4.22594418e-04 -7.99943967e+01 
 1.39405082e+05  4.17690341e-04 -7.99143832e+01 
 1.41011240e+05  4.12841260e-04 -7.98329313e+01 
 1.42635903e+05  4.08046135e-04 -7.97500160e+01 
 1.44279285e+05  4.03304155e-04 -7.96656167e+01 
 1.45941600e+05  3.98615310e-04 -7.95797332e+01 
 1.47623069e+05  3.93978677e-04 -7.94923413e+01 
 1.49323910e+05  3.89393789e-04 -7.94034283e+01 
 1.51044348e+05  3.84859610e-04 -7.93129649e+01 
 1.52784607e+05  3.80376361e-04 -7.92209565e+01 
 1.54544917e+05  3.75942433e-04 -7.91273563e+01 
 1.56325509e+05  3.71558621e-04 -7.90321862e+01 
 1.58126615e+05  3.67222975e-04 -7.89353869e+01 
 1.59948473e+05  3.62935490e-04 -7.88369559e+01 
 1.61791322e+05  3.58695589e-04 -7.87368732e+01 
 1.63655403e+05  3.54503153e-04 -7.86351328e+01 
 1.65540961e+05  3.50356579e-04 -7.85316803e+01 
 1.67448244e+05  3.46256320e-04 -7.84265270e+01 
 1.69377501e+05  3.42201687e-04 -7.83196470e+01 
 1.71328986e+05  3.38192448e-04 -7.82110293e+01 
 1.73302956e+05  3.34227004e-04 -7.81006138e+01 
 1.75299668e+05  3.30305126e-04 -7.79883868e+01 
 1.77319386e+05  3.26427492e-04 -7.78743691e+01 
 1.79362374e+05  3.22592508e-04 -7.77584968e+01 
 1.81428900e+05  3.18799945e-04 -7.76407554e+01 
 1.83519236e+05  3.15049344e-04 -7.75211215e+01 
 1.85633655e+05  3.11339797e-04 -7.73995522e+01 
 1.87772436e+05  3.07671530e-04 -7.72760500e+01 
 1.89935859e+05  3.04043634e-04 -7.71505705e+01 
 1.92124208e+05  3.00455882e-04 -7.70230966e+01 
 1.94337770e+05  2.96907593e-04 -7.68935909e+01 
 1.96576835e+05  2.93398542e-04 -7.67620351e+01 
 1.98841698e+05  2.89928050e-04 -7.66283896e+01 
 2.01132655e+05  2.86495665e-04 -7.64926239e+01 
 2.03450008e+05  2.83100937e-04 -7.63547064e+01 
 2.05794060e+05  2.79743643e-04 -7.62146160e+01 
 2.08165120e+05  2.76423331e-04 -7.60723197e+01 
 2.10563497e+05  2.73140232e-04 -7.59278192e+01 
 2.12989507e+05  2.69891865e-04 -7.57809725e+01 
 2.15443469e+05  2.66680040e-04 -7.56318625e+01 
 2.17925704e+05  2.63503183e-04 -7.54803915e+01 
 2.20436538e+05  2.60361073e-04 -7.53265328e+01 
 2.22976301e+05  2.57253266e-04 -7.51702460e+01 
 2.25545326e+05  2.54179768e-04 -7.50115166e+01 
 2.28143949e+05  2.51140136e-04 -7.48503033e+01 
 2.30772513e+05  2.48133252e-04 -7.46865206e+01 
 2.33431362e+05  2.45159351e-04 -7.45201648e+01 
 2.36120845e+05  2.42218215e-04 -7.43512047e+01 
 2.38841315e+05  2.39308957e-04 -7.41795629e+01 
 2.41593128e+05  2.36431586e-04 -7.40052201e+01 
 2.44376647e+05  2.33585665e-04 -7.38281257e+01 
 2.47192236e+05  2.30770981e-04 -7.36482438e+01 
 2.50040265e+05  2.27986873e-04 -7.34655044e+01 
 2.52921107e+05  2.25232464e-04 -7.32798170e+01 
 2.55835142e+05  2.22508881e-04 -7.30912426e+01 
 2.58782750e+05  2.19814798e-04 -7.28996549e+01 
 2.61764319e+05  2.17150010e-04 -7.27050100e+01 
 2.64780240e+05  2.14514308e-04 -7.25072635e+01 
 2.67830910e+05  2.11907263e-04 -7.23063507e+01 
 2.70916727e+05  2.09328007e-04 -7.21021653e+01 
 2.74038098e+05  2.06777665e-04 -7.18947751e+01 
 2.77195432e+05  2.04254703e-04 -7.16840116e+01 
 2.80389144e+05  2.01758703e-04 -7.14697992e+01 
 2.83619651e+05  1.99290125e-04 -7.12521451e+01 
 2.86887379e+05  1.96848329e-04 -7.10309512e+01 
 2.90192756e+05  1.94433557e-04 -7.08062044e+01 
 2.93536216e+05  1.92044732e-04 -7.05777560e+01 
 2.96918198e+05  1.89681661e-04 -7.03455421e+01 
 3.00339145e+05  1.87343931e-04 -7.01094728e+01 
 3.03799507e+05  1.85032663e-04 -6.98696283e+01 
 3.07299737e+05  1.82746353e-04 -6.96257964e+01 
 3.10840296e+05  1.80483287e-04 -6.93777229e+01 
 3.14421647e+05  1.78246549e-04 -6.91257209e+01 
 3.18044260e+05  1.76033555e-04 -6.88694296e+01 
 3.21708612e+05  1.73844343e-04 -6.86087938e+01 
 3.25415182e+05  1.71679813e-04 -6.83438733e+01 
 3.29164458e+05  1.69538486e-04 -6.80744169e+01 
 3.32956931e+05  1.67420617e-04 -6.78003949e+01 
 3.36793099e+05  1.65325169e-04 -6.75215961e+01 
 3.40673466e+05  1.63253906e-04 -6.72382061e+01 
 3.44598540e+05  1.61204291e-04 -6.69497875e+01 
 3.48568837e+05  1.59177231e-04 -6.66563972e+01 
 3.52584878e+05  1.57172773e-04 -6.63579693e+01 
 3.56647189e+05  1.55189686e-04 -6.60542293e+01 
 3.60756305e+05  1.53228450e-04 -6.57451685e+01 
 3.64912764e+05  1.51289542e-04 -6.54307859e+01 
 3.69117112e+05  1.49371746e-04 -6.51107876e+01 
 3.73369900e+05  1.47475122e-04 -6.47850894e+01 
 3.77671687e+05  1.45599731e-04 -6.44536072e+01 
 3.82023036e+05  1.43745635e-04 -6.41162577e+01 
 3.86424520e+05  1.41911643e-04 -6.37727089e+01 
 3.90876716e+05  1.40097413e-04 -6.34227746e+01 
 3.95380208e+05  1.38304269e-04 -6.30666096e+01 
 3.99935587e+05  1.36532279e-04 -6.27041265e+01 
 4.04543450e+05  1.34779862e-04 -6.23348712e+01 
 4.09204403e+05  1.33045873e-04 -6.19584477e+01 
 4.13919058e+05  1.31332868e-04 -6.15753011e+01 
 4.18688032e+05  1.29639699e-04 -6.11850428e+01 
 4.23511952e+05  1.27965237e-04 -6.07872548e+01 
 4.28391452e+05  1.26310399e-04 -6.03820105e+01 
 4.33327170e+05  1.24675280e-04 -5.99691904e+01 
 4.38319755e+05  1.23059581e-04 -5.95485658e+01 
 4.43369862e+05  1.21462606e-04 -5.91197850e+01 
 4.48478155e+05  1.19884873e-04 -5.86828206e+01 
 4.53645302e+05  1.18325309e-04 -5.82371830e+01 
 4.58871983e+05  1.16785229e-04 -5.77830771e+01 
 4.64158883e+05  1.15263186e-04 -5.73198712e+01 
 4.69506697e+05  1.13760104e-04 -5.68476524e+01 
 4.74916125e+05  1.12276119e-04 -5.63662717e+01 
 4.80387878e+05  1.10810598e-04 -5.58753113e+01 
 4.85922674e+05  1.09362929e-04 -5.53743273e+01 
 4.91521239e+05  1.07934806e-04 -5.48637013e+01 
 4.97184308e+05  1.06525239e-04 -5.43428534e+01 
 5.02912624e+05  1.05133271e-04 -5.38111613e+01 
 5.08706939e+05  1.03760965e-04 -5.32691878e+01 
 5.14568013e+05  1.02405518e-04 -5.27155260e+01 
 5.20496616e+05  1.01069365e-04 -5.21509085e+01 
 5.26493525e+05  9.97523246e-05 -5.15750068e+01 
 5.32559528e+05  9.84542314e-05 -5.09874801e+01 
 5.38695420e+05  9.71731402e-05 -5.03870992e+01 
 5.44902008e+05  9.59114527e-05 -4.97746861e+01 
 5.51180104e+05  9.46686805e-05 -4.91497027e+01 
 5.57530533e+05  9.34443656e-05 -4.85115797e+01 
 5.63954130e+05  9.22398091e-05 -4.78606855e+01 
 5.70451735e+05  9.10545649e-05 -4.71964599e+01 
 5.77024203e+05  8.98882205e-05 -4.65183110e+01 
 5.83672396e+05  8.87403982e-05 -4.58256148e+01 
 5.90397186e+05  8.76120778e-05 -4.51185732e+01 
 5.97199455e+05  8.65045383e-05 -4.43976617e+01 
 6.04080098e+05  8.54157965e-05 -4.36611763e+01 
 6.11040015e+05  8.43478001e-05 -4.29100491e+01 
 6.18080121e+05  8.32986626e-05 -4.21424917e+01 
 6.25201340e+05  8.22709406e-05 -4.13599762e+01 
 6.32404607e+05  8.12637305e-05 -4.05614153e+01 
 6.39690866e+05  8.02771042e-05 -3.97464125e+01 
 6.47061073e+05  7.93120359e-05 -3.89153534e+01 
 6.54516197e+05  7.83683124e-05 -3.80676257e+01 
 6.62057214e+05  7.74457667e-05 -3.72025927e+01 
 6.69685116e+05  7.65456591e-05 -3.63209990e+01 
 6.77400903e+05  7.56667539e-05 -3.54211111e+01 
 6.85205587e+05  7.48119176e-05 -3.45054803e+01 
 6.93100193e+05  7.39789031e-05 -3.35712208e+01 
 7.01085757e+05  7.31682257e-05 -3.26182921e+01 
 7.09163327e+05  7.23828478e-05 -3.16498321e+01 
 7.17333962e+05  7.16211842e-05 -3.06635205e+01 
 7.25598736e+05  7.08827861e-05 -2.96581786e+01 
 7.33958732e+05  7.01699950e-05 -2.86365756e+01 
 7.42415048e+05  6.94827559e-05 -2.75983408e+01 
 7.50968794e+05  6.88193981e-05 -2.65403296e+01 
 7.59621092e+05  6.81825571e-05 -2.54662606e+01 
 7.68373077e+05  6.75714694e-05 -2.43744149e+01 
 7.77225899e+05  6.69870241e-05 -2.32659100e+01 
 7.86180718e+05  6.64307330e-05 -2.21434651e+01 
 7.95238711e+05  6.59005465e-05 -2.10024475e+01 
 8.04401065e+05  6.53986759e-05 -1.98471697e+01 
 8.13668983e+05  6.49245744e-05 -1.86760127e+01 
 8.23043682e+05  6.44787278e-05 -1.74896595e+01 
 8.32526392e+05  6.40621212e-05 -1.62904623e+01 
 8.42118357e+05  6.36755621e-05 -1.50809196e+01 
 8.51820836e+05  6.33174408e-05 -1.38554807e+01 
 8.61635102e+05  6.29895838e-05 -1.26199483e+01 
 8.71562443e+05  6.26916612e-05 -1.13728789e+01 
 8.81604162e+05  6.24238718e-05 -1.01144770e+01 
 8.91761577e+05  6.21871742e-05 -8.84921911e+00 
 9.02036021e+05  6.19813009e-05 -7.57575424e+00 
 9.12428842e+05  6.18064932e-05 -6.29528213e+00 
 9.22941404e+05  6.16629488e-05 -5.00904349e+00 
 9.33575087e+05  6.15507595e-05 -3.71744815e+00 
 9.44331286e+05  6.14701722e-05 -2.42352599e+00 
 9.55211412e+05  6.14211084e-05 -1.12513023e+00 
 9.66216894e+05  6.14037530e-05  1.72065456e-01 
 9.77349176e+05  6.14180596e-05  1.47106324e+00 
 9.88609719e+05  6.14639946e-05  2.76791649e+00 
 1.00000000e+06  6.15414869e-05  4.06216269e+00 
 1.01152151e+06  6.16507625e-05  5.35593362e+00 
 1.02317577e+06  6.17911478e-05  6.64188593e+00 
 1.03496431e+06  6.19628820e-05  7.92305825e+00 
 1.04688866e+06  6.21658280e-05  9.19819377e+00 
 1.05895041e+06  6.23994654e-05  1.04643898e+01 
 1.07115112e+06  6.26638268e-05  1.17221787e+01 
 1.08349240e+06  6.29590649e-05  1.29720866e+01 
 1.09597588e+06  6.32833924e-05  1.42072688e+01 
 1.10860318e+06  6.36386559e-05  1.54349274e+01 
 1.12137597e+06  6.40231663e-05  1.66491783e+01 
 1.13429592e+06  6.44373154e-05  1.78515266e+01 
 1.14736472e+06  6.48795611e-05  1.90379761e+01 
 1.16058410e+06  6.53506177e-05  2.02109037e+01 
 1.17395579e+06  6.58497656e-05  2.13688020e+01 
 1.18748154e+06  6.63772613e-05  2.25125049e+01 
 1.20116312e+06  6.69319823e-05  2.36398944e+01 
 1.21500234e+06  6.75126526e-05  2.47490170e+01 
 1.22900101e+06  6.81215072e-05  2.58444327e+01 
 1.24316096e+06  6.87557310e-05  2.69214091e+01 
 1.25748406e+06  6.94160534e-05  2.79816966e+01 
 1.27197218e+06  7.01015700e-05  2.90242855e+01 
 1.28662722e+06  7.08131745e-05  3.00508857e+01 
 1.30145112e+06  7.15485611e-05  3.10586292e+01 
 1.31644581e+06  7.23071711e-05  3.20474160e+01 
 1.33161325e+06  7.30909843e-05  3.30202565e+01 
 1.34695546e+06  7.38991191e-05  3.39763474e+01 
 1.36247442e+06  7.47290374e-05  3.49132268e+01 
 1.37817219e+06  7.55818191e-05  3.58326918e+01 
 1.39405082e+06  7.64581361e-05  3.67358602e+01 
 1.41011240e+06  7.73576162e-05  3.76226892e+01 
 1.42635903e+06  7.82775672e-05  3.84910361e+01 
 1.44279285e+06  7.92186667e-05  3.93421184e+01 
 1.45941600e+06  8.01816844e-05  4.01770794e+01 
 1.47623069e+06  8.11674767e-05  4.09969892e+01 
 1.49323910e+06  8.21732559e-05  4.17999414e+01 
 1.51044348e+06  8.31986034e-05  4.25861337e+01 
 1.52784607e+06  8.42431079e-05  4.33557818e+01 
 1.54544917e+06  8.53089595e-05  4.41109136e+01 
 1.56325509e+06  8.63984940e-05  4.48533911e+01 
 1.58126615e+06  8.75035399e-05  4.55780879e+01 
 1.59948473e+06  8.86303461e-05  4.62895694e+01 
 1.61791322e+06  8.97718692e-05  4.69838720e+01 
 1.63655403e+06  9.09400431e-05  4.76685247e+01 
 1.65540961e+06  9.21236852e-05  4.83372376e+01 
 1.67448244e+06  9.33252084e-05  4.89918794e+01 
 1.69377501e+06  9.45485666e-05  4.96348959e+01 
 1.71328986e+06  9.57935820e-05  5.02663743e+01 
 1.73302956e+06  9.70514057e-05  5.08822510e+01 
 1.75299668e+06  9.83260102e-05  5.14849859e+01 
 1.77319386e+06  9.96229954e-05  5.20774807e+01 
 1.79362374e+06  1.00942230e-04  5.26597999e+01 
 1.81428900e+06  1.02276120e-04  5.32288946e+01 
 1.83519236e+06  1.03627376e-04  5.37863088e+01 
 1.85633655e+06  1.05000315e-04  5.43340488e+01 
 1.87772436e+06  1.06390238e-04  5.48704730e+01 
 1.89935859e+06  1.07796931e-04  5.53958136e+01 
 1.92124208e+06  1.09226355e-04  5.59124926e+01 
 1.94337770e+06  1.10670656e-04  5.64179026e+01 
 1.96576835e+06  1.12134289e-04  5.69138770e+01 
 1.98841698e+06  1.13613970e-04  5.73995530e+01 
 2.01132655e+06  1.15117395e-04  5.78776250e+01 
 2.03450008e+06  1.16636572e-04  5.83457278e+01 
 2.05794060e+06  1.18176095e-04  5.88054940e+01 
 2.08165120e+06  1.19732651e-04  5.92561293e+01 
 2.10563497e+06  1.21312520e-04  5.96995996e+01 
 2.12989507e+06  1.22902713e-04  6.01324961e+01 
 2.15443469e+06  1.24519221e-04  6.05593554e+01 
 2.17925704e+06  1.26153877e-04  6.09781141e+01 
 2.20436538e+06  1.27806557e-04  6.13889273e+01 
 2.22976301e+06  1.29478783e-04  6.17923389e+01 
 2.25545326e+06  1.31170456e-04  6.21884719e+01 
 2.28143949e+06  1.32879823e-04  6.25770796e+01 
 2.30772513e+06  1.34610089e-04  6.29590347e+01 
 2.33431362e+06  1.36364505e-04  6.33351345e+01 
 2.36120845e+06  1.38134676e-04  6.37037096e+01 
 2.38841315e+06  1.39923830e-04  6.40656042e+01 
 2.41593128e+06  1.41738594e-04  6.44222407e+01 
 2.44376647e+06  1.43568830e-04  6.47717407e+01 
 2.47192236e+06  1.45426248e-04  6.51164371e+01 
 2.50040265e+06  1.47293888e-04  6.54533236e+01 
 2.52921107e+06  1.49191981e-04  6.57861576e+01 
 2.55835142e+06  1.51108615e-04  6.61128998e+01 
 2.58782750e+06  1.53043706e-04  6.64336713e+01 
 2.61764319e+06  1.55005729e-04  6.67499503e+01 
 2.64780240e+06  1.56984371e-04  6.70601625e+01 
 2.67830910e+06  1.58991575e-04  6.73662548e+01 
 2.70916727e+06  1.61018717e-04  6.76669678e+01 
 2.74038098e+06  1.63057095e-04  6.79611724e+01 
 2.77195432e+06  1.65130814e-04  6.82524107e+01 
 2.80389144e+06  1.67226034e-04  6.85387479e+01 
 2.83619651e+06  1.69342701e-04  6.88202642e+01 
 2.86887379e+06  1.71477281e-04  6.90965952e+01 
 2.90192756e+06  1.73643648e-04  6.93695858e+01 
 2.93536216e+06  1.75827834e-04  6.96375281e+01 
 2.96918198e+06  1.78036767e-04  6.99013575e+01 
 3.00339145e+06  1.80277420e-04  7.01619258e+01 
 3.03799507e+06  1.82535753e-04  7.04176552e+01 
 3.07299737e+06  1.84822246e-04  7.06698016e+01 
 3.10840296e+06  1.87129837e-04  7.09176417e+01 
 3.14421647e+06  1.89462002e-04  7.11616187e+01 
 3.18044260e+06  1.91825770e-04  7.14024939e+01 
 3.21708612e+06  1.94210527e-04  7.16392287e+01 
 3.25415182e+06  1.96623305e-04  7.18725776e+01 
 3.29164458e+06  1.99071174e-04  7.21032281e+01 
 3.32956931e+06  2.01539942e-04  7.23298760e+01 
 3.36793099e+06  2.04022452e-04  7.25519732e+01 
 3.40673466e+06  2.06550655e-04  7.27723978e+01 
 3.44598540e+06  2.09096093e-04  7.29886804e+01 
 3.48568837e+06  2.11672972e-04  7.32020866e+01 
 3.52584878e+06  2.14281282e-04  7.34126291e+01 
 3.56647189e+06  2.16913863e-04  7.36197676e+01 
 3.60756305e+06  2.19577836e-04  7.38241002e+01 
 3.64912764e+06  2.22269607e-04  7.40253796e+01 
 3.69117112e+06  2.24989153e-04  7.42236434e+01 
 3.73369900e+06  2.27747215e-04  7.44196845e+01 
 3.77671687e+06  2.30525840e-04  7.46122585e+01 
 3.82023036e+06  2.33339364e-04  7.48023998e+01 
 3.86424520e+06  2.36184184e-04  7.49898791e+01 
 3.90876716e+06  2.39056684e-04  7.51744914e+01 
 3.95380208e+06  2.41967652e-04  7.53569465e+01 
 3.99935587e+06  2.44902660e-04  7.55363663e+01 
 4.04543450e+06  2.47883336e-04  7.57140834e+01 
 4.09204403e+06  2.50884406e-04  7.58886113e+01 
 4.13919058e+06  2.53920290e-04  7.60608327e+01 
 4.18688032e+06  2.56990980e-04  7.62307608e+01 
 4.23511952e+06  2.60096467e-04  7.63984103e+01 
 4.28391452e+06  2.63233115e-04  7.65636083e+01 
 4.33327170e+06  2.66411785e-04  7.67269367e+01 
 4.38319755e+06  2.69614340e-04  7.68874887e+01 
 4.43369862e+06  2.72862529e-04  7.70463732e+01 
 4.48478155e+06  2.76152728e-04  7.72034005e+01 
 4.53645302e+06  2.79466764e-04  7.73577308e+01 
 4.58871983e+06  2.82822789e-04  7.75102371e+01 
 4.64158883e+06  2.86213526e-04  7.76605988e+01 
 4.69506697e+06  2.89646243e-04  7.78091495e+01 
 4.74916125e+06  2.93113651e-04  7.79555861e+01 
 4.80387878e+06  2.96626674e-04  7.81003774e+01 
 4.85922674e+06  3.00163430e-04  7.82426468e+01 
 4.91521239e+06  3.03753080e-04  7.83835821e+01 
 4.97184308e+06  3.07384685e-04  7.85227435e+01 
 5.02912624e+06  3.11047283e-04  7.86597329e+01 
 5.08706939e+06  3.14759123e-04  7.87952455e+01 
 5.14568013e+06  3.18505588e-04  7.89287559e+01 
 5.20496616e+06  3.22297634e-04  7.90606688e+01 
 5.26493525e+06  3.26124282e-04  7.91906170e+01 
 5.32559528e+06  3.30000159e-04  7.93191083e+01 
 5.38695420e+06  3.33928930e-04  7.94462543e+01 
 5.44902008e+06  3.37884954e-04  7.95712425e+01 
 5.51180104e+06  3.41893862e-04  7.96949002e+01 
 5.57530533e+06  3.45940992e-04  7.98167814e+01 
 5.63954130e+06  3.50055676e-04  7.99377606e+01 
 5.70451735e+06  3.54193901e-04  8.00565520e+01 
 5.77024203e+06  3.58385003e-04  8.01740218e+01 
 5.83672396e+06  3.62621640e-04  8.02899662e+01 
 5.90397186e+06  3.66918498e-04  8.04047834e+01 
 5.97199455e+06  3.71253541e-04  8.05178888e+01 
 6.04080098e+06  3.75634104e-04  8.06294926e+01 
 6.11040015e+06  3.80060182e-04  8.07396072e+01 
 6.18080121e+06  3.84539121e-04  8.08484218e+01 
 6.25201340e+06  3.89085637e-04  8.09562823e+01 
 6.32404607e+06  3.93670301e-04  8.10624928e+01 
 6.39690866e+06  3.98300461e-04  8.11672446e+01 
 6.47061073e+06  4.02976107e-04  8.12705530e+01 
 6.54516197e+06  4.07726697e-04  8.13730616e+01 
 6.62057214e+06  4.12530140e-04  8.14742824e+01 
 6.69685116e+06  4.17379062e-04  8.15740716e+01 
 6.77400903e+06  4.22280825e-04  8.16725933e+01 
 6.85205587e+06  4.27250173e-04  8.17701407e+01 
 6.93100193e+06  4.32257610e-04  8.18661431e+01 
 7.01085757e+06  4.37325252e-04  8.19610384e+01 
 7.09163327e+06  4.42453098e-04  8.20548260e+01 
 7.17333962e+06  4.47655911e-04  8.21477672e+01 
 7.25598736e+06  4.52896786e-04  8.22392087e+01 
 7.33958732e+06  4.58197860e-04  8.23295525e+01 
 7.42415048e+06  4.63588673e-04  8.24192874e+01 
 7.50968794e+06  4.68995371e-04  8.25071962e+01 
 7.59621092e+06  4.74491809e-04  8.25944925e+01 
 7.68373077e+06  4.80041052e-04  8.26805823e+01 
 7.77225899e+06  4.85657877e-04  8.27657003e+01 
 7.86180718e+06  4.91342282e-04  8.28498450e+01 
 7.95238711e+06  4.97072088e-04  8.29326986e+01 
 8.04401065e+06  5.02884257e-04  8.30147992e+01 
 8.13668983e+06  5.08756607e-04  8.30958304e+01 
 8.23043682e+06  5.14689135e-04  8.31758005e+01 
 8.32526392e+06  5.20696633e-04  8.32549107e+01 
 8.42118357e+06  5.26779103e-04  8.33331569e+01 
 8.51820836e+06  5.32921743e-04  8.34103520e+01 
 8.61635102e+06  5.39154160e-04  8.34868654e+01 
 8.71562443e+06  5.45454148e-04  8.35624196e+01 
 8.81604162e+06  5.51799491e-04  8.36367626e+01 
 8.91761577e+06  5.58242017e-04  8.37105042e+01 
 9.02036021e+06  5.64729887e-04  8.37830541e+01 
 9.12428842e+06  5.71300128e-04  8.38548358e+01 
 9.22941404e+06  5.77960150e-04  8.39259229e+01 
 9.33575087e+06  5.84709958e-04  8.39963065e+01 
 9.44331286e+06  5.91505092e-04  8.40655312e+01 
 9.55211412e+06  5.98382598e-04  8.41339854e+01 
 9.66216894e+06  6.05349888e-04  8.42017388e+01 
 9.77349176e+06  6.12377311e-04  8.42685070e+01 
 9.88609719e+06  6.19516761e-04  8.43347805e+01 
 1.00000000e+07  6.26701510e-04  8.43999426e+01 
