 frequency       AmagdB          Aphdeg         
 1.00000000e+04  5.26456319e+01 -2.43119883e+00 
 1.02305973e+04  5.26452675e+01 -2.48719206e+00 
 1.04665121e+04  5.26448862e+01 -2.54447156e+00 
 1.07078670e+04  5.26444871e+01 -2.60306665e+00 
 1.09547876e+04  5.26440694e+01 -2.66300728e+00 
 1.12074020e+04  5.26436323e+01 -2.72432410e+00 
 1.14658417e+04  5.26431748e+01 -2.78704841e+00 
 1.17302409e+04  5.26426961e+01 -2.85121222e+00 
 1.20007371e+04  5.26421950e+01 -2.91684822e+00 
 1.22774708e+04  5.26416707e+01 -2.98398984e+00 
 1.25605860e+04  5.26411219e+01 -3.05267125e+00 
 1.28502297e+04  5.26405477e+01 -3.12292736e+00 
 1.31465525e+04  5.26399467e+01 -3.19479383e+00 
 1.34497085e+04  5.26393178e+01 -3.26830711e+00 
 1.37598551e+04  5.26386596e+01 -3.34350445e+00 
 1.40771537e+04  5.26379709e+01 -3.42042390e+00 
 1.44017690e+04  5.26372501e+01 -3.49910432e+00 
 1.47338699e+04  5.26364958e+01 -3.57958543e+00 
 1.50736290e+04  5.26357065e+01 -3.66190778e+00 
 1.54212228e+04  5.26348805e+01 -3.74611281e+00 
 1.57768320e+04  5.26340162e+01 -3.83224283e+00 
 1.61406415e+04  5.26331117e+01 -3.92034104e+00 
 1.65128404e+04  5.26321652e+01 -4.01045158e+00 
 1.68936220e+04  5.26311748e+01 -4.10261949e+00 
 1.72831844e+04  5.26301384e+01 -4.19689078e+00 
 1.76817299e+04  5.26290539e+01 -4.29331240e+00 
 1.80894658e+04  5.26279191e+01 -4.39193229e+00 
 1.85066040e+04  5.26267317e+01 -4.49279936e+00 
 1.89333613e+04  5.26254893e+01 -4.59596354e+00 
 1.93699595e+04  5.26241893e+01 -4.70147578e+00 
 1.98166255e+04  5.26228290e+01 -4.80938806e+00 
 2.02735916e+04  5.26214058e+01 -4.91975341e+00 
 2.07410951e+04  5.26199167e+01 -5.03262592e+00 
 2.12193792e+04  5.26183586e+01 -5.14806074e+00 
 2.17086923e+04  5.26167284e+01 -5.26611413e+00 
 2.22092889e+04  5.26150229e+01 -5.38684344e+00 
 2.27214291e+04  5.26132385e+01 -5.51030714e+00 
 2.32453791e+04  5.26113716e+01 -5.63656481e+00 
 2.37814113e+04  5.26094185e+01 -5.76567717e+00 
 2.43298042e+04  5.26073753e+01 -5.89770608e+00 
 2.48908429e+04  5.26052377e+01 -6.03271457e+00 
 2.54648190e+04  5.26030016e+01 -6.17076681e+00 
 2.60520309e+04  5.26006623e+01 -6.31192814e+00 
 2.66527837e+04  5.25982153e+01 -6.45626508e+00 
 2.72673897e+04  5.25956556e+01 -6.60384533e+00 
 2.78961683e+04  5.25929782e+01 -6.75473777e+00 
 2.85394464e+04  5.25901775e+01 -6.90901244e+00 
 2.91975583e+04  5.25872482e+01 -7.06674059e+00 
 2.98708461e+04  5.25841843e+01 -7.22799465e+00 
 3.05596598e+04  5.25809798e+01 -7.39284820e+00 
 3.12643573e+04  5.25776283e+01 -7.56137602e+00 
 3.19853049e+04  5.25741232e+01 -7.73365405e+00 
 3.27228774e+04  5.25704577e+01 -7.90975937e+00 
 3.34774581e+04  5.25666244e+01 -8.08977020e+00 
 3.42494392e+04  5.25626160e+01 -8.27376590e+00 
 3.50392221e+04  5.25584245e+01 -8.46182692e+00 
 3.58472171e+04  5.25540418e+01 -8.65403482e+00 
 3.66738442e+04  5.25494594e+01 -8.85047219e+00 
 3.75195331e+04  5.25446683e+01 -9.05122266e+00 
 3.83847234e+04  5.25396595e+01 -9.25637087e+00 
 3.92698648e+04  5.25344231e+01 -9.46600241e+00 
 4.01754173e+04  5.25289492e+01 -9.68020380e+00 
 4.11018515e+04  5.25232273e+01 -9.89906242e+00 
 4.20496491e+04  5.25172466e+01 -1.01226665e+01 
 4.30193027e+04  5.25109956e+01 -1.03511050e+01 
 4.40113162e+04  5.25044627e+01 -1.05844676e+01 
 4.50262052e+04  5.24976355e+01 -1.08228447e+01 
 4.60644974e+04  5.24905013e+01 -1.10663272e+01 
 4.71267322e+04  5.24830468e+01 -1.13150064e+01 
 4.82134619e+04  5.24752582e+01 -1.15689741e+01 
 4.93252513e+04  5.24671212e+01 -1.18283225e+01 
 5.04626783e+04  5.24586208e+01 -1.20931438e+01 
 5.16263340e+04  5.24497418e+01 -1.23635305e+01 
 5.28168234e+04  5.24404679e+01 -1.26395748e+01 
 5.40347650e+04  5.24307825e+01 -1.29213691e+01 
 5.52807921e+04  5.24206684e+01 -1.32090053e+01 
 5.65555523e+04  5.24101076e+01 -1.35025749e+01 
 5.78597080e+04  5.23990816e+01 -1.38021690e+01 
 5.91939372e+04  5.23875711e+01 -1.41078776e+01 
 6.05589334e+04  5.23755562e+01 -1.44197901e+01 
 6.19554061e+04  5.23630163e+01 -1.47379947e+01 
 6.33840810e+04  5.23499300e+01 -1.50625782e+01 
 6.48457008e+04  5.23362754e+01 -1.53936262e+01 
 6.63410251e+04  5.23220296e+01 -1.57312222e+01 
 6.78708313e+04  5.23071691e+01 -1.60754481e+01 
 6.94359143e+04  5.22916697e+01 -1.64263833e+01 
 7.10370877e+04  5.22755061e+01 -1.67841051e+01 
 7.26751838e+04  5.22586527e+01 -1.71486878e+01 
 7.43510539e+04  5.22410829e+01 -1.75202029e+01 
 7.60655691e+04  5.22227692e+01 -1.78987185e+01 
 7.78196206e+04  5.22036835e+01 -1.82842994e+01 
 7.96141200e+04  5.21837969e+01 -1.86770063e+01 
 8.14500001e+04  5.21630796e+01 -1.90768958e+01 
 8.33282151e+04  5.21415012e+01 -1.94840199e+01 
 8.52497412e+04  5.21190304e+01 -1.98984260e+01 
 8.72155772e+04  5.20956351e+01 -2.03201561e+01 
 8.92267449e+04  5.20712826e+01 -2.07492467e+01 
 9.12842895e+04  5.20459395e+01 -2.11857284e+01 
 9.33892805e+04  5.20195716e+01 -2.16296255e+01 
 9.55428121e+04  5.19921440e+01 -2.20809557e+01 
 9.77460036e+04  5.19636211e+01 -2.25397297e+01 
 1.00000000e+05  5.19339670e+01 -2.30059509e+01 
 1.02305973e+05  5.19031448e+01 -2.34796146e+01 
 1.04665121e+05  5.18711172e+01 -2.39607083e+01 
 1.07078670e+05  5.18378467e+01 -2.44492109e+01 
 1.09547876e+05  5.18032948e+01 -2.49450924e+01 
 1.12074020e+05  5.17674232e+01 -2.54483136e+01 
 1.14658417e+05  5.17301927e+01 -2.59588257e+01 
 1.17302409e+05  5.16915642e+01 -2.64765701e+01 
 1.20007371e+05  5.16514984e+01 -2.70014779e+01 
 1.22774708e+05  5.16099555e+01 -2.75334697e+01 
 1.25605860e+05  5.15668962e+01 -2.80724555e+01 
 1.28502297e+05  5.15222806e+01 -2.86183341e+01 
 1.31465525e+05  5.14760695e+01 -2.91709932e+01 
 1.34497085e+05  5.14282236e+01 -2.97303090e+01 
 1.37598551e+05  5.13787038e+01 -3.02961463e+01 
 1.40771537e+05  5.13274716e+01 -3.08683580e+01 
 1.44017690e+05  5.12744888e+01 -3.14467854e+01 
 1.47338699e+05  5.12197181e+01 -3.20312579e+01 
 1.50736290e+05  5.11631227e+01 -3.26215932e+01 
 1.54212228e+05  5.11046664e+01 -3.32175974e+01 
 1.57768320e+05  5.10443143e+01 -3.38190648e+01 
 1.61406415e+05  5.09820323e+01 -3.44257783e+01 
 1.65128404e+05  5.09177876e+01 -3.50375095e+01 
 1.68936220e+05  5.08515484e+01 -3.56540193e+01 
 1.72831844e+05  5.07832843e+01 -3.62750575e+01 
 1.76817299e+05  5.07129667e+01 -3.69003641e+01 
 1.80894658e+05  5.06405680e+01 -3.75296687e+01 
 1.85066040e+05  5.05660628e+01 -3.81626919e+01 
 1.89333613e+05  5.04894270e+01 -3.87991454e+01 
 1.93699595e+05  5.04106387e+01 -3.94387324e+01 
 1.98166255e+05  5.03296777e+01 -4.00811485e+01 
 2.02735916e+05  5.02465258e+01 -4.07260825e+01 
 2.07410951e+05  5.01611670e+01 -4.13732166e+01 
 2.12193792e+05  5.00735874e+01 -4.20222277e+01 
 2.17086923e+05  4.99837753e+01 -4.26727879e+01 
 2.22092889e+05  4.98917212e+01 -4.33245652e+01 
 2.27214291e+05  4.97974179e+01 -4.39772246e+01 
 2.32453791e+05  4.97008606e+01 -4.46304290e+01 
 2.37814113e+05  4.96020466e+01 -4.52838395e+01 
 2.43298042e+05  4.95009758e+01 -4.59371171e+01 
 2.48908429e+05  4.93976503e+01 -4.65899230e+01 
 2.54648190e+05  4.92920747e+01 -4.72419195e+01 
 2.60520309e+05  4.91842556e+01 -4.78927713e+01 
 2.66527837e+05  4.90742022e+01 -4.85421458e+01 
 2.72673897e+05  4.89619258e+01 -4.91897145e+01 
 2.78961683e+05  4.88474399e+01 -4.98351532e+01 
 2.85394464e+05  4.87307602e+01 -5.04781435e+01 
 2.91975583e+05  4.86119046e+01 -5.11183728e+01 
 2.98708461e+05  4.84908927e+01 -5.17555356e+01 
 3.05596598e+05  4.83677463e+01 -5.23893340e+01 
 3.12643573e+05  4.82424891e+01 -5.30194781e+01 
 3.19853049e+05  4.81151463e+01 -5.36456869e+01 
 3.27228774e+05  4.79857451e+01 -5.42676887e+01 
 3.34774581e+05  4.78543139e+01 -5.48852216e+01 
 3.42494392e+05  4.77208829e+01 -5.54980340e+01 
 3.50392221e+05  4.75854835e+01 -5.61058847e+01 
 3.58472171e+05  4.74481484e+01 -5.67085438e+01 
 3.66738442e+05  4.73089115e+01 -5.73057921e+01 
 3.75195331e+05  4.71678077e+01 -5.78974224e+01 
 3.83847234e+05  4.70248728e+01 -5.84832387e+01 
 3.92698648e+05  4.68801435e+01 -5.90630567e+01 
 4.01754173e+05  4.67336571e+01 -5.96367041e+01 
 4.11018515e+05  4.65854516e+01 -6.02040203e+01 
 4.20496491e+05  4.64355656e+01 -6.07648565e+01 
 4.30193027e+05  4.62840380e+01 -6.13190754e+01 
 4.40113162e+05  4.61309079e+01 -6.18665517e+01 
 4.50262052e+05  4.59762148e+01 -6.24071710e+01 
 4.60644974e+05  4.58199983e+01 -6.29408307e+01 
 4.71267322e+05  4.56622980e+01 -6.34674390e+01 
 4.82134619e+05  4.55031534e+01 -6.39869148e+01 
 4.93252513e+05  4.53426040e+01 -6.44991879e+01 
 5.04626783e+05  4.51806890e+01 -6.50041980e+01 
 5.16263340e+05  4.50174474e+01 -6.55018949e+01 
 5.28168234e+05  4.48529179e+01 -6.59922382e+01 
 5.40347650e+05  4.46871388e+01 -6.64751964e+01 
 5.52807921e+05  4.45201478e+01 -6.69507474e+01 
 5.65555523e+05  4.43519824e+01 -6.74188773e+01 
 5.78597080e+05  4.41826792e+01 -6.78795807e+01 
 5.91939372e+05  4.40122747e+01 -6.83328597e+01 
 6.05589334e+05  4.38408044e+01 -6.87787241e+01 
 6.19554061e+05  4.36683032e+01 -6.92171909e+01 
 6.33840810e+05  4.34948055e+01 -6.96482836e+01 
 6.48457008e+05  4.33203448e+01 -7.00720320e+01 
 6.63410251e+05  4.31449541e+01 -7.04884721e+01 
 6.78708313e+05  4.29686655e+01 -7.08976455e+01 
 6.94359143e+05  4.27915103e+01 -7.12995988e+01 
 7.10370877e+05  4.26135193e+01 -7.16943838e+01 
 7.26751838e+05  4.24347223e+01 -7.20820568e+01 
 7.43510539e+05  4.22551482e+01 -7.24626782e+01 
 7.60655691e+05  4.20748255e+01 -7.28363126e+01 
 7.78196206e+05  4.18937817e+01 -7.32030280e+01 
 7.96141200e+05  4.17120434e+01 -7.35628957e+01 
 8.14500001e+05  4.15296367e+01 -7.39159903e+01 
 8.33282151e+05  4.13465867e+01 -7.42623889e+01 
 8.52497412e+05  4.11629178e+01 -7.46021712e+01 
 8.72155772e+05  4.09786538e+01 -7.49354191e+01 
 8.92267449e+05  4.07938174e+01 -7.52622166e+01 
 9.12842895e+05  4.06084310e+01 -7.55826492e+01 
 9.33892805e+05  4.04225159e+01 -7.58968044e+01 
 9.55428121e+05  4.02360929e+01 -7.62047706e+01 
 9.77460036e+05  4.00491820e+01 -7.65066376e+01 
 1.00000000e+06  3.98618026e+01 -7.68024961e+01 
 1.02305973e+06  3.96739734e+01 -7.70924375e+01 
 1.04665121e+06  3.94857124e+01 -7.73765541e+01 
 1.07078670e+06  3.92970369e+01 -7.76549383e+01 
 1.09547876e+06  3.91079638e+01 -7.79276831e+01 
 1.12074020e+06  3.89185092e+01 -7.81948815e+01 
 1.14658417e+06  3.87286887e+01 -7.84566267e+01 
 1.17302409e+06  3.85385172e+01 -7.87130117e+01 
 1.20007371e+06  3.83480092e+01 -7.89641296e+01 
 1.22774708e+06  3.81571785e+01 -7.92100728e+01 
 1.25605860e+06  3.79660386e+01 -7.94509338e+01 
 1.28502297e+06  3.77746023e+01 -7.96868042e+01 
 1.31465525e+06  3.75828819e+01 -7.99177755e+01 
 1.34497085e+06  3.73908893e+01 -8.01439383e+01 
 1.37598551e+06  3.71986359e+01 -8.03653825e+01 
 1.40771537e+06  3.70061327e+01 -8.05821976e+01 
 1.44017690e+06  3.68133902e+01 -8.07944719e+01 
 1.47338699e+06  3.66204185e+01 -8.10022931e+01 
 1.50736290e+06  3.64272273e+01 -8.12057479e+01 
 1.54212228e+06  3.62338260e+01 -8.14049221e+01 
 1.57768320e+06  3.60402234e+01 -8.15999007e+01 
 1.61406415e+06  3.58464282e+01 -8.17907674e+01 
 1.65128404e+06  3.56524486e+01 -8.19776050e+01 
 1.68936220e+06  3.54582925e+01 -8.21604954e+01 
 1.72831844e+06  3.52639675e+01 -8.23395191e+01 
 1.76817299e+06  3.50694807e+01 -8.25147559e+01 
 1.80894658e+06  3.48748392e+01 -8.26862841e+01 
 1.85066040e+06  3.46800497e+01 -8.28541811e+01 
 1.89333613e+06  3.44851185e+01 -8.30185232e+01 
 1.93699595e+06  3.42900517e+01 -8.31793855e+01 
 1.98166255e+06  3.40948553e+01 -8.33368418e+01 
 2.02735916e+06  3.38995348e+01 -8.34909650e+01 
 2.07410951e+06  3.37040957e+01 -8.36418267e+01 
 2.12193792e+06  3.35085430e+01 -8.37894974e+01 
 2.17086923e+06  3.33128818e+01 -8.39340465e+01 
 2.22092889e+06  3.31171167e+01 -8.40755421e+01 
 2.27214291e+06  3.29212523e+01 -8.42140512e+01 
 2.32453791e+06  3.27252929e+01 -8.43496399e+01 
 2.37814113e+06  3.25292427e+01 -8.44823730e+01 
 2.43298042e+06  3.23331057e+01 -8.46123140e+01 
 2.48908429e+06  3.21368856e+01 -8.47395257e+01 
 2.54648190e+06  3.19405861e+01 -8.48640694e+01 
 2.60520309e+06  3.17442107e+01 -8.49860056e+01 
 2.66527837e+06  3.15477627e+01 -8.51053935e+01 
 2.72673897e+06  3.13512453e+01 -8.52222916e+01 
 2.78961683e+06  3.11546615e+01 -8.53367568e+01 
 2.85394464e+06  3.09580144e+01 -8.54488456e+01 
 2.91975583e+06  3.07613066e+01 -8.55586129e+01 
 2.98708461e+06  3.05645408e+01 -8.56661130e+01 
 3.05596598e+06  3.03677197e+01 -8.57713990e+01 
 3.12643573e+06  3.01708456e+01 -8.58745232e+01 
 3.19853049e+06  2.99739209e+01 -8.59755367e+01 
 3.27228774e+06  2.97769479e+01 -8.60744899e+01 
 3.34774581e+06  2.95799286e+01 -8.61714321e+01 
 3.42494392e+06  2.93828652e+01 -8.62664118e+01 
 3.50392221e+06  2.91857595e+01 -8.63594765e+01 
 3.58472171e+06  2.89886135e+01 -8.64506730e+01 
 3.66738442e+06  2.87914290e+01 -8.65400470e+01 
 3.75195331e+06  2.85942076e+01 -8.66276435e+01 
 3.83847234e+06  2.83969511e+01 -8.67135068e+01 
 3.92698648e+06  2.81996609e+01 -8.67976800e+01 
 4.01754173e+06  2.80023386e+01 -8.68802059e+01 
 4.11018515e+06  2.78049856e+01 -8.69611261e+01 
 4.20496491e+06  2.76076033e+01 -8.70404816e+01 
 4.30193027e+06  2.74101930e+01 -8.71183128e+01 
 4.40113162e+06  2.72127560e+01 -8.71946592e+01 
 4.50262052e+06  2.70152934e+01 -8.72695595e+01 
 4.60644974e+06  2.68178064e+01 -8.73430520e+01 
 4.71267322e+06  2.66202961e+01 -8.74151741e+01 
 4.82134619e+06  2.64227636e+01 -8.74859625e+01 
 4.93252513e+06  2.62252099e+01 -8.75554534e+01 
 5.04626783e+06  2.60276358e+01 -8.76236824e+01 
 5.16263340e+06  2.58300425e+01 -8.76906843e+01 
 5.28168234e+06  2.56324306e+01 -8.77564933e+01 
 5.40347650e+06  2.54348011e+01 -8.78211433e+01 
 5.52807921e+06  2.52371548e+01 -8.78846674e+01 
 5.65555523e+06  2.50394925e+01 -8.79470981e+01 
 5.78597080e+06  2.48418148e+01 -8.80084674e+01 
 5.91939372e+06  2.46441225e+01 -8.80688070e+01 
 6.05589334e+06  2.44464163e+01 -8.81281478e+01 
 6.19554061e+06  2.42486968e+01 -8.81865202e+01 
 6.33840810e+06  2.40509647e+01 -8.82439545e+01 
 6.48457008e+06  2.38532205e+01 -8.83004801e+01 
 6.63410251e+06  2.36554649e+01 -8.83561260e+01 
 6.78708313e+06  2.34576982e+01 -8.84109211e+01 
 6.94359143e+06  2.32599212e+01 -8.84648935e+01 
 7.10370877e+06  2.30621343e+01 -8.85180711e+01 
 7.26751838e+06  2.28643379e+01 -8.85704813e+01 
 7.43510539e+06  2.26665325e+01 -8.86221512e+01 
 7.60655691e+06  2.24687187e+01 -8.86731074e+01 
 7.78196206e+06  2.22708967e+01 -8.87233762e+01 
 7.96141200e+06  2.20730671e+01 -8.87729836e+01 
 8.14500001e+06  2.18752301e+01 -8.88219553e+01 
 8.33282151e+06  2.16773863e+01 -8.88703166e+01 
 8.52497412e+06  2.14795359e+01 -8.89180924e+01 
 8.72155772e+06  2.12816793e+01 -8.89653075e+01 
 8.92267449e+06  2.10838168e+01 -8.90119864e+01 
 9.12842895e+06  2.08859489e+01 -8.90581531e+01 
 9.33892805e+06  2.06880757e+01 -8.91038315e+01 
 9.55428121e+06  2.04901976e+01 -8.91490454e+01 
 9.77460036e+06  2.02923148e+01 -8.91938180e+01 
 1.00000000e+07  2.00944278e+01 -8.92381727e+01 
 1.02305973e+07  1.98965367e+01 -8.92821324e+01 
 1.04665121e+07  1.96986418e+01 -8.93257198e+01 
 1.07078670e+07  1.95007433e+01 -8.93689575e+01 
 1.09547876e+07  1.93028416e+01 -8.94118680e+01 
 1.12074020e+07  1.91049369e+01 -8.94544735e+01 
 1.14658417e+07  1.89070294e+01 -8.94967961e+01 
 1.17302409e+07  1.87091193e+01 -8.95388576e+01 
 1.20007371e+07  1.85112068e+01 -8.95806800e+01 
 1.22774708e+07  1.83132923e+01 -8.96222849e+01 
 1.25605860e+07  1.81153759e+01 -8.96636939e+01 
 1.28502297e+07  1.79174578e+01 -8.97049284e+01 
 1.31465525e+07  1.77195382e+01 -8.97460099e+01 
 1.34497085e+07  1.75216174e+01 -8.97869596e+01 
 1.37598551e+07  1.73236955e+01 -8.98277988e+01 
 1.40771537e+07  1.71257728e+01 -8.98685486e+01 
 1.44017690e+07  1.69278494e+01 -8.99092303e+01 
 1.47338699e+07  1.67299256e+01 -8.99498649e+01 
 1.50736290e+07  1.65320016e+01 -8.99904735e+01 
 1.54212228e+07  1.63340775e+01 -9.00310771e+01 
 1.57768320e+07  1.61361535e+01 -9.00716969e+01 
 1.61406415e+07  1.59382299e+01 -9.01123538e+01 
 1.65128404e+07  1.57403069e+01 -9.01530691e+01 
 1.68936220e+07  1.55423846e+01 -9.01938637e+01 
 1.72831844e+07  1.53444633e+01 -9.02347589e+01 
 1.76817299e+07  1.51465431e+01 -9.02757759e+01 
 1.80894658e+07  1.49486243e+01 -9.03169359e+01 
 1.85066040e+07  1.47507070e+01 -9.03582604e+01 
 1.89333613e+07  1.45527916e+01 -9.03997706e+01 
 1.93699595e+07  1.43548781e+01 -9.04414883e+01 
 1.98166255e+07  1.41569669e+01 -9.04834349e+01 
 2.02735916e+07  1.39590582e+01 -9.05256323e+01 
 2.07410951e+07  1.37611521e+01 -9.05681022e+01 
 2.12193792e+07  1.35632489e+01 -9.06108668e+01 
 2.17086923e+07  1.33653489e+01 -9.06539482e+01 
 2.22092889e+07  1.31674523e+01 -9.06973688e+01 
 2.27214291e+07  1.29695594e+01 -9.07411509e+01 
 2.32453791e+07  1.27716704e+01 -9.07853174e+01 
 2.37814113e+07  1.25737856e+01 -9.08298910e+01 
 2.43298042e+07  1.23759053e+01 -9.08748950e+01 
 2.48908429e+07  1.21780298e+01 -9.09203525e+01 
 2.54648190e+07  1.19801593e+01 -9.09662871e+01 
 2.60520309e+07  1.17822942e+01 -9.10127226e+01 
 2.66527837e+07  1.15844349e+01 -9.10596830e+01 
 2.72673897e+07  1.13865815e+01 -9.11071927e+01 
 2.78961683e+07  1.11887345e+01 -9.11552761e+01 
 2.85394464e+07  1.09908943e+01 -9.12039582e+01 
 2.91975583e+07  1.07930612e+01 -9.12532642e+01 
 2.98708461e+07  1.05952356e+01 -9.13032194e+01 
 3.05596598e+07  1.03974179e+01 -9.13538498e+01 
 3.12643573e+07  1.01996085e+01 -9.14051814e+01 
 3.19853049e+07  1.00018078e+01 -9.14572409e+01 
 3.27228774e+07  9.80401639e+00 -9.15100550e+01 
 3.34774581e+07  9.60623464e+00 -9.15636510e+01 
 3.42494392e+07  9.40846307e+00 -9.16180565e+01 
 3.50392221e+07  9.21070220e+00 -9.16732997e+01 
 3.58472171e+07  9.01295255e+00 -9.17294089e+01 
 3.66738442e+07  8.81521469e+00 -9.17864131e+01 
 3.75195331e+07  8.61748920e+00 -9.18443415e+01 
 3.83847234e+07  8.41977669e+00 -9.19032242e+01 
 3.92698648e+07  8.22207780e+00 -9.19630912e+01 
 4.01754173e+07  8.02439319e+00 -9.20239734e+01 
 4.11018515e+07  7.82672356e+00 -9.20859021e+01 
 4.20496491e+07  7.62906963e+00 -9.21489091e+01 
 4.30193027e+07  7.43143215e+00 -9.22130266e+01 
 4.40113162e+07  7.23381192e+00 -9.22782876e+01 
 4.50262052e+07  7.03620976e+00 -9.23447255e+01 
 4.60644974e+07  6.83862654e+00 -9.24123743e+01 
 4.71267322e+07  6.64106315e+00 -9.24812687e+01 
 4.82134619e+07  6.44352055e+00 -9.25514438e+01 
 4.93252513e+07  6.24599971e+00 -9.26229355e+01 
 5.04626783e+07  6.04850167e+00 -9.26957803e+01 
 5.16263340e+07  5.85102750e+00 -9.27700153e+01 
 5.28168234e+07  5.65357833e+00 -9.28456783e+01 
 5.40347650e+07  5.45615532e+00 -9.29228078e+01 
 5.52807921e+07  5.25875973e+00 -9.30014431e+01 
 5.65555523e+07  5.06139282e+00 -9.30816240e+01 
 5.78597080e+07  4.86405595e+00 -9.31633912e+01 
 5.91939372e+07  4.66675051e+00 -9.32467861e+01 
 6.05589334e+07  4.46947799e+00 -9.33318510e+01 
 6.19554061e+07  4.27223991e+00 -9.34186287e+01 
 6.33840810e+07  4.07503788e+00 -9.35071631e+01 
 6.48457008e+07  3.87787358e+00 -9.35974987e+01 
 6.63410251e+07  3.68074877e+00 -9.36896809e+01 
 6.78708313e+07  3.48366528e+00 -9.37837561e+01 
 6.94359143e+07  3.28662503e+00 -9.38797714e+01 
 7.10370877e+07  3.08963004e+00 -9.39777748e+01 
 7.26751838e+07  2.89268239e+00 -9.40778153e+01 
 7.43510539e+07  2.69578428e+00 -9.41799427e+01 
 7.60655691e+07  2.49893800e+00 -9.42842078e+01 
 7.78196206e+07  2.30214596e+00 -9.43906624e+01 
 7.96141200e+07  2.10541065e+00 -9.44993591e+01 
 8.14500001e+07  1.90873470e+00 -9.46103517e+01 
 8.33282151e+07  1.71212084e+00 -9.47236948e+01 
 8.52497412e+07  1.51557194e+00 -9.48394442e+01 
 8.72155772e+07  1.31909098e+00 -9.49576565e+01 
 8.92267449e+07  1.12268110e+00 -9.50783896e+01 
 9.12842895e+07  9.26345548e-01 -9.52017022e+01 
 9.33892805e+07  7.30087751e-01 -9.53276543e+01 
 9.55428121e+07  5.33911272e-01 -9.54563068e+01 
 9.77460036e+07  3.37819837e-01 -9.55877218e+01 
 1.00000000e+08  1.41817340e-01 -9.57219625e+01 
 1.02305973e+08 -5.40921517e-02 -9.58590931e+01 
 1.04665121e+08 -2.49904390e-01 -9.59991790e+01 
 1.07078670e+08 -4.45614936e-01 -9.61422867e+01 
 1.09547876e+08 -6.41219155e-01 -9.62884840e+01 
 1.12074020e+08 -8.36712208e-01 -9.64378396e+01 
 1.14658417e+08 -1.03208904e+00 -9.65904234e+01 
 1.17302409e+08 -1.22734437e+00 -9.67463067e+01 
 1.20007371e+08 -1.42247269e+00 -9.69055615e+01 
 1.22774708e+08 -1.61746825e+00 -9.70682614e+01 
 1.25605860e+08 -1.81232505e+00 -9.72344808e+01 
 1.28502297e+08 -2.00703682e+00 -9.74042955e+01 
 1.31465525e+08 -2.20159702e+00 -9.75777822e+01 
 1.34497085e+08 -2.39599884e+00 -9.77550191e+01 
 1.37598551e+08 -2.59023516e+00 -9.79360850e+01 
 1.40771537e+08 -2.78429855e+00 -9.81210602e+01 
 1.44017690e+08 -2.97818127e+00 -9.83100260e+01 
 1.47338699e+08 -3.17187527e+00 -9.85030646e+01 
 1.50736290e+08 -3.36537211e+00 -9.87002595e+01 
 1.54212228e+08 -3.55866304e+00 -9.89016950e+01 
 1.57768320e+08 -3.75173891e+00 -9.91074564e+01 
 1.61406415e+08 -3.94459020e+00 -9.93176302e+01 
 1.65128404e+08 -4.13720699e+00 -9.95323035e+01 
 1.68936220e+08 -4.32957895e+00 -9.97515644e+01 
 1.72831844e+08 -4.52169532e+00 -9.99755017e+01 
 1.76817299e+08 -4.71354491e+00 -1.00204205e+02 
 1.80894658e+08 -4.90511606e+00 -1.00437765e+02 
 1.85066040e+08 -5.09639664e+00 -1.00676273e+02 
 1.89333613e+08 -5.28737404e+00 -1.00919820e+02 
 1.93699595e+08 -5.47803514e+00 -1.01168498e+02 
 1.98166255e+08 -5.66836630e+00 -1.01422400e+02 
 2.02735916e+08 -5.85835336e+00 -1.01681618e+02 
 2.07410951e+08 -6.04798159e+00 -1.01946246e+02 
 2.12193792e+08 -6.23723570e+00 -1.02216376e+02 
 2.17086923e+08 -6.42609981e+00 -1.02492103e+02 
 2.22092889e+08 -6.61455744e+00 -1.02773518e+02 
 2.27214291e+08 -6.80259151e+00 -1.03060714e+02 
 2.32453791e+08 -6.99018428e+00 -1.03353785e+02 
 2.37814113e+08 -7.17731738e+00 -1.03652821e+02 
 2.43298042e+08 -7.36397178e+00 -1.03957914e+02 
 2.48908429e+08 -7.55012775e+00 -1.04269154e+02 
 2.54648190e+08 -7.73576490e+00 -1.04586629e+02 
 2.60520309e+08 -7.92086209e+00 -1.04910429e+02 
 2.66527837e+08 -8.10539750e+00 -1.05240640e+02 
 2.72673897e+08 -8.28934856e+00 -1.05577345e+02 
 2.78961683e+08 -8.47269197e+00 -1.05920629e+02 
 2.85394464e+08 -8.65540365e+00 -1.06270572e+02 
 2.91975583e+08 -8.83745878e+00 -1.06627252e+02 
 2.98708461e+08 -9.01883177e+00 -1.06990745e+02 
 3.05596598e+08 -9.19949626e+00 -1.07361124e+02 
 3.12643573e+08 -9.37942508e+00 -1.07738458e+02 
 3.19853049e+08 -9.55859032e+00 -1.08122814e+02 
 3.27228774e+08 -9.73696326e+00 -1.08514254e+02 
 3.34774581e+08 -9.91451442e+00 -1.08912837e+02 
 3.42494392e+08 -1.00912135e+01 -1.09318616e+02 
 3.50392221e+08 -1.02670295e+01 -1.09731641e+02 
 3.58472171e+08 -1.04419307e+01 -1.10151955e+02 
 3.66738442e+08 -1.06158844e+01 -1.10579597e+02 
 3.75195331e+08 -1.07888575e+01 -1.11014600e+02 
 3.83847234e+08 -1.09608158e+01 -1.11456991e+02 
 3.92698648e+08 -1.11317249e+01 -1.11906789e+02 
 4.01754173e+08 -1.13015494e+01 -1.12364007e+02 
 4.11018515e+08 -1.14702532e+01 -1.12828653e+02 
 4.20496491e+08 -1.16378000e+01 -1.13300722e+02 
 4.30193027e+08 -1.18041525e+01 -1.13780207e+02 
 4.40113162e+08 -1.19692731e+01 -1.14267088e+02 
 4.50262052e+08 -1.21331239e+01 -1.14761339e+02 
 4.60644974e+08 -1.22956662e+01 -1.15262923e+02 
 4.71267322e+08 -1.24568613e+01 -1.15771794e+02 
 4.82134619e+08 -1.26166700e+01 -1.16287898e+02 
 4.93252513e+08 -1.27750530e+01 -1.16811169e+02 
 5.04626783e+08 -1.29319707e+01 -1.17341531e+02 
 5.16263340e+08 -1.30873836e+01 -1.17878896e+02 
 5.28168234e+08 -1.32412521e+01 -1.18423168e+02 
 5.40347650e+08 -1.33935366e+01 -1.18974238e+02 
 5.52807921e+08 -1.35441978e+01 -1.19531985e+02 
 5.65555523e+08 -1.36931967e+01 -1.20096278e+02 
 5.78597080e+08 -1.38404945e+01 -1.20666974e+02 
 5.91939372e+08 -1.39860531e+01 -1.21243917e+02 
 6.05589334e+08 -1.41298347e+01 -1.21826941e+02 
 6.19554061e+08 -1.42718023e+01 -1.22415867e+02 
 6.33840810e+08 -1.44119196e+01 -1.23010504e+02 
 6.48457008e+08 -1.45501514e+01 -1.23610650e+02 
 6.63410251e+08 -1.46864633e+01 -1.24216093e+02 
 6.78708313e+08 -1.48208220e+01 -1.24826606e+02 
 6.94359143e+08 -1.49531954e+01 -1.25441955e+02 
 7.10370877e+08 -1.50835529e+01 -1.26061892e+02 
 7.26751838e+08 -1.52118651e+01 -1.26686159e+02 
 7.43510539e+08 -1.53381043e+01 -1.27314491e+02 
 7.60655691e+08 -1.54622443e+01 -1.27946610e+02 
 7.78196206e+08 -1.55842606e+01 -1.28582231e+02 
 7.96141200e+08 -1.57041306e+01 -1.29221059e+02 
 8.14500001e+08 -1.58218337e+01 -1.29862792e+02 
 8.33282151e+08 -1.59373512e+01 -1.30507121e+02 
 8.52497412e+08 -1.60506662e+01 -1.31153730e+02 
 8.72155772e+08 -1.61617643e+01 -1.31802298e+02 
 8.92267449e+08 -1.62706332e+01 -1.32452498e+02 
 9.12842895e+08 -1.63772626e+01 -1.33103999e+02 
 9.33892805e+08 -1.64816447e+01 -1.33756467e+02 
 9.55428121e+08 -1.65837739e+01 -1.34409565e+02 
 9.77460036e+08 -1.66836471e+01 -1.35062956e+02 
 1.00000000e+09 -1.67812632e+01 -1.35716299e+02 
 1.02305973e+09 -1.68766238e+01 -1.36369256e+02 
 1.04665121e+09 -1.69697326e+01 -1.37021489e+02 
 1.07078670e+09 -1.70605957e+01 -1.37672662e+02 
 1.09547876e+09 -1.71492216e+01 -1.38322441e+02 
 1.12074020e+09 -1.72356209e+01 -1.38970497e+02 
 1.14658417e+09 -1.73198065e+01 -1.39616503e+02 
 1.17302409e+09 -1.74017935e+01 -1.40260140e+02 
 1.20007371e+09 -1.74815990e+01 -1.40901093e+02 
 1.22774708e+09 -1.75592423e+01 -1.41539054e+02 
 1.25605860e+09 -1.76347444e+01 -1.42173724e+02 
 1.28502297e+09 -1.77081285e+01 -1.42804809e+02 
 1.31465525e+09 -1.77794194e+01 -1.43432025e+02 
 1.34497085e+09 -1.78486436e+01 -1.44055100e+02 
 1.37598551e+09 -1.79158293e+01 -1.44673766e+02 
 1.40771537e+09 -1.79810061e+01 -1.45287770e+02 
 1.44017690e+09 -1.80442051e+01 -1.45896868e+02 
 1.47338699e+09 -1.81054587e+01 -1.46500824e+02 
 1.50736290e+09 -1.81648003e+01 -1.47099419e+02 
 1.54212228e+09 -1.82222645e+01 -1.47692439e+02 
 1.57768320e+09 -1.82778870e+01 -1.48279686e+02 
 1.61406415e+09 -1.83317041e+01 -1.48860972e+02 
 1.65128404e+09 -1.83837530e+01 -1.49436121e+02 
 1.68936220e+09 -1.84340716e+01 -1.50004969e+02 
 1.72831844e+09 -1.84826982e+01 -1.50567362e+02 
 1.76817299e+09 -1.85296716e+01 -1.51123161e+02 
 1.80894658e+09 -1.85750310e+01 -1.51672236e+02 
 1.85066040e+09 -1.86188157e+01 -1.52214470e+02 
 1.89333613e+09 -1.86610652e+01 -1.52749756e+02 
 1.93699595e+09 -1.87018193e+01 -1.53277998e+02 
 1.98166255e+09 -1.87411173e+01 -1.53799113e+02 
 2.02735916e+09 -1.87789989e+01 -1.54313027e+02 
 2.07410951e+09 -1.88155034e+01 -1.54819677e+02 
 2.12193792e+09 -1.88506697e+01 -1.55319008e+02 
 2.17086923e+09 -1.88845368e+01 -1.55810977e+02 
 2.22092889e+09 -1.89171429e+01 -1.56295551e+02 
 2.27214291e+09 -1.89485260e+01 -1.56772703e+02 
 2.32453791e+09 -1.89787237e+01 -1.57242418e+02 
 2.37814113e+09 -1.90077729e+01 -1.57704687e+02 
 2.43298042e+09 -1.90357100e+01 -1.58159509e+02 
 2.48908429e+09 -1.90625708e+01 -1.58606892e+02 
 2.54648190e+09 -1.90883905e+01 -1.59046851e+02 
 2.60520309e+09 -1.91132036e+01 -1.59479407e+02 
 2.66527837e+09 -1.91370439e+01 -1.59904587e+02 
 2.72673897e+09 -1.91599446e+01 -1.60322425e+02 
 2.78961683e+09 -1.91819378e+01 -1.60732960e+02 
 2.85394464e+09 -1.92030554e+01 -1.61136239e+02 
 2.91975583e+09 -1.92233280e+01 -1.61532309e+02 
 2.98708461e+09 -1.92427859e+01 -1.61921227e+02 
 3.05596598e+09 -1.92614583e+01 -1.62303050e+02 
 3.12643573e+09 -1.92793738e+01 -1.62677842e+02 
 3.19853049e+09 -1.92965600e+01 -1.63045669e+02 
 3.27228774e+09 -1.93130440e+01 -1.63406601e+02 
 3.34774581e+09 -1.93288519e+01 -1.63760712e+02 
 3.42494392e+09 -1.93440092e+01 -1.64108076e+02 
 3.50392221e+09 -1.93585405e+01 -1.64448773e+02 
 3.58472171e+09 -1.93724696e+01 -1.64782884e+02 
 3.66738442e+09 -1.93858198e+01 -1.65110490e+02 
 3.75195331e+09 -1.93986133e+01 -1.65431678e+02 
 3.83847234e+09 -1.94108720e+01 -1.65746532e+02 
 3.92698648e+09 -1.94226167e+01 -1.66055141e+02 
 4.01754173e+09 -1.94338676e+01 -1.66357593e+02 
 4.11018515e+09 -1.94446443e+01 -1.66653978e+02 
 4.20496491e+09 -1.94549658e+01 -1.66944387e+02 
 4.30193027e+09 -1.94648502e+01 -1.67228912e+02 
 4.40113162e+09 -1.94743150e+01 -1.67507643e+02 
 4.50262052e+09 -1.94833774e+01 -1.67780673e+02 
 4.60644974e+09 -1.94920535e+01 -1.68048094e+02 
 4.71267322e+09 -1.95003591e+01 -1.68309999e+02 
 4.82134619e+09 -1.95083093e+01 -1.68566481e+02 
 4.93252513e+09 -1.95159189e+01 -1.68817630e+02 
 5.04626783e+09 -1.95232017e+01 -1.69063540e+02 
 5.16263340e+09 -1.95301714e+01 -1.69304301e+02 
 5.28168234e+09 -1.95368408e+01 -1.69540006e+02 
 5.40347650e+09 -1.95432226e+01 -1.69770744e+02 
 5.52807921e+09 -1.95493287e+01 -1.69996605e+02 
 5.65555523e+09 -1.95551707e+01 -1.70217680e+02 
 5.78597080e+09 -1.95607596e+01 -1.70434056e+02 
 5.91939372e+09 -1.95661062e+01 -1.70645821e+02 
 6.05589334e+09 -1.95712206e+01 -1.70853062e+02 
 6.19554061e+09 -1.95761127e+01 -1.71055866e+02 
 6.33840810e+09 -1.95807918e+01 -1.71254316e+02 
 6.48457008e+09 -1.95852672e+01 -1.71448499e+02 
 6.63410251e+09 -1.95895474e+01 -1.71638496e+02 
 6.78708313e+09 -1.95936407e+01 -1.71824389e+02 
 6.94359143e+09 -1.95975552e+01 -1.72006260e+02 
 7.10370877e+09 -1.96012985e+01 -1.72184188e+02 
 7.26751838e+09 -1.96048780e+01 -1.72358252e+02 
 7.43510539e+09 -1.96083007e+01 -1.72528530e+02 
 7.60655691e+09 -1.96115734e+01 -1.72695099e+02 
 7.78196206e+09 -1.96147025e+01 -1.72858033e+02 
 7.96141200e+09 -1.96176943e+01 -1.73017406e+02 
 8.14500001e+09 -1.96205546e+01 -1.73173293e+02 
 8.33282151e+09 -1.96232892e+01 -1.73325763e+02 
 8.52497412e+09 -1.96259035e+01 -1.73474889e+02 
 8.72155772e+09 -1.96284028e+01 -1.73620740e+02 
 8.92267449e+09 -1.96307920e+01 -1.73763383e+02 
 9.12842895e+09 -1.96330759e+01 -1.73902886e+02 
 9.33892805e+09 -1.96352592e+01 -1.74039315e+02 
 9.55428121e+09 -1.96373462e+01 -1.74172734e+02 
 9.77460036e+09 -1.96393411e+01 -1.74303207e+02 
 1.00000000e+10 -1.96412479e+01 -1.74430797e+02 
