 frequency       Hph1magdB       Hph2magdB      
 1.00000000e+03 -2.62593960e-02 -2.62593960e-02 
 1.02329299e+03 -2.74762436e-02 -2.74762436e-02 
 1.04712855e+03 -2.87492391e-02 -2.87492391e-02 
 1.07151931e+03 -3.00809140e-02 -3.00809140e-02 
 1.09647820e+03 -3.14739084e-02 -3.14739084e-02 
 1.12201845e+03 -3.29309749e-02 -3.29309749e-02 
 1.14815362e+03 -3.44549828e-02 -3.44549828e-02 
 1.17489755e+03 -3.60489224e-02 -3.60489224e-02 
 1.20226443e+03 -3.77159094e-02 -3.77159094e-02 
 1.23026877e+03 -3.94591894e-02 -3.94591894e-02 
 1.25892541e+03 -4.12821423e-02 -4.12821423e-02 
 1.28824955e+03 -4.31882869e-02 -4.31882869e-02 
 1.31825674e+03 -4.51812857e-02 -4.51812857e-02 
 1.34896288e+03 -4.72649496e-02 -4.72649496e-02 
 1.38038426e+03 -4.94432423e-02 -4.94432423e-02 
 1.41253754e+03 -5.17202856e-02 -5.17202856e-02 
 1.44543977e+03 -5.41003637e-02 -5.41003637e-02 
 1.47910839e+03 -5.65879282e-02 -5.65879282e-02 
 1.51356125e+03 -5.91876028e-02 -5.91876028e-02 
 1.54881662e+03 -6.19041876e-02 -6.19041876e-02 
 1.58489319e+03 -6.47426643e-02 -6.47426643e-02 
 1.62181010e+03 -6.77081999e-02 -6.77081999e-02 
 1.65958691e+03 -7.08061515e-02 -7.08061515e-02 
 1.69824365e+03 -7.40420701e-02 -7.40420701e-02 
 1.73780083e+03 -7.74217046e-02 -7.74217046e-02 
 1.77827941e+03 -8.09510053e-02 -8.09510053e-02 
 1.81970086e+03 -8.46361271e-02 -8.46361271e-02 
 1.86208714e+03 -8.84834324e-02 -8.84834324e-02 
 1.90546072e+03 -9.24994935e-02 -9.24994935e-02 
 1.94984460e+03 -9.66910943e-02 -9.66910943e-02 
 1.99526231e+03 -1.01065232e-01 -1.01065232e-01 
 2.04173794e+03 -1.05629116e-01 -1.05629116e-01 
 2.08929613e+03 -1.10390172e-01 -1.10390172e-01 
 2.13796209e+03 -1.15356035e-01 -1.15356035e-01 
 2.18776162e+03 -1.20534552e-01 -1.20534552e-01 
 2.23872114e+03 -1.25933777e-01 -1.25933777e-01 
 2.29086765e+03 -1.31561968e-01 -1.31561968e-01 
 2.34422882e+03 -1.37427577e-01 -1.37427577e-01 
 2.39883292e+03 -1.43539251e-01 -1.43539251e-01 
 2.45470892e+03 -1.49905814e-01 -1.49905814e-01 
 2.51188643e+03 -1.56536264e-01 -1.56536264e-01 
 2.57039578e+03 -1.63439756e-01 -1.63439756e-01 
 2.63026799e+03 -1.70625588e-01 -1.70625588e-01 
 2.69153480e+03 -1.78103185e-01 -1.78103185e-01 
 2.75422870e+03 -1.85882080e-01 -1.85882080e-01 
 2.81838293e+03 -1.93971887e-01 -1.93971887e-01 
 2.88403150e+03 -2.02382281e-01 -2.02382281e-01 
 2.95120923e+03 -2.11122965e-01 -2.11122965e-01 
 3.01995172e+03 -2.20203638e-01 -2.20203638e-01 
 3.09029543e+03 -2.29633959e-01 -2.29633959e-01 
 3.16227766e+03 -2.39423508e-01 -2.39423508e-01 
 3.23593657e+03 -2.49581735e-01 -2.49581735e-01 
 3.31131121e+03 -2.60117914e-01 -2.60117914e-01 
 3.38844156e+03 -2.71041086e-01 -2.71041086e-01 
 3.46736850e+03 -2.82359999e-01 -2.82359999e-01 
 3.54813389e+03 -2.94083037e-01 -2.94083037e-01 
 3.63078055e+03 -3.06218148e-01 -3.06218148e-01 
 3.71535229e+03 -3.18772765e-01 -3.18772765e-01 
 3.80189396e+03 -3.31753712e-01 -3.31753712e-01 
 3.89045145e+03 -3.45167116e-01 -3.45167116e-01 
 3.98107171e+03 -3.59018293e-01 -3.59018293e-01 
 4.07380278e+03 -3.73311644e-01 -3.73311644e-01 
 4.16869383e+03 -3.88050526e-01 -3.88050526e-01 
 4.26579519e+03 -4.03237122e-01 -4.03237122e-01 
 4.36515832e+03 -4.18872301e-01 -4.18872301e-01 
 4.46683592e+03 -4.34955459e-01 -4.34955459e-01 
 4.57088190e+03 -4.51484359e-01 -4.51484359e-01 
 4.67735141e+03 -4.68454956e-01 -4.68454956e-01 
 4.78630092e+03 -4.85861201e-01 -4.85861201e-01 
 4.89778819e+03 -5.03694849e-01 -5.03694849e-01 
 5.01187234e+03 -5.21945236e-01 -5.21945236e-01 
 5.12861384e+03 -5.40599055e-01 -5.40599055e-01 
 5.24807460e+03 -5.59640113e-01 -5.59640113e-01 
 5.37031796e+03 -5.79049070e-01 -5.79049070e-01 
 5.49540874e+03 -5.98803167e-01 -5.98803167e-01 
 5.62341325e+03 -6.18875940e-01 -6.18875940e-01 
 5.75439937e+03 -6.39236911e-01 -6.39236911e-01 
 5.88843655e+03 -6.59851268e-01 -6.59851268e-01 
 6.02559586e+03 -6.80679528e-01 -6.80679528e-01 
 6.16595002e+03 -7.01677177e-01 -7.01677177e-01 
 6.30957344e+03 -7.22794301e-01 -7.22794301e-01 
 6.45654229e+03 -7.43975193e-01 -7.43975193e-01 
 6.60693448e+03 -7.65157946e-01 -7.65157946e-01 
 6.76082975e+03 -7.86274022e-01 -7.86274022e-01 
 6.91830971e+03 -8.07247818e-01 -8.07247818e-01 
 7.07945784e+03 -8.27996194e-01 -8.27996194e-01 
 7.24435960e+03 -8.48428006e-01 -8.48428006e-01 
 7.41310241e+03 -8.68443612e-01 -8.68443612e-01 
 7.58577575e+03 -8.87934364e-01 -8.87934364e-01 
 7.76247117e+03 -9.06782101e-01 -9.06782101e-01 
 7.94328235e+03 -9.24858619e-01 -9.24858619e-01 
 8.12830516e+03 -9.42025155e-01 -9.42025155e-01 
 8.31763771e+03 -9.58131863e-01 -9.58131863e-01 
 8.51138038e+03 -9.73017308e-01 -9.73017308e-01 
 8.70963590e+03 -9.86507984e-01 -9.86507984e-01 
 8.91250938e+03 -9.98417869e-01 -9.98417869e-01 
 9.12010839e+03 -1.00854804e+00 -1.00854804e+00 
 9.33254301e+03 -1.01668639e+00 -1.01668639e+00 
 9.54992586e+03 -1.02260742e+00 -1.02260742e+00 
 9.77237221e+03 -1.02607227e+00 -1.02607227e+00 
 1.00000000e+04 -1.02682888e+00 -1.02682888e+00 
 1.02329299e+04 -1.02461260e+00 -1.02461260e+00 
 1.04712855e+04 -1.01914702e+00 -1.01914702e+00 
 1.07151931e+04 -1.01014556e+00 -1.01014556e+00 
 1.09647820e+04 -9.97313592e-01 -9.97313592e-01 
 1.12201845e+04 -9.80351691e-01 -9.80351691e-01 
 1.14815362e+04 -9.58960037e-01 -9.58960037e-01 
 1.17489755e+04 -9.32844564e-01 -9.32844564e-01 
 1.20226443e+04 -9.01725294e-01 -9.01725294e-01 
 1.23026877e+04 -8.65347563e-01 -8.65347563e-01 
 1.25892541e+04 -8.23497049e-01 -8.23497049e-01 
 1.28824955e+04 -7.76019725e-01 -7.76019725e-01 
 1.31825674e+04 -7.22848237e-01 -7.22848237e-01 
 1.34896288e+04 -6.64036521e-01 -6.64036521e-01 
 1.38038426e+04 -5.99804978e-01 -5.99804978e-01 
 1.41253754e+04 -5.30598876e-01 -5.30598876e-01 
 1.44543977e+04 -4.57163099e-01 -4.57163099e-01 
 1.47910839e+04 -3.80636393e-01 -3.80636393e-01 
 1.51356125e+04 -3.02667843e-01 -3.02667843e-01 
 1.54881662e+04 -2.25556717e-01 -2.25556717e-01 
 1.58489319e+04 -1.52413357e-01 -1.52413357e-01 
 1.62181010e+04 -8.73322847e-02 -8.73322847e-02 
 1.65958691e+04 -3.55581058e-02 -3.55581058e-02 
 1.69824365e+04 -3.60929112e-03 -3.60929112e-03 
 1.73780083e+04  6.93989626e-04  6.93989626e-04 
 1.77827941e+04 -3.16309310e-02 -3.16309310e-02 
 1.81970086e+04 -1.10347663e-01 -1.10347663e-01 
 1.86208714e+04 -2.45326651e-01 -2.45326651e-01 
 1.90546072e+04 -4.45596692e-01 -4.45596692e-01 
 1.94984460e+04 -7.18247224e-01 -7.18247224e-01 
 1.99526231e+04 -1.06741408e+00 -1.06741408e+00 
 2.04173794e+04 -1.49362440e+00 -1.49362440e+00 
 2.08929613e+04 -1.99370411e+00 -1.99370411e+00 
 2.13796209e+04 -2.56127826e+00 -2.56127826e+00 
 2.18776162e+04 -3.18770511e+00 -3.18770511e+00 
 2.23872114e+04 -3.86317718e+00 -3.86317718e+00 
 2.29086765e+04 -4.57773355e+00 -4.57773355e+00 
 2.34422882e+04 -5.32202322e+00 -5.32202322e+00 
 2.39883292e+04 -6.08777211e+00 -6.08777211e+00 
 2.45470892e+04 -6.86798802e+00 -6.86798802e+00 
 2.51188643e+04 -7.65697538e+00 -7.65697538e+00 
 2.57039578e+04 -8.45023394e+00 -8.45023394e+00 
 2.63026799e+04 -9.24430129e+00 -9.24430129e+00 
 2.69153480e+04 -1.00365794e+01 -1.00365794e+01 
 2.75422870e+04 -1.08251686e+01 -1.08251686e+01 
 2.81838293e+04 -1.16087217e+01 -1.16087217e+01 
 2.88403150e+04 -1.23863198e+01 -1.23863198e+01 
 2.95120923e+04 -1.31573721e+01 -1.31573721e+01 
 3.01995172e+04 -1.39215358e+01 -1.39215358e+01 
 3.09029543e+04 -1.46786528e+01 -1.46786528e+01 
 3.16227766e+04 -1.54287016e+01 -1.54287016e+01 
 3.23593657e+04 -1.61717590e+01 -1.61717590e+01 
 3.31131121e+04 -1.69079723e+01 -1.69079723e+01 
 3.38844156e+04 -1.76375373e+01 -1.76375373e+01 
 3.46736850e+04 -1.83606821e+01 -1.83606821e+01 
 3.54813389e+04 -1.90776546e+01 -1.90776546e+01 
 3.63078055e+04 -1.97887140e+01 -1.97887140e+01 
 3.71535229e+04 -2.04941236e+01 -2.04941236e+01 
 3.80189396e+04 -2.11941460e+01 -2.11941460e+01 
 3.89045145e+04 -2.18890399e+01 -2.18890399e+01 
 3.98107171e+04 -2.25790575e+01 -2.25790575e+01 
 4.07380278e+04 -2.32644425e+01 -2.32644425e+01 
 4.16869383e+04 -2.39454294e+01 -2.39454294e+01 
 4.26579519e+04 -2.46222428e+01 -2.46222428e+01 
 4.36515832e+04 -2.52950969e+01 -2.52950969e+01 
 4.46683592e+04 -2.59641955e+01 -2.59641955e+01 
 4.57088190e+04 -2.66297319e+01 -2.66297319e+01 
 4.67735141e+04 -2.72918896e+01 -2.72918896e+01 
 4.78630092e+04 -2.79508420e+01 -2.79508420e+01 
 4.89778819e+04 -2.86067531e+01 -2.86067531e+01 
 5.01187234e+04 -2.92597777e+01 -2.92597777e+01 
 5.12861384e+04 -2.99100621e+01 -2.99100621e+01 
 5.24807460e+04 -3.05577441e+01 -3.05577441e+01 
 5.37031796e+04 -3.12029537e+01 -3.12029537e+01 
 5.49540874e+04 -3.18458134e+01 -3.18458134e+01 
 5.62341325e+04 -3.24864385e+01 -3.24864385e+01 
 5.75439937e+04 -3.31249379e+01 -3.31249379e+01 
 5.88843655e+04 -3.37614139e+01 -3.37614139e+01 
 6.02559586e+04 -3.43959629e+01 -3.43959629e+01 
 6.16595002e+04 -3.50286755e+01 -3.50286755e+01 
 6.30957344e+04 -3.56596371e+01 -3.56596371e+01 
 6.45654229e+04 -3.62889280e+01 -3.62889280e+01 
 6.60693448e+04 -3.69166238e+01 -3.69166238e+01 
 6.76082975e+04 -3.75427953e+01 -3.75427953e+01 
 6.91830971e+04 -3.81675094e+01 -3.81675094e+01 
 7.07945784e+04 -3.87908286e+01 -3.87908286e+01 
 7.24435960e+04 -3.94128117e+01 -3.94128117e+01 
 7.41310241e+04 -4.00335140e+01 -4.00335140e+01 
 7.58577575e+04 -4.06529871e+01 -4.06529871e+01 
 7.76247117e+04 -4.12712794e+01 -4.12712794e+01 
 7.94328235e+04 -4.18884362e+01 -4.18884362e+01 
 8.12830516e+04 -4.25044998e+01 -4.25044998e+01 
 8.31763771e+04 -4.31195098e+01 -4.31195098e+01 
 8.51138038e+04 -4.37335027e+01 -4.37335027e+01 
 8.70963590e+04 -4.43465129e+01 -4.43465129e+01 
 8.91250938e+04 -4.49585720e+01 -4.49585720e+01 
 9.12010839e+04 -4.55697093e+01 -4.55697093e+01 
 9.33254301e+04 -4.61799518e+01 -4.61799518e+01 
 9.54992586e+04 -4.67893244e+01 -4.67893244e+01 
 9.77237221e+04 -4.73978496e+01 -4.73978496e+01 
 1.00000000e+05 -4.80055483e+01 -4.80055483e+01 
 1.02329299e+05 -4.86124389e+01 -4.86124389e+01 
 1.04712855e+05 -4.92185383e+01 -4.92185383e+01 
 1.07151931e+05 -4.98238612e+01 -4.98238612e+01 
 1.09647820e+05 -5.04284208e+01 -5.04284208e+01 
 1.12201845e+05 -5.10322281e+01 -5.10322281e+01 
 1.14815362e+05 -5.16352929e+01 -5.16352929e+01 
 1.17489755e+05 -5.22376227e+01 -5.22376227e+01 
 1.20226443e+05 -5.28392238e+01 -5.28392238e+01 
 1.23026877e+05 -5.34401005e+01 -5.34401005e+01 
 1.25892541e+05 -5.40402556e+01 -5.40402556e+01 
 1.28824955e+05 -5.46396902e+01 -5.46396902e+01 
 1.31825674e+05 -5.52384039e+01 -5.52384039e+01 
 1.34896288e+05 -5.58363946e+01 -5.58363946e+01 
 1.38038426e+05 -5.64336586e+01 -5.64336586e+01 
 1.41253754e+05 -5.70301906e+01 -5.70301906e+01 
 1.44543977e+05 -5.76259835e+01 -5.76259835e+01 
 1.47910839e+05 -5.82210287e+01 -5.82210287e+01 
 1.51356125e+05 -5.88153161e+01 -5.88153161e+01 
 1.54881662e+05 -5.94088337e+01 -5.94088337e+01 
 1.58489319e+05 -6.00015679e+01 -6.00015679e+01 
 1.62181010e+05 -6.05935033e+01 -6.05935033e+01 
 1.65958691e+05 -6.11846227e+01 -6.11846227e+01 
 1.69824365e+05 -6.17749074e+01 -6.17749074e+01 
 1.73780083e+05 -6.23643365e+01 -6.23643365e+01 
 1.77827941e+05 -6.29528875e+01 -6.29528875e+01 
 1.81970086e+05 -6.35405357e+01 -6.35405357e+01 
 1.86208714e+05 -6.41272547e+01 -6.41272547e+01 
 1.90546072e+05 -6.47130158e+01 -6.47130158e+01 
 1.94984460e+05 -6.52977884e+01 -6.52977884e+01 
 1.99526231e+05 -6.58815396e+01 -6.58815396e+01 
 2.04173794e+05 -6.64642343e+01 -6.64642343e+01 
 2.08929613e+05 -6.70458350e+01 -6.70458350e+01 
 2.13796209e+05 -6.76263018e+01 -6.76263018e+01 
 2.18776162e+05 -6.82055925e+01 -6.82055925e+01 
 2.23872114e+05 -6.87836619e+01 -6.87836619e+01 
 2.29086765e+05 -6.93604625e+01 -6.93604625e+01 
 2.34422882e+05 -6.99359435e+01 -6.99359435e+01 
 2.39883292e+05 -7.05100517e+01 -7.05100517e+01 
 2.45470892e+05 -7.10827304e+01 -7.10827304e+01 
 2.51188643e+05 -7.16539199e+01 -7.16539199e+01 
 2.57039578e+05 -7.22235571e+01 -7.22235571e+01 
 2.63026799e+05 -7.27915754e+01 -7.27915754e+01 
 2.69153480e+05 -7.33579045e+01 -7.33579045e+01 
 2.75422870e+05 -7.39224703e+01 -7.39224703e+01 
 2.81838293e+05 -7.44851949e+01 -7.44851949e+01 
 2.88403150e+05 -7.50459957e+01 -7.50459957e+01 
 2.95120923e+05 -7.56047863e+01 -7.56047863e+01 
 3.01995172e+05 -7.61614751e+01 -7.61614751e+01 
 3.09029543e+05 -7.67159660e+01 -7.67159660e+01 
 3.16227766e+05 -7.72681577e+01 -7.72681577e+01 
 3.23593657e+05 -7.78179437e+01 -7.78179437e+01 
 3.31131121e+05 -7.83652115e+01 -7.83652115e+01 
 3.38844156e+05 -7.89098431e+01 -7.89098431e+01 
 3.46736850e+05 -7.94517139e+01 -7.94517139e+01 
 3.54813389e+05 -7.99906931e+01 -7.99906931e+01 
 3.63078055e+05 -8.05266427e+01 -8.05266427e+01 
 3.71535229e+05 -8.10594176e+01 -8.10594176e+01 
 3.80189396e+05 -8.15888648e+01 -8.15888648e+01 
 3.89045145e+05 -8.21148236e+01 -8.21148236e+01 
 3.98107171e+05 -8.26371243e+01 -8.26371243e+01 
 4.07380278e+05 -8.31555885e+01 -8.31555885e+01 
 4.16869383e+05 -8.36700281e+01 -8.36700281e+01 
 4.26579519e+05 -8.41802450e+01 -8.41802450e+01 
 4.36515832e+05 -8.46860304e+01 -8.46860304e+01 
 4.46683592e+05 -8.51871643e+01 -8.51871643e+01 
 4.57088190e+05 -8.56834147e+01 -8.56834147e+01 
 4.67735141e+05 -8.61745367e+01 -8.61745367e+01 
 4.78630092e+05 -8.66602725e+01 -8.66602725e+01 
 4.89778819e+05 -8.71403496e+01 -8.71403496e+01 
 5.01187234e+05 -8.76144804e+01 -8.76144804e+01 
 5.12861384e+05 -8.80823616e+01 -8.80823616e+01 
 5.24807460e+05 -8.85436723e+01 -8.85436723e+01 
 5.37031796e+05 -8.89980738e+01 -8.89980738e+01 
 5.49540874e+05 -8.94452077e+01 -8.94452077e+01 
 5.62341325e+05 -8.98846951e+01 -8.98846951e+01 
 5.75439937e+05 -9.03161350e+01 -9.03161350e+01 
 5.88843655e+05 -9.07391027e+01 -9.07391027e+01 
 6.02559586e+05 -9.11531485e+01 -9.11531485e+01 
 6.16595002e+05 -9.15577955e+01 -9.15577955e+01 
 6.30957344e+05 -9.19525379e+01 -9.19525379e+01 
 6.45654229e+05 -9.23368388e+01 -9.23368388e+01 
 6.60693448e+05 -9.27101279e+01 -9.27101279e+01 
 6.76082975e+05 -9.30717990e+01 -9.30717990e+01 
 6.91830971e+05 -9.34212071e+01 -9.34212071e+01 
 7.07945784e+05 -9.37576654e+01 -9.37576654e+01 
 7.24435960e+05 -9.40804420e+01 -9.40804420e+01 
 7.41310241e+05 -9.43887559e+01 -9.43887559e+01 
 7.58577575e+05 -9.46817729e+01 -9.46817729e+01 
 7.76247117e+05 -9.49586013e+01 -9.49586013e+01 
 7.94328235e+05 -9.52182864e+01 -9.52182864e+01 
 8.12830516e+05 -9.54598047e+01 -9.54598047e+01 
 8.31763771e+05 -9.56820580e+01 -9.56820580e+01 
 8.51138038e+05 -9.58838653e+01 -9.58838653e+01 
 8.70963590e+05 -9.60639553e+01 -9.60639553e+01 
 8.91250938e+05 -9.62209570e+01 -9.62209570e+01 
 9.12010839e+05 -9.63533887e+01 -9.63533887e+01 
 9.33254301e+05 -9.64596467e+01 -9.64596467e+01 
 9.54992586e+05 -9.65379909e+01 -9.65379909e+01 
 9.77237221e+05 -9.65865294e+01 -9.65865294e+01 
 1.00000000e+06 -9.66031997e+01 -9.66031997e+01 
