 time            v(inp)          v(out)         
 0.00000000e+00  9.00000000e-01  8.99993705e-01 
 1.10000000e-11  9.00000000e-01  8.99993705e-01 
 2.20000000e-11  9.00000000e-01  8.99993705e-01 
 4.40000000e-11  9.00000000e-01  8.99993705e-01 
 8.80000000e-11  9.00000000e-01  8.99993705e-01 
 1.76000000e-10  9.00000000e-01  8.99993705e-01 
 3.52000000e-10  9.00000000e-01  8.99993705e-01 
 7.04000000e-10  9.00000000e-01  8.99993705e-01 
 1.40800000e-09  9.00000000e-01  8.99993705e-01 
 2.50800000e-09  9.00000000e-01  8.99993705e-01 
 3.60800000e-09  9.00000000e-01  8.99993705e-01 
 4.70800000e-09  9.00000000e-01  8.99993705e-01 
 5.80800000e-09  9.00000000e-01  8.99993705e-01 
 6.90800000e-09  9.00000000e-01  8.99993705e-01 
 8.00800000e-09  9.00000000e-01  8.99993705e-01 
 9.10800000e-09  9.00000000e-01  8.99993705e-01 
 1.02080000e-08  9.00000000e-01  8.99993705e-01 
 1.13080000e-08  9.00000000e-01  8.99993705e-01 
 1.24080000e-08  9.00000000e-01  8.99993705e-01 
 1.35080000e-08  9.00000000e-01  8.99993705e-01 
 1.46080000e-08  9.00000000e-01  8.99993705e-01 
 1.57080000e-08  9.00000000e-01  8.99993705e-01 
 1.68080000e-08  9.00000000e-01  8.99993705e-01 
 1.79080000e-08  9.00000000e-01  8.99993705e-01 
 1.90080000e-08  9.00000000e-01  8.99993705e-01 
 2.01080000e-08  9.00000000e-01  8.99993705e-01 
 2.12080000e-08  9.00000000e-01  8.99993705e-01 
 2.23080000e-08  9.00000000e-01  8.99993705e-01 
 2.34080000e-08  9.00000000e-01  8.99993705e-01 
 2.45080000e-08  9.00000000e-01  8.99993705e-01 
 2.56080000e-08  9.00000000e-01  8.99993705e-01 
 2.67080000e-08  9.00000000e-01  8.99993705e-01 
 2.78080000e-08  9.00000000e-01  8.99993705e-01 
 2.89080000e-08  9.00000000e-01  8.99993705e-01 
 3.00080000e-08  9.00000000e-01  8.99993705e-01 
 3.11080000e-08  9.00000000e-01  8.99993705e-01 
 3.22080000e-08  9.00000000e-01  8.99993705e-01 
 3.33080000e-08  9.00000000e-01  8.99993705e-01 
 3.44080000e-08  9.00000000e-01  8.99993705e-01 
 3.55080000e-08  9.00000000e-01  8.99993705e-01 
 3.66080000e-08  9.00000000e-01  8.99993705e-01 
 3.77080000e-08  9.00000000e-01  8.99993705e-01 
 3.88080000e-08  9.00000000e-01  8.99993705e-01 
 3.99080000e-08  9.00000000e-01  8.99993705e-01 
 4.10080000e-08  9.00000000e-01  8.99993705e-01 
 4.21080000e-08  9.00000000e-01  8.99993705e-01 
 4.32080000e-08  9.00000000e-01  8.99993705e-01 
 4.43080000e-08  9.00000000e-01  8.99993705e-01 
 4.54080000e-08  9.00000000e-01  8.99993705e-01 
 4.65080000e-08  9.00000000e-01  8.99993705e-01 
 4.76080000e-08  9.00000000e-01  8.99993705e-01 
 4.87080000e-08  9.00000000e-01  8.99993705e-01 
 4.98080000e-08  9.00000000e-01  8.99993705e-01 
 5.09080000e-08  9.00000000e-01  8.99993705e-01 
 5.20080000e-08  9.00000000e-01  8.99993705e-01 
 5.31080000e-08  9.00000000e-01  8.99993705e-01 
 5.42080000e-08  9.00000000e-01  8.99993705e-01 
 5.53080000e-08  9.00000000e-01  8.99993705e-01 
 5.64080000e-08  9.00000000e-01  8.99993705e-01 
 5.75080000e-08  9.00000000e-01  8.99993705e-01 
 5.86080000e-08  9.00000000e-01  8.99993705e-01 
 5.97080000e-08  9.00000000e-01  8.99993705e-01 
 6.08080000e-08  9.00000000e-01  8.99993705e-01 
 6.19080000e-08  9.00000000e-01  8.99993705e-01 
 6.30080000e-08  9.00000000e-01  8.99993705e-01 
 6.41080000e-08  9.00000000e-01  8.99993705e-01 
 6.52080000e-08  9.00000000e-01  8.99993705e-01 
 6.63080000e-08  9.00000000e-01  8.99993705e-01 
 6.74080000e-08  9.00000000e-01  8.99993705e-01 
 6.85080000e-08  9.00000000e-01  8.99993705e-01 
 6.96080000e-08  9.00000000e-01  8.99993705e-01 
 7.07080000e-08  9.00000000e-01  8.99993705e-01 
 7.18080000e-08  9.00000000e-01  8.99993705e-01 
 7.29080000e-08  9.00000000e-01  8.99993705e-01 
 7.40080000e-08  9.00000000e-01  8.99993705e-01 
 7.51080000e-08  9.00000000e-01  8.99993705e-01 
 7.62080000e-08  9.00000000e-01  8.99993705e-01 
 7.73080000e-08  9.00000000e-01  8.99993705e-01 
 7.84080000e-08  9.00000000e-01  8.99993705e-01 
 7.95080000e-08  9.00000000e-01  8.99993705e-01 
 8.06080000e-08  9.00000000e-01  8.99993705e-01 
 8.17080000e-08  9.00000000e-01  8.99993705e-01 
 8.28080000e-08  9.00000000e-01  8.99993705e-01 
 8.39080000e-08  9.00000000e-01  8.99993705e-01 
 8.50080000e-08  9.00000000e-01  8.99993705e-01 
 8.61080000e-08  9.00000000e-01  8.99993705e-01 
 8.72080000e-08  9.00000000e-01  8.99993705e-01 
 8.83080000e-08  9.00000000e-01  8.99993705e-01 
 8.94080000e-08  9.00000000e-01  8.99993705e-01 
 9.05080000e-08  9.00000000e-01  8.99993705e-01 
 9.16080000e-08  9.00000000e-01  8.99993705e-01 
 9.27080000e-08  9.00000000e-01  8.99993705e-01 
 9.38080000e-08  9.00000000e-01  8.99993705e-01 
 9.49080000e-08  9.00000000e-01  8.99993705e-01 
 9.60080000e-08  9.00000000e-01  8.99993705e-01 
 9.71080000e-08  9.00000000e-01  8.99993705e-01 
 9.82080000e-08  9.00000000e-01  8.99993705e-01 
 9.93080000e-08  9.00000000e-01  8.99993705e-01 
 1.00000000e-07  9.00000000e-01  8.99993705e-01 
 1.00001000e-07  9.01000000e-01  9.00046409e-01 
 1.00003000e-07  9.03000000e-01  9.00151874e-01 
 1.00007000e-07  9.07000000e-01  9.00363051e-01 
 1.00010000e-07  9.10000000e-01  9.00521658e-01 
 1.00010800e-07  9.10000000e-01  9.00521668e-01 
 1.00012400e-07  9.10000000e-01  9.00521689e-01 
 1.00015600e-07  9.10000000e-01  9.00521732e-01 
 1.00022000e-07  9.10000000e-01  9.00521816e-01 
 1.00034800e-07  9.10000000e-01  9.00521986e-01 
 1.00060400e-07  9.10000000e-01  9.00522326e-01 
 1.00111600e-07  9.10000000e-01  9.00523010e-01 
 1.00214000e-07  9.10000000e-01  9.00524398e-01 
 1.00418800e-07  9.10000000e-01  9.00527247e-01 
 1.00828400e-07  9.10000000e-01  9.00533237e-01 
 1.01647600e-07  9.10000000e-01  9.00546359e-01 
 1.02747600e-07  9.10000000e-01  9.00566301e-01 
 1.03847600e-07  9.10000000e-01  9.00588797e-01 
 1.04947600e-07  9.10000000e-01  9.00613724e-01 
 1.06047600e-07  9.10000000e-01  9.00640962e-01 
 1.07147600e-07  9.10000000e-01  9.00670394e-01 
 1.08247600e-07  9.10000000e-01  9.00701903e-01 
 1.09347600e-07  9.10000000e-01  9.00735376e-01 
 1.10447600e-07  9.10000000e-01  9.00770703e-01 
 1.11547600e-07  9.10000000e-01  9.00807777e-01 
 1.12647600e-07  9.10000000e-01  9.00846494e-01 
 1.13747600e-07  9.10000000e-01  9.00886753e-01 
 1.14847600e-07  9.10000000e-01  9.00928456e-01 
 1.15947600e-07  9.10000000e-01  9.00971510e-01 
 1.17047600e-07  9.10000000e-01  9.01015822e-01 
 1.18147600e-07  9.10000000e-01  9.01061305e-01 
 1.19247600e-07  9.10000000e-01  9.01107874e-01 
 1.20347600e-07  9.10000000e-01  9.01155449e-01 
 1.21447600e-07  9.10000000e-01  9.01203952e-01 
 1.22547600e-07  9.10000000e-01  9.01253307e-01 
 1.23647600e-07  9.10000000e-01  9.01303444e-01 
 1.24747600e-07  9.10000000e-01  9.01354293e-01 
 1.25847600e-07  9.10000000e-01  9.01405791e-01 
 1.26947600e-07  9.10000000e-01  9.01457874e-01 
 1.28047600e-07  9.10000000e-01  9.01510483e-01 
 1.29147600e-07  9.10000000e-01  9.01563562e-01 
 1.30247600e-07  9.10000000e-01  9.01617057e-01 
 1.31347600e-07  9.10000000e-01  9.01670917e-01 
 1.32447600e-07  9.10000000e-01  9.01725094e-01 
 1.33547600e-07  9.10000000e-01  9.01779541e-01 
 1.34647600e-07  9.10000000e-01  9.01834217e-01 
 1.35747600e-07  9.10000000e-01  9.01889079e-01 
 1.36847600e-07  9.10000000e-01  9.01944089e-01 
 1.37947600e-07  9.10000000e-01  9.01999210e-01 
 1.39047600e-07  9.10000000e-01  9.02054408e-01 
 1.40147600e-07  9.10000000e-01  9.02109650e-01 
 1.41247600e-07  9.10000000e-01  9.02164907e-01 
 1.42347600e-07  9.10000000e-01  9.02220148e-01 
 1.43447600e-07  9.10000000e-01  9.02275349e-01 
 1.44547600e-07  9.10000000e-01  9.02330482e-01 
 1.45647600e-07  9.10000000e-01  9.02385526e-01 
 1.46747600e-07  9.10000000e-01  9.02440457e-01 
 1.47847600e-07  9.10000000e-01  9.02495255e-01 
 1.48947600e-07  9.10000000e-01  9.02549902e-01 
 1.50047600e-07  9.10000000e-01  9.02604379e-01 
 1.51147600e-07  9.10000000e-01  9.02658670e-01 
 1.52247600e-07  9.10000000e-01  9.02712759e-01 
 1.53347600e-07  9.10000000e-01  9.02766632e-01 
 1.54447600e-07  9.10000000e-01  9.02820276e-01 
 1.55547600e-07  9.10000000e-01  9.02873680e-01 
 1.56647600e-07  9.10000000e-01  9.02926831e-01 
 1.57747600e-07  9.10000000e-01  9.02979720e-01 
 1.58847600e-07  9.10000000e-01  9.03032337e-01 
 1.59947600e-07  9.10000000e-01  9.03084673e-01 
 1.61047600e-07  9.10000000e-01  9.03136722e-01 
 1.62147600e-07  9.10000000e-01  9.03188475e-01 
 1.63247600e-07  9.10000000e-01  9.03239927e-01 
 1.64347600e-07  9.10000000e-01  9.03291071e-01 
 1.65447600e-07  9.10000000e-01  9.03341903e-01 
 1.66547600e-07  9.10000000e-01  9.03392417e-01 
 1.67647600e-07  9.10000000e-01  9.03442610e-01 
 1.68747600e-07  9.10000000e-01  9.03492479e-01 
 1.69847600e-07  9.10000000e-01  9.03542020e-01 
 1.70947600e-07  9.10000000e-01  9.03591230e-01 
 1.72047600e-07  9.10000000e-01  9.03640107e-01 
 1.73147600e-07  9.10000000e-01  9.03688650e-01 
 1.74247600e-07  9.10000000e-01  9.03736856e-01 
 1.75347600e-07  9.10000000e-01  9.03784725e-01 
 1.76447600e-07  9.10000000e-01  9.03832256e-01 
 1.77547600e-07  9.10000000e-01  9.03879448e-01 
 1.78647600e-07  9.10000000e-01  9.03926300e-01 
 1.79747600e-07  9.10000000e-01  9.03972814e-01 
 1.80847600e-07  9.10000000e-01  9.04018988e-01 
 1.81947600e-07  9.10000000e-01  9.04064822e-01 
 1.83047600e-07  9.10000000e-01  9.04110319e-01 
 1.84147600e-07  9.10000000e-01  9.04155478e-01 
 1.85247600e-07  9.10000000e-01  9.04200300e-01 
 1.86347600e-07  9.10000000e-01  9.04244787e-01 
 1.87447600e-07  9.10000000e-01  9.04288938e-01 
 1.88547600e-07  9.10000000e-01  9.04332757e-01 
 1.89647600e-07  9.10000000e-01  9.04376243e-01 
 1.90747600e-07  9.10000000e-01  9.04419399e-01 
 1.91847600e-07  9.10000000e-01  9.04462227e-01 
 1.92947600e-07  9.10000000e-01  9.04504727e-01 
 1.94047600e-07  9.10000000e-01  9.04546902e-01 
 1.95147600e-07  9.10000000e-01  9.04588754e-01 
 1.96247600e-07  9.10000000e-01  9.04630284e-01 
 1.97347600e-07  9.10000000e-01  9.04671494e-01 
 1.98447600e-07  9.10000000e-01  9.04712387e-01 
 1.99547600e-07  9.10000000e-01  9.04752965e-01 
 2.00647600e-07  9.10000000e-01  9.04793229e-01 
 2.01747600e-07  9.10000000e-01  9.04833182e-01 
 2.02847600e-07  9.10000000e-01  9.04872826e-01 
 2.03947600e-07  9.10000000e-01  9.04912163e-01 
 2.05047600e-07  9.10000000e-01  9.04951195e-01 
 2.06147600e-07  9.10000000e-01  9.04989925e-01 
 2.07247600e-07  9.10000000e-01  9.05028354e-01 
 2.08347600e-07  9.10000000e-01  9.05066486e-01 
 2.09447600e-07  9.10000000e-01  9.05104322e-01 
 2.10547600e-07  9.10000000e-01  9.05141864e-01 
 2.11647600e-07  9.10000000e-01  9.05179116e-01 
 2.12747600e-07  9.10000000e-01  9.05216078e-01 
 2.13847600e-07  9.10000000e-01  9.05252754e-01 
 2.14947600e-07  9.10000000e-01  9.05289145e-01 
 2.16047600e-07  9.10000000e-01  9.05325255e-01 
 2.17147600e-07  9.10000000e-01  9.05361084e-01 
 2.18247600e-07  9.10000000e-01  9.05396636e-01 
 2.19347600e-07  9.10000000e-01  9.05431912e-01 
 2.20447600e-07  9.10000000e-01  9.05466915e-01 
 2.21547600e-07  9.10000000e-01  9.05501647e-01 
 2.22647600e-07  9.10000000e-01  9.05536111e-01 
 2.23747600e-07  9.10000000e-01  9.05570308e-01 
 2.24847600e-07  9.10000000e-01  9.05604240e-01 
 2.25947600e-07  9.10000000e-01  9.05637910e-01 
 2.27047600e-07  9.10000000e-01  9.05671320e-01 
 2.28147600e-07  9.10000000e-01  9.05704471e-01 
 2.29247600e-07  9.10000000e-01  9.05737367e-01 
 2.30347600e-07  9.10000000e-01  9.05770009e-01 
 2.31447600e-07  9.10000000e-01  9.05802399e-01 
 2.32547600e-07  9.10000000e-01  9.05834539e-01 
 2.33647600e-07  9.10000000e-01  9.05866431e-01 
 2.34747600e-07  9.10000000e-01  9.05898078e-01 
 2.35847600e-07  9.10000000e-01  9.05929480e-01 
 2.36947600e-07  9.10000000e-01  9.05960641e-01 
 2.38047600e-07  9.10000000e-01  9.05991563e-01 
 2.39147600e-07  9.10000000e-01  9.06022246e-01 
 2.40247600e-07  9.10000000e-01  9.06052693e-01 
 2.41347600e-07  9.10000000e-01  9.06082906e-01 
 2.42447600e-07  9.10000000e-01  9.06112887e-01 
 2.43547600e-07  9.10000000e-01  9.06142638e-01 
 2.44647600e-07  9.10000000e-01  9.06172160e-01 
 2.45747600e-07  9.10000000e-01  9.06201455e-01 
 2.46847600e-07  9.10000000e-01  9.06230526e-01 
 2.47947600e-07  9.10000000e-01  9.06259373e-01 
 2.49047600e-07  9.10000000e-01  9.06288000e-01 
 2.50147600e-07  9.10000000e-01  9.06316406e-01 
 2.51247600e-07  9.10000000e-01  9.06344595e-01 
 2.52347600e-07  9.10000000e-01  9.06372568e-01 
 2.53447600e-07  9.10000000e-01  9.06400326e-01 
 2.54547600e-07  9.10000000e-01  9.06427872e-01 
 2.55647600e-07  9.10000000e-01  9.06455207e-01 
 2.56747600e-07  9.10000000e-01  9.06482332e-01 
 2.57847600e-07  9.10000000e-01  9.06509250e-01 
 2.58947600e-07  9.10000000e-01  9.06535962e-01 
 2.60047600e-07  9.10000000e-01  9.06562469e-01 
 2.61147600e-07  9.10000000e-01  9.06588774e-01 
 2.62247600e-07  9.10000000e-01  9.06614877e-01 
 2.63347600e-07  9.10000000e-01  9.06640780e-01 
 2.64447600e-07  9.10000000e-01  9.06666485e-01 
 2.65547600e-07  9.10000000e-01  9.06691994e-01 
 2.66647600e-07  9.10000000e-01  9.06717308e-01 
 2.67747600e-07  9.10000000e-01  9.06742428e-01 
 2.68847600e-07  9.10000000e-01  9.06767356e-01 
 2.69947600e-07  9.10000000e-01  9.06792093e-01 
 2.71047600e-07  9.10000000e-01  9.06816642e-01 
 2.72147600e-07  9.10000000e-01  9.06841002e-01 
 2.73247600e-07  9.10000000e-01  9.06865177e-01 
 2.74347600e-07  9.10000000e-01  9.06889167e-01 
 2.75447600e-07  9.10000000e-01  9.06912973e-01 
 2.76547600e-07  9.10000000e-01  9.06936598e-01 
 2.77647600e-07  9.10000000e-01  9.06960041e-01 
 2.78747600e-07  9.10000000e-01  9.06983306e-01 
 2.79847600e-07  9.10000000e-01  9.07006393e-01 
 2.80947600e-07  9.10000000e-01  9.07029304e-01 
 2.82047600e-07  9.10000000e-01  9.07052040e-01 
 2.83147600e-07  9.10000000e-01  9.07074601e-01 
 2.84247600e-07  9.10000000e-01  9.07096991e-01 
 2.85347600e-07  9.10000000e-01  9.07119209e-01 
 2.86447600e-07  9.10000000e-01  9.07141258e-01 
 2.87547600e-07  9.10000000e-01  9.07163138e-01 
 2.88647600e-07  9.10000000e-01  9.07184851e-01 
 2.89747600e-07  9.10000000e-01  9.07206398e-01 
 2.90847600e-07  9.10000000e-01  9.07227780e-01 
 2.91947600e-07  9.10000000e-01  9.07248999e-01 
 2.93047600e-07  9.10000000e-01  9.07270056e-01 
 2.94147600e-07  9.10000000e-01  9.07290951e-01 
 2.95247600e-07  9.10000000e-01  9.07311688e-01 
 2.96347600e-07  9.10000000e-01  9.07332265e-01 
 2.97447600e-07  9.10000000e-01  9.07352685e-01 
 2.98547600e-07  9.10000000e-01  9.07372950e-01 
 2.99647600e-07  9.10000000e-01  9.07393059e-01 
 3.00747600e-07  9.10000000e-01  9.07413015e-01 
 3.01847600e-07  9.10000000e-01  9.07432818e-01 
 3.02947600e-07  9.10000000e-01  9.07452469e-01 
 3.04047600e-07  9.10000000e-01  9.07471971e-01 
 3.05147600e-07  9.10000000e-01  9.07491323e-01 
 3.06247600e-07  9.10000000e-01  9.07510527e-01 
 3.07347600e-07  9.10000000e-01  9.07529584e-01 
 3.08447600e-07  9.10000000e-01  9.07548496e-01 
 3.09547600e-07  9.10000000e-01  9.07567263e-01 
 3.10647600e-07  9.10000000e-01  9.07585886e-01 
 3.11747600e-07  9.10000000e-01  9.07604367e-01 
 3.12847600e-07  9.10000000e-01  9.07622706e-01 
 3.13947600e-07  9.10000000e-01  9.07640906e-01 
 3.15047600e-07  9.10000000e-01  9.07658965e-01 
 3.16147600e-07  9.10000000e-01  9.07676887e-01 
 3.17247600e-07  9.10000000e-01  9.07694672e-01 
 3.18347600e-07  9.10000000e-01  9.07712320e-01 
 3.19447600e-07  9.10000000e-01  9.07729833e-01 
 3.20547600e-07  9.10000000e-01  9.07747213e-01 
 3.21647600e-07  9.10000000e-01  9.07764459e-01 
 3.22747600e-07  9.10000000e-01  9.07781573e-01 
 3.23847600e-07  9.10000000e-01  9.07798556e-01 
 3.24947600e-07  9.10000000e-01  9.07815409e-01 
 3.26047600e-07  9.10000000e-01  9.07832133e-01 
 3.27147600e-07  9.10000000e-01  9.07848729e-01 
 3.28247600e-07  9.10000000e-01  9.07865198e-01 
 3.29347600e-07  9.10000000e-01  9.07881540e-01 
 3.30447600e-07  9.10000000e-01  9.07897758e-01 
 3.31547600e-07  9.10000000e-01  9.07913851e-01 
 3.32647600e-07  9.10000000e-01  9.07929821e-01 
 3.33747600e-07  9.10000000e-01  9.07945668e-01 
 3.34847600e-07  9.10000000e-01  9.07961394e-01 
 3.35947600e-07  9.10000000e-01  9.07977000e-01 
 3.37047600e-07  9.10000000e-01  9.07992486e-01 
 3.38147600e-07  9.10000000e-01  9.08007853e-01 
 3.39247600e-07  9.10000000e-01  9.08023102e-01 
 3.40347600e-07  9.10000000e-01  9.08038234e-01 
 3.41447600e-07  9.10000000e-01  9.08053251e-01 
 3.42547600e-07  9.10000000e-01  9.08068152e-01 
 3.43647600e-07  9.10000000e-01  9.08082939e-01 
 3.44747600e-07  9.10000000e-01  9.08097613e-01 
 3.45847600e-07  9.10000000e-01  9.08112174e-01 
 3.46947600e-07  9.10000000e-01  9.08126623e-01 
 3.48047600e-07  9.10000000e-01  9.08140962e-01 
 3.49147600e-07  9.10000000e-01  9.08155190e-01 
 3.50247600e-07  9.10000000e-01  9.08169310e-01 
 3.51347600e-07  9.10000000e-01  9.08183321e-01 
 3.52447600e-07  9.10000000e-01  9.08197224e-01 
 3.53547600e-07  9.10000000e-01  9.08211021e-01 
 3.54647600e-07  9.10000000e-01  9.08224712e-01 
 3.55747600e-07  9.10000000e-01  9.08238298e-01 
 3.56847600e-07  9.10000000e-01  9.08251779e-01 
 3.57947600e-07  9.10000000e-01  9.08265157e-01 
 3.59047600e-07  9.10000000e-01  9.08278433e-01 
 3.60147600e-07  9.10000000e-01  9.08291606e-01 
 3.61247600e-07  9.10000000e-01  9.08304678e-01 
 3.62347600e-07  9.10000000e-01  9.08317650e-01 
 3.63447600e-07  9.10000000e-01  9.08330522e-01 
 3.64547600e-07  9.10000000e-01  9.08343296e-01 
 3.65647600e-07  9.10000000e-01  9.08355971e-01 
 3.66747600e-07  9.10000000e-01  9.08368549e-01 
 3.67847600e-07  9.10000000e-01  9.08381031e-01 
 3.68947600e-07  9.10000000e-01  9.08393416e-01 
 3.70047600e-07  9.10000000e-01  9.08405706e-01 
 3.71147600e-07  9.10000000e-01  9.08417902e-01 
 3.72247600e-07  9.10000000e-01  9.08430004e-01 
 3.73347600e-07  9.10000000e-01  9.08442014e-01 
 3.74447600e-07  9.10000000e-01  9.08453930e-01 
 3.75547600e-07  9.10000000e-01  9.08465756e-01 
 3.76647600e-07  9.10000000e-01  9.08477490e-01 
 3.77747600e-07  9.10000000e-01  9.08489134e-01 
 3.78847600e-07  9.10000000e-01  9.08500689e-01 
 3.79947600e-07  9.10000000e-01  9.08512155e-01 
 3.81047600e-07  9.10000000e-01  9.08523533e-01 
 3.82147600e-07  9.10000000e-01  9.08534823e-01 
 3.83247600e-07  9.10000000e-01  9.08546027e-01 
 3.84347600e-07  9.10000000e-01  9.08557144e-01 
 3.85447600e-07  9.10000000e-01  9.08568176e-01 
 3.86547600e-07  9.10000000e-01  9.08579123e-01 
 3.87647600e-07  9.10000000e-01  9.08589986e-01 
 3.88747600e-07  9.10000000e-01  9.08600765e-01 
 3.89847600e-07  9.10000000e-01  9.08611461e-01 
 3.90947600e-07  9.10000000e-01  9.08622075e-01 
 3.92047600e-07  9.10000000e-01  9.08632608e-01 
 3.93147600e-07  9.10000000e-01  9.08643059e-01 
 3.94247600e-07  9.10000000e-01  9.08653430e-01 
 3.95347600e-07  9.10000000e-01  9.08663721e-01 
 3.96447600e-07  9.10000000e-01  9.08673933e-01 
 3.97547600e-07  9.10000000e-01  9.08684067e-01 
 3.98647600e-07  9.10000000e-01  9.08694122e-01 
 3.99747600e-07  9.10000000e-01  9.08704101e-01 
 4.00847600e-07  9.10000000e-01  9.08714002e-01 
 4.01947600e-07  9.10000000e-01  9.08723827e-01 
 4.03047600e-07  9.10000000e-01  9.08733576e-01 
 4.04147600e-07  9.10000000e-01  9.08743251e-01 
 4.05247600e-07  9.10000000e-01  9.08752851e-01 
 4.06347600e-07  9.10000000e-01  9.08762377e-01 
 4.07447600e-07  9.10000000e-01  9.08771830e-01 
 4.08547600e-07  9.10000000e-01  9.08781210e-01 
 4.09647600e-07  9.10000000e-01  9.08790518e-01 
 4.10747600e-07  9.10000000e-01  9.08799754e-01 
 4.11847600e-07  9.10000000e-01  9.08808919e-01 
 4.12947600e-07  9.10000000e-01  9.08818013e-01 
 4.14047600e-07  9.10000000e-01  9.08827037e-01 
 4.15147600e-07  9.10000000e-01  9.08835992e-01 
 4.16247600e-07  9.10000000e-01  9.08844878e-01 
 4.17347600e-07  9.10000000e-01  9.08853696e-01 
 4.18447600e-07  9.10000000e-01  9.08862445e-01 
 4.19547600e-07  9.10000000e-01  9.08871128e-01 
 4.20647600e-07  9.10000000e-01  9.08879743e-01 
 4.21747600e-07  9.10000000e-01  9.08888292e-01 
 4.22847600e-07  9.10000000e-01  9.08896775e-01 
 4.23947600e-07  9.10000000e-01  9.08905193e-01 
 4.25047600e-07  9.10000000e-01  9.08913546e-01 
 4.26147600e-07  9.10000000e-01  9.08921834e-01 
 4.27247600e-07  9.10000000e-01  9.08930059e-01 
 4.28347600e-07  9.10000000e-01  9.08938220e-01 
 4.29447600e-07  9.10000000e-01  9.08946319e-01 
 4.30547600e-07  9.10000000e-01  9.08954355e-01 
 4.31647600e-07  9.10000000e-01  9.08962329e-01 
 4.32747600e-07  9.10000000e-01  9.08970241e-01 
 4.33847600e-07  9.10000000e-01  9.08978093e-01 
 4.34947600e-07  9.10000000e-01  9.08985884e-01 
 4.36047600e-07  9.10000000e-01  9.08993615e-01 
 4.37147600e-07  9.10000000e-01  9.09001287e-01 
 4.38247600e-07  9.10000000e-01  9.09008899e-01 
 4.39347600e-07  9.10000000e-01  9.09016453e-01 
 4.40447600e-07  9.10000000e-01  9.09023948e-01 
 4.41547600e-07  9.10000000e-01  9.09031386e-01 
 4.42647600e-07  9.10000000e-01  9.09038766e-01 
 4.43747600e-07  9.10000000e-01  9.09046090e-01 
 4.44847600e-07  9.10000000e-01  9.09053357e-01 
 4.45947600e-07  9.10000000e-01  9.09060568e-01 
 4.47047600e-07  9.10000000e-01  9.09067723e-01 
 4.48147600e-07  9.10000000e-01  9.09074823e-01 
 4.49247600e-07  9.10000000e-01  9.09081869e-01 
 4.50347600e-07  9.10000000e-01  9.09088860e-01 
 4.51447600e-07  9.10000000e-01  9.09095797e-01 
 4.52547600e-07  9.10000000e-01  9.09102681e-01 
 4.53647600e-07  9.10000000e-01  9.09109511e-01 
 4.54747600e-07  9.10000000e-01  9.09116289e-01 
 4.55847600e-07  9.10000000e-01  9.09123015e-01 
 4.56947600e-07  9.10000000e-01  9.09129689e-01 
 4.58047600e-07  9.10000000e-01  9.09136311e-01 
 4.59147600e-07  9.10000000e-01  9.09142882e-01 
 4.60247600e-07  9.10000000e-01  9.09149403e-01 
 4.61347600e-07  9.10000000e-01  9.09155873e-01 
 4.62447600e-07  9.10000000e-01  9.09162294e-01 
 4.63547600e-07  9.10000000e-01  9.09168664e-01 
 4.64647600e-07  9.10000000e-01  9.09174986e-01 
 4.65747600e-07  9.10000000e-01  9.09181259e-01 
 4.66847600e-07  9.10000000e-01  9.09187483e-01 
 4.67947600e-07  9.10000000e-01  9.09193660e-01 
 4.69047600e-07  9.10000000e-01  9.09199789e-01 
 4.70147600e-07  9.10000000e-01  9.09205870e-01 
 4.71247600e-07  9.10000000e-01  9.09211905e-01 
 4.72347600e-07  9.10000000e-01  9.09217893e-01 
 4.73447600e-07  9.10000000e-01  9.09223835e-01 
 4.74547600e-07  9.10000000e-01  9.09229731e-01 
 4.75647600e-07  9.10000000e-01  9.09235581e-01 
 4.76747600e-07  9.10000000e-01  9.09241387e-01 
 4.77847600e-07  9.10000000e-01  9.09247147e-01 
 4.78947600e-07  9.10000000e-01  9.09252863e-01 
 4.80047600e-07  9.10000000e-01  9.09258535e-01 
 4.81147600e-07  9.10000000e-01  9.09264163e-01 
 4.82247600e-07  9.10000000e-01  9.09269748e-01 
 4.83347600e-07  9.10000000e-01  9.09275290e-01 
 4.84447600e-07  9.10000000e-01  9.09280789e-01 
 4.85547600e-07  9.10000000e-01  9.09286245e-01 
 4.86647600e-07  9.10000000e-01  9.09291659e-01 
 4.87747600e-07  9.10000000e-01  9.09297032e-01 
 4.88847600e-07  9.10000000e-01  9.09302363e-01 
 4.89947600e-07  9.10000000e-01  9.09307653e-01 
 4.91047600e-07  9.10000000e-01  9.09312902e-01 
 4.92147600e-07  9.10000000e-01  9.09318110e-01 
 4.93247600e-07  9.10000000e-01  9.09323279e-01 
 4.94347600e-07  9.10000000e-01  9.09328407e-01 
 4.95447600e-07  9.10000000e-01  9.09333496e-01 
 4.96547600e-07  9.10000000e-01  9.09338545e-01 
 4.97647600e-07  9.10000000e-01  9.09343556e-01 
 4.98747600e-07  9.10000000e-01  9.09348528e-01 
 4.99847600e-07  9.10000000e-01  9.09353461e-01 
 5.00947600e-07  9.10000000e-01  9.09358356e-01 
 5.02047600e-07  9.10000000e-01  9.09363214e-01 
 5.03147600e-07  9.10000000e-01  9.09368034e-01 
 5.04247600e-07  9.10000000e-01  9.09372817e-01 
 5.05347600e-07  9.10000000e-01  9.09377563e-01 
 5.06447600e-07  9.10000000e-01  9.09382272e-01 
 5.07547600e-07  9.10000000e-01  9.09386945e-01 
 5.08647600e-07  9.10000000e-01  9.09391581e-01 
 5.09747600e-07  9.10000000e-01  9.09396182e-01 
 5.10847600e-07  9.10000000e-01  9.09400748e-01 
 5.11947600e-07  9.10000000e-01  9.09405278e-01 
 5.13047600e-07  9.10000000e-01  9.09409773e-01 
 5.14147600e-07  9.10000000e-01  9.09414234e-01 
 5.15247600e-07  9.10000000e-01  9.09418660e-01 
 5.16347600e-07  9.10000000e-01  9.09423051e-01 
 5.17447600e-07  9.10000000e-01  9.09427409e-01 
 5.18547600e-07  9.10000000e-01  9.09431734e-01 
 5.19647600e-07  9.10000000e-01  9.09436024e-01 
 5.20747600e-07  9.10000000e-01  9.09440282e-01 
 5.21847600e-07  9.10000000e-01  9.09444507e-01 
 5.22947600e-07  9.10000000e-01  9.09448699e-01 
 5.24047600e-07  9.10000000e-01  9.09452859e-01 
 5.25147600e-07  9.10000000e-01  9.09456986e-01 
 5.26247600e-07  9.10000000e-01  9.09461082e-01 
 5.27347600e-07  9.10000000e-01  9.09465146e-01 
 5.28447600e-07  9.10000000e-01  9.09469179e-01 
 5.29547600e-07  9.10000000e-01  9.09473180e-01 
 5.30647600e-07  9.10000000e-01  9.09477151e-01 
 5.31747600e-07  9.10000000e-01  9.09481091e-01 
 5.32847600e-07  9.10000000e-01  9.09485000e-01 
 5.33947600e-07  9.10000000e-01  9.09488880e-01 
 5.35047600e-07  9.10000000e-01  9.09492729e-01 
 5.36147600e-07  9.10000000e-01  9.09496548e-01 
 5.37247600e-07  9.10000000e-01  9.09500338e-01 
 5.38347600e-07  9.10000000e-01  9.09504099e-01 
 5.39447600e-07  9.10000000e-01  9.09507831e-01 
 5.40547600e-07  9.10000000e-01  9.09511534e-01 
 5.41647600e-07  9.10000000e-01  9.09515208e-01 
 5.42747600e-07  9.10000000e-01  9.09518854e-01 
 5.43847600e-07  9.10000000e-01  9.09522472e-01 
 5.44947600e-07  9.10000000e-01  9.09526061e-01 
 5.46047600e-07  9.10000000e-01  9.09529623e-01 
 5.47147600e-07  9.10000000e-01  9.09533158e-01 
 5.48247600e-07  9.10000000e-01  9.09536665e-01 
 5.49347600e-07  9.10000000e-01  9.09540145e-01 
 5.50447600e-07  9.10000000e-01  9.09543598e-01 
 5.51547600e-07  9.10000000e-01  9.09547024e-01 
 5.52647600e-07  9.10000000e-01  9.09550424e-01 
 5.53747600e-07  9.10000000e-01  9.09553798e-01 
 5.54847600e-07  9.10000000e-01  9.09557146e-01 
 5.55947600e-07  9.10000000e-01  9.09560467e-01 
 5.57047600e-07  9.10000000e-01  9.09563763e-01 
 5.58147600e-07  9.10000000e-01  9.09567034e-01 
 5.59247600e-07  9.10000000e-01  9.09570279e-01 
 5.60347600e-07  9.10000000e-01  9.09573499e-01 
 5.61447600e-07  9.10000000e-01  9.09576695e-01 
 5.62547600e-07  9.10000000e-01  9.09579865e-01 
 5.63647600e-07  9.10000000e-01  9.09583011e-01 
 5.64747600e-07  9.10000000e-01  9.09586133e-01 
 5.65847600e-07  9.10000000e-01  9.09589231e-01 
 5.66947600e-07  9.10000000e-01  9.09592304e-01 
 5.68047600e-07  9.10000000e-01  9.09595354e-01 
 5.69147600e-07  9.10000000e-01  9.09598381e-01 
 5.70247600e-07  9.10000000e-01  9.09601384e-01 
 5.71347600e-07  9.10000000e-01  9.09604363e-01 
 5.72447600e-07  9.10000000e-01  9.09607320e-01 
 5.73547600e-07  9.10000000e-01  9.09610254e-01 
 5.74647600e-07  9.10000000e-01  9.09613165e-01 
 5.75747600e-07  9.10000000e-01  9.09616054e-01 
 5.76847600e-07  9.10000000e-01  9.09618920e-01 
 5.77947600e-07  9.10000000e-01  9.09621764e-01 
 5.79047600e-07  9.10000000e-01  9.09624586e-01 
 5.80147600e-07  9.10000000e-01  9.09627386e-01 
 5.81247600e-07  9.10000000e-01  9.09630165e-01 
 5.82347600e-07  9.10000000e-01  9.09632922e-01 
 5.83447600e-07  9.10000000e-01  9.09635658e-01 
 5.84547600e-07  9.10000000e-01  9.09638373e-01 
 5.85647600e-07  9.10000000e-01  9.09641067e-01 
 5.86747600e-07  9.10000000e-01  9.09643740e-01 
 5.87847600e-07  9.10000000e-01  9.09646392e-01 
 5.88947600e-07  9.10000000e-01  9.09649023e-01 
 5.90047600e-07  9.10000000e-01  9.09651635e-01 
 5.91147600e-07  9.10000000e-01  9.09654226e-01 
 5.92247600e-07  9.10000000e-01  9.09656797e-01 
 5.93347600e-07  9.10000000e-01  9.09659348e-01 
 5.94447600e-07  9.10000000e-01  9.09661880e-01 
 5.95547600e-07  9.10000000e-01  9.09664392e-01 
 5.96647600e-07  9.10000000e-01  9.09666884e-01 
 5.97747600e-07  9.10000000e-01  9.09669357e-01 
 5.98847600e-07  9.10000000e-01  9.09671812e-01 
 5.99947600e-07  9.10000000e-01  9.09674247e-01 
 6.01047600e-07  9.10000000e-01  9.09676663e-01 
 6.02147600e-07  9.10000000e-01  9.09679061e-01 
 6.03247600e-07  9.10000000e-01  9.09681440e-01 
 6.04347600e-07  9.10000000e-01  9.09683800e-01 
 6.05447600e-07  9.10000000e-01  9.09686143e-01 
 6.06547600e-07  9.10000000e-01  9.09688467e-01 
 6.07647600e-07  9.10000000e-01  9.09690773e-01 
 6.08747600e-07  9.10000000e-01  9.09693062e-01 
 6.09847600e-07  9.10000000e-01  9.09695333e-01 
 6.10947600e-07  9.10000000e-01  9.09697586e-01 
 6.12047600e-07  9.10000000e-01  9.09699821e-01 
 6.13147600e-07  9.10000000e-01  9.09702040e-01 
 6.14247600e-07  9.10000000e-01  9.09704241e-01 
 6.15347600e-07  9.10000000e-01  9.09706426e-01 
 6.16447600e-07  9.10000000e-01  9.09708593e-01 
 6.17547600e-07  9.10000000e-01  9.09710744e-01 
 6.18647600e-07  9.10000000e-01  9.09712878e-01 
 6.19747600e-07  9.10000000e-01  9.09714995e-01 
 6.20847600e-07  9.10000000e-01  9.09717096e-01 
 6.21947600e-07  9.10000000e-01  9.09719181e-01 
 6.23047600e-07  9.10000000e-01  9.09721250e-01 
 6.24147600e-07  9.10000000e-01  9.09723302e-01 
 6.25247600e-07  9.10000000e-01  9.09725339e-01 
 6.26347600e-07  9.10000000e-01  9.09727360e-01 
 6.27447600e-07  9.10000000e-01  9.09729366e-01 
 6.28547600e-07  9.10000000e-01  9.09731356e-01 
 6.29647600e-07  9.10000000e-01  9.09733330e-01 
 6.30747600e-07  9.10000000e-01  9.09735290e-01 
 6.31847600e-07  9.10000000e-01  9.09737234e-01 
 6.32947600e-07  9.10000000e-01  9.09739163e-01 
 6.34047600e-07  9.10000000e-01  9.09741077e-01 
 6.35147600e-07  9.10000000e-01  9.09742976e-01 
 6.36247600e-07  9.10000000e-01  9.09744861e-01 
 6.37347600e-07  9.10000000e-01  9.09746731e-01 
 6.38447600e-07  9.10000000e-01  9.09748586e-01 
 6.39547600e-07  9.10000000e-01  9.09750428e-01 
 6.40647600e-07  9.10000000e-01  9.09752255e-01 
 6.41747600e-07  9.10000000e-01  9.09754067e-01 
 6.42847600e-07  9.10000000e-01  9.09755866e-01 
 6.43947600e-07  9.10000000e-01  9.09757651e-01 
 6.45047600e-07  9.10000000e-01  9.09759422e-01 
 6.46147600e-07  9.10000000e-01  9.09761180e-01 
 6.47247600e-07  9.10000000e-01  9.09762923e-01 
 6.48347600e-07  9.10000000e-01  9.09764654e-01 
 6.49447600e-07  9.10000000e-01  9.09766371e-01 
 6.50547600e-07  9.10000000e-01  9.09768074e-01 
 6.51647600e-07  9.10000000e-01  9.09769765e-01 
 6.52747600e-07  9.10000000e-01  9.09771442e-01 
 6.53847600e-07  9.10000000e-01  9.09773106e-01 
 6.54947600e-07  9.10000000e-01  9.09774758e-01 
 6.56047600e-07  9.10000000e-01  9.09776397e-01 
 6.57147600e-07  9.10000000e-01  9.09778023e-01 
 6.58247600e-07  9.10000000e-01  9.09779636e-01 
 6.59347600e-07  9.10000000e-01  9.09781237e-01 
 6.60447600e-07  9.10000000e-01  9.09782826e-01 
 6.61547600e-07  9.10000000e-01  9.09784402e-01 
 6.62647600e-07  9.10000000e-01  9.09785966e-01 
 6.63747600e-07  9.10000000e-01  9.09787518e-01 
 6.64847600e-07  9.10000000e-01  9.09789058e-01 
 6.65947600e-07  9.10000000e-01  9.09790586e-01 
 6.67047600e-07  9.10000000e-01  9.09792102e-01 
 6.68147600e-07  9.10000000e-01  9.09793607e-01 
 6.69247600e-07  9.10000000e-01  9.09795100e-01 
 6.70347600e-07  9.10000000e-01  9.09796581e-01 
 6.71447600e-07  9.10000000e-01  9.09798051e-01 
 6.72547600e-07  9.10000000e-01  9.09799509e-01 
 6.73647600e-07  9.10000000e-01  9.09800957e-01 
 6.74747600e-07  9.10000000e-01  9.09802393e-01 
 6.75847600e-07  9.10000000e-01  9.09803818e-01 
 6.76947600e-07  9.10000000e-01  9.09805231e-01 
 6.78047600e-07  9.10000000e-01  9.09806634e-01 
 6.79147600e-07  9.10000000e-01  9.09808026e-01 
 6.80247600e-07  9.10000000e-01  9.09809408e-01 
 6.81347600e-07  9.10000000e-01  9.09810778e-01 
 6.82447600e-07  9.10000000e-01  9.09812138e-01 
 6.83547600e-07  9.10000000e-01  9.09813488e-01 
 6.84647600e-07  9.10000000e-01  9.09814827e-01 
 6.85747600e-07  9.10000000e-01  9.09816155e-01 
 6.86847600e-07  9.10000000e-01  9.09817474e-01 
 6.87947600e-07  9.10000000e-01  9.09818782e-01 
 6.89047600e-07  9.10000000e-01  9.09820080e-01 
 6.90147600e-07  9.10000000e-01  9.09821368e-01 
 6.91247600e-07  9.10000000e-01  9.09822646e-01 
 6.92347600e-07  9.10000000e-01  9.09823914e-01 
 6.93447600e-07  9.10000000e-01  9.09825172e-01 
 6.94547600e-07  9.10000000e-01  9.09826421e-01 
 6.95647600e-07  9.10000000e-01  9.09827660e-01 
 6.96747600e-07  9.10000000e-01  9.09828889e-01 
 6.97847600e-07  9.10000000e-01  9.09830109e-01 
 6.98947600e-07  9.10000000e-01  9.09831319e-01 
 7.00047600e-07  9.10000000e-01  9.09832520e-01 
 7.01147600e-07  9.10000000e-01  9.09833712e-01 
 7.02247600e-07  9.10000000e-01  9.09834894e-01 
 7.03347600e-07  9.10000000e-01  9.09836068e-01 
 7.04447600e-07  9.10000000e-01  9.09837232e-01 
 7.05547600e-07  9.10000000e-01  9.09838387e-01 
 7.06647600e-07  9.10000000e-01  9.09839533e-01 
 7.07747600e-07  9.10000000e-01  9.09840671e-01 
 7.08847600e-07  9.10000000e-01  9.09841800e-01 
 7.09947600e-07  9.10000000e-01  9.09842919e-01 
 7.11047600e-07  9.10000000e-01  9.09844031e-01 
 7.12147600e-07  9.10000000e-01  9.09845133e-01 
 7.13247600e-07  9.10000000e-01  9.09846227e-01 
 7.14347600e-07  9.10000000e-01  9.09847313e-01 
 7.15447600e-07  9.10000000e-01  9.09848390e-01 
 7.16547600e-07  9.10000000e-01  9.09849459e-01 
 7.17647600e-07  9.10000000e-01  9.09850520e-01 
 7.18747600e-07  9.10000000e-01  9.09851572e-01 
 7.19847600e-07  9.10000000e-01  9.09852616e-01 
 7.20947600e-07  9.10000000e-01  9.09853652e-01 
 7.22047600e-07  9.10000000e-01  9.09854680e-01 
 7.23147600e-07  9.10000000e-01  9.09855701e-01 
 7.24247600e-07  9.10000000e-01  9.09856713e-01 
 7.25347600e-07  9.10000000e-01  9.09857717e-01 
 7.26447600e-07  9.10000000e-01  9.09858714e-01 
 7.27547600e-07  9.10000000e-01  9.09859703e-01 
 7.28647600e-07  9.10000000e-01  9.09860684e-01 
 7.29747600e-07  9.10000000e-01  9.09861658e-01 
 7.30847600e-07  9.10000000e-01  9.09862624e-01 
 7.31947600e-07  9.10000000e-01  9.09863583e-01 
 7.33047600e-07  9.10000000e-01  9.09864534e-01 
 7.34147600e-07  9.10000000e-01  9.09865478e-01 
 7.35247600e-07  9.10000000e-01  9.09866414e-01 
 7.36347600e-07  9.10000000e-01  9.09867344e-01 
 7.37447600e-07  9.10000000e-01  9.09868266e-01 
 7.38547600e-07  9.10000000e-01  9.09869181e-01 
 7.39647600e-07  9.10000000e-01  9.09870089e-01 
 7.40747600e-07  9.10000000e-01  9.09870990e-01 
 7.41847600e-07  9.10000000e-01  9.09871884e-01 
 7.42947600e-07  9.10000000e-01  9.09872771e-01 
 7.44047600e-07  9.10000000e-01  9.09873651e-01 
 7.45147600e-07  9.10000000e-01  9.09874524e-01 
 7.46247600e-07  9.10000000e-01  9.09875391e-01 
 7.47347600e-07  9.10000000e-01  9.09876250e-01 
 7.48447600e-07  9.10000000e-01  9.09877104e-01 
 7.49547600e-07  9.10000000e-01  9.09877950e-01 
 7.50647600e-07  9.10000000e-01  9.09878790e-01 
 7.51747600e-07  9.10000000e-01  9.09879624e-01 
 7.52847600e-07  9.10000000e-01  9.09880451e-01 
 7.53947600e-07  9.10000000e-01  9.09881272e-01 
 7.55047600e-07  9.10000000e-01  9.09882086e-01 
 7.56147600e-07  9.10000000e-01  9.09882894e-01 
 7.57247600e-07  9.10000000e-01  9.09883696e-01 
 7.58347600e-07  9.10000000e-01  9.09884491e-01 
 7.59447600e-07  9.10000000e-01  9.09885281e-01 
 7.60547600e-07  9.10000000e-01  9.09886064e-01 
 7.61647600e-07  9.10000000e-01  9.09886841e-01 
 7.62747600e-07  9.10000000e-01  9.09887612e-01 
 7.63847600e-07  9.10000000e-01  9.09888377e-01 
 7.64947600e-07  9.10000000e-01  9.09889137e-01 
 7.66047600e-07  9.10000000e-01  9.09889890e-01 
 7.67147600e-07  9.10000000e-01  9.09890638e-01 
 7.68247600e-07  9.10000000e-01  9.09891380e-01 
 7.69347600e-07  9.10000000e-01  9.09892116e-01 
 7.70447600e-07  9.10000000e-01  9.09892846e-01 
 7.71547600e-07  9.10000000e-01  9.09893571e-01 
 7.72647600e-07  9.10000000e-01  9.09894290e-01 
 7.73747600e-07  9.10000000e-01  9.09895003e-01 
 7.74847600e-07  9.10000000e-01  9.09895711e-01 
 7.75947600e-07  9.10000000e-01  9.09896414e-01 
 7.77047600e-07  9.10000000e-01  9.09897111e-01 
 7.78147600e-07  9.10000000e-01  9.09897803e-01 
 7.79247600e-07  9.10000000e-01  9.09898489e-01 
 7.80347600e-07  9.10000000e-01  9.09899170e-01 
 7.81447600e-07  9.10000000e-01  9.09899846e-01 
 7.82547600e-07  9.10000000e-01  9.09900516e-01 
 7.83647600e-07  9.10000000e-01  9.09901182e-01 
 7.84747600e-07  9.10000000e-01  9.09901842e-01 
 7.85847600e-07  9.10000000e-01  9.09902497e-01 
 7.86947600e-07  9.10000000e-01  9.09903147e-01 
 7.88047600e-07  9.10000000e-01  9.09903792e-01 
 7.89147600e-07  9.10000000e-01  9.09904432e-01 
 7.90247600e-07  9.10000000e-01  9.09905067e-01 
 7.91347600e-07  9.10000000e-01  9.09905697e-01 
 7.92447600e-07  9.10000000e-01  9.09906322e-01 
 7.93547600e-07  9.10000000e-01  9.09906942e-01 
 7.94647600e-07  9.10000000e-01  9.09907558e-01 
 7.95747600e-07  9.10000000e-01  9.09908169e-01 
 7.96847600e-07  9.10000000e-01  9.09908775e-01 
 7.97947600e-07  9.10000000e-01  9.09909376e-01 
 7.99047600e-07  9.10000000e-01  9.09909973e-01 
 8.00147600e-07  9.10000000e-01  9.09910565e-01 
 8.01247600e-07  9.10000000e-01  9.09911152e-01 
 8.02347600e-07  9.10000000e-01  9.09911735e-01 
 8.03447600e-07  9.10000000e-01  9.09912314e-01 
 8.04547600e-07  9.10000000e-01  9.09912888e-01 
 8.05647600e-07  9.10000000e-01  9.09913457e-01 
 8.06747600e-07  9.10000000e-01  9.09914022e-01 
 8.07847600e-07  9.10000000e-01  9.09914583e-01 
 8.08947600e-07  9.10000000e-01  9.09915140e-01 
 8.10047600e-07  9.10000000e-01  9.09915692e-01 
 8.11147600e-07  9.10000000e-01  9.09916239e-01 
 8.12247600e-07  9.10000000e-01  9.09916783e-01 
 8.13347600e-07  9.10000000e-01  9.09917322e-01 
 8.14447600e-07  9.10000000e-01  9.09917858e-01 
 8.15547600e-07  9.10000000e-01  9.09918389e-01 
 8.16647600e-07  9.10000000e-01  9.09918916e-01 
 8.17747600e-07  9.10000000e-01  9.09919438e-01 
 8.18847600e-07  9.10000000e-01  9.09919957e-01 
 8.19947600e-07  9.10000000e-01  9.09920472e-01 
 8.21047600e-07  9.10000000e-01  9.09920983e-01 
 8.22147600e-07  9.10000000e-01  9.09921490e-01 
 8.23247600e-07  9.10000000e-01  9.09921993e-01 
 8.24347600e-07  9.10000000e-01  9.09922492e-01 
 8.25447600e-07  9.10000000e-01  9.09922987e-01 
 8.26547600e-07  9.10000000e-01  9.09923478e-01 
 8.27647600e-07  9.10000000e-01  9.09923966e-01 
 8.28747600e-07  9.10000000e-01  9.09924449e-01 
 8.29847600e-07  9.10000000e-01  9.09924929e-01 
 8.30947600e-07  9.10000000e-01  9.09925406e-01 
 8.32047600e-07  9.10000000e-01  9.09925878e-01 
 8.33147600e-07  9.10000000e-01  9.09926347e-01 
 8.34247600e-07  9.10000000e-01  9.09926812e-01 
 8.35347600e-07  9.10000000e-01  9.09927274e-01 
 8.36447600e-07  9.10000000e-01  9.09927732e-01 
 8.37547600e-07  9.10000000e-01  9.09928187e-01 
 8.38647600e-07  9.10000000e-01  9.09928638e-01 
 8.39747600e-07  9.10000000e-01  9.09929086e-01 
 8.40847600e-07  9.10000000e-01  9.09929530e-01 
 8.41947600e-07  9.10000000e-01  9.09929970e-01 
 8.43047600e-07  9.10000000e-01  9.09930408e-01 
 8.44147600e-07  9.10000000e-01  9.09930841e-01 
 8.45247600e-07  9.10000000e-01  9.09931272e-01 
 8.46347600e-07  9.10000000e-01  9.09931699e-01 
 8.47447600e-07  9.10000000e-01  9.09932123e-01 
 8.48547600e-07  9.10000000e-01  9.09932544e-01 
 8.49647600e-07  9.10000000e-01  9.09932961e-01 
 8.50747600e-07  9.10000000e-01  9.09933375e-01 
 8.51847600e-07  9.10000000e-01  9.09933786e-01 
 8.52947600e-07  9.10000000e-01  9.09934194e-01 
 8.54047600e-07  9.10000000e-01  9.09934598e-01 
 8.55147600e-07  9.10000000e-01  9.09934999e-01 
 8.56247600e-07  9.10000000e-01  9.09935398e-01 
 8.57347600e-07  9.10000000e-01  9.09935793e-01 
 8.58447600e-07  9.10000000e-01  9.09936185e-01 
 8.59547600e-07  9.10000000e-01  9.09936574e-01 
 8.60647600e-07  9.10000000e-01  9.09936960e-01 
 8.61747600e-07  9.10000000e-01  9.09937344e-01 
 8.62847600e-07  9.10000000e-01  9.09937724e-01 
 8.63947600e-07  9.10000000e-01  9.09938101e-01 
 8.65047600e-07  9.10000000e-01  9.09938475e-01 
 8.66147600e-07  9.10000000e-01  9.09938847e-01 
 8.67247600e-07  9.10000000e-01  9.09939215e-01 
 8.68347600e-07  9.10000000e-01  9.09939581e-01 
 8.69447600e-07  9.10000000e-01  9.09939944e-01 
 8.70547600e-07  9.10000000e-01  9.09940304e-01 
 8.71647600e-07  9.10000000e-01  9.09940661e-01 
 8.72747600e-07  9.10000000e-01  9.09941015e-01 
 8.73847600e-07  9.10000000e-01  9.09941367e-01 
 8.74947600e-07  9.10000000e-01  9.09941716e-01 
 8.76047600e-07  9.10000000e-01  9.09942062e-01 
 8.77147600e-07  9.10000000e-01  9.09942406e-01 
 8.78247600e-07  9.10000000e-01  9.09942747e-01 
 8.79347600e-07  9.10000000e-01  9.09943085e-01 
 8.80447600e-07  9.10000000e-01  9.09943421e-01 
 8.81547600e-07  9.10000000e-01  9.09943754e-01 
 8.82647600e-07  9.10000000e-01  9.09944084e-01 
 8.83747600e-07  9.10000000e-01  9.09944412e-01 
 8.84847600e-07  9.10000000e-01  9.09944738e-01 
 8.85947600e-07  9.10000000e-01  9.09945061e-01 
 8.87047600e-07  9.10000000e-01  9.09945381e-01 
 8.88147600e-07  9.10000000e-01  9.09945699e-01 
 8.89247600e-07  9.10000000e-01  9.09946014e-01 
 8.90347600e-07  9.10000000e-01  9.09946327e-01 
 8.91447600e-07  9.10000000e-01  9.09946638e-01 
 8.92547600e-07  9.10000000e-01  9.09946946e-01 
 8.93647600e-07  9.10000000e-01  9.09947252e-01 
 8.94747600e-07  9.10000000e-01  9.09947555e-01 
 8.95847600e-07  9.10000000e-01  9.09947856e-01 
 8.96947600e-07  9.10000000e-01  9.09948155e-01 
 8.98047600e-07  9.10000000e-01  9.09948452e-01 
 8.99147600e-07  9.10000000e-01  9.09948746e-01 
 9.00247600e-07  9.10000000e-01  9.09949038e-01 
 9.01347600e-07  9.10000000e-01  9.09949327e-01 
 9.02447600e-07  9.10000000e-01  9.09949615e-01 
 9.03547600e-07  9.10000000e-01  9.09949900e-01 
 9.04647600e-07  9.10000000e-01  9.09950183e-01 
 9.05747600e-07  9.10000000e-01  9.09950463e-01 
 9.06847600e-07  9.10000000e-01  9.09950742e-01 
 9.07947600e-07  9.10000000e-01  9.09951018e-01 
 9.09047600e-07  9.10000000e-01  9.09951292e-01 
 9.10147600e-07  9.10000000e-01  9.09951565e-01 
 9.11247600e-07  9.10000000e-01  9.09951835e-01 
 9.12347600e-07  9.10000000e-01  9.09952103e-01 
 9.13447600e-07  9.10000000e-01  9.09952368e-01 
 9.14547600e-07  9.10000000e-01  9.09952632e-01 
 9.15647600e-07  9.10000000e-01  9.09952894e-01 
 9.16747600e-07  9.10000000e-01  9.09953154e-01 
 9.17847600e-07  9.10000000e-01  9.09953411e-01 
 9.18947600e-07  9.10000000e-01  9.09953667e-01 
 9.20047600e-07  9.10000000e-01  9.09953921e-01 
 9.21147600e-07  9.10000000e-01  9.09954173e-01 
 9.22247600e-07  9.10000000e-01  9.09954422e-01 
 9.23347600e-07  9.10000000e-01  9.09954670e-01 
 9.24447600e-07  9.10000000e-01  9.09954916e-01 
 9.25547600e-07  9.10000000e-01  9.09955160e-01 
 9.26647600e-07  9.10000000e-01  9.09955403e-01 
 9.27747600e-07  9.10000000e-01  9.09955643e-01 
 9.28847600e-07  9.10000000e-01  9.09955881e-01 
 9.29947600e-07  9.10000000e-01  9.09956118e-01 
 9.31047600e-07  9.10000000e-01  9.09956353e-01 
 9.32147600e-07  9.10000000e-01  9.09956586e-01 
 9.33247600e-07  9.10000000e-01  9.09956817e-01 
 9.34347600e-07  9.10000000e-01  9.09957046e-01 
 9.35447600e-07  9.10000000e-01  9.09957274e-01 
 9.36547600e-07  9.10000000e-01  9.09957499e-01 
 9.37647600e-07  9.10000000e-01  9.09957723e-01 
 9.38747600e-07  9.10000000e-01  9.09957946e-01 
 9.39847600e-07  9.10000000e-01  9.09958166e-01 
 9.40947600e-07  9.10000000e-01  9.09958385e-01 
 9.42047600e-07  9.10000000e-01  9.09958602e-01 
 9.43147600e-07  9.10000000e-01  9.09958818e-01 
 9.44247600e-07  9.10000000e-01  9.09959032e-01 
 9.45347600e-07  9.10000000e-01  9.09959244e-01 
 9.46447600e-07  9.10000000e-01  9.09959455e-01 
 9.47547600e-07  9.10000000e-01  9.09959663e-01 
 9.48647600e-07  9.10000000e-01  9.09959871e-01 
 9.49747600e-07  9.10000000e-01  9.09960076e-01 
 9.50847600e-07  9.10000000e-01  9.09960281e-01 
 9.51947600e-07  9.10000000e-01  9.09960483e-01 
 9.53047600e-07  9.10000000e-01  9.09960684e-01 
 9.54147600e-07  9.10000000e-01  9.09960883e-01 
 9.55247600e-07  9.10000000e-01  9.09961081e-01 
 9.56347600e-07  9.10000000e-01  9.09961278e-01 
 9.57447600e-07  9.10000000e-01  9.09961472e-01 
 9.58547600e-07  9.10000000e-01  9.09961666e-01 
 9.59647600e-07  9.10000000e-01  9.09961857e-01 
 9.60747600e-07  9.10000000e-01  9.09962048e-01 
 9.61847600e-07  9.10000000e-01  9.09962237e-01 
 9.62947600e-07  9.10000000e-01  9.09962424e-01 
 9.64047600e-07  9.10000000e-01  9.09962610e-01 
 9.65147600e-07  9.10000000e-01  9.09962794e-01 
 9.66247600e-07  9.10000000e-01  9.09962977e-01 
 9.67347600e-07  9.10000000e-01  9.09963159e-01 
 9.68447600e-07  9.10000000e-01  9.09963339e-01 
 9.69547600e-07  9.10000000e-01  9.09963518e-01 
 9.70647600e-07  9.10000000e-01  9.09963696e-01 
 9.71747600e-07  9.10000000e-01  9.09963872e-01 
 9.72847600e-07  9.10000000e-01  9.09964046e-01 
 9.73947600e-07  9.10000000e-01  9.09964220e-01 
 9.75047600e-07  9.10000000e-01  9.09964392e-01 
 9.76147600e-07  9.10000000e-01  9.09964562e-01 
 9.77247600e-07  9.10000000e-01  9.09964732e-01 
 9.78347600e-07  9.10000000e-01  9.09964900e-01 
 9.79447600e-07  9.10000000e-01  9.09965067e-01 
 9.80547600e-07  9.10000000e-01  9.09965232e-01 
 9.81647600e-07  9.10000000e-01  9.09965396e-01 
 9.82747600e-07  9.10000000e-01  9.09965559e-01 
 9.83847600e-07  9.10000000e-01  9.09965721e-01 
 9.84947600e-07  9.10000000e-01  9.09965881e-01 
 9.86047600e-07  9.10000000e-01  9.09966040e-01 
 9.87147600e-07  9.10000000e-01  9.09966198e-01 
 9.88247600e-07  9.10000000e-01  9.09966355e-01 
 9.89347600e-07  9.10000000e-01  9.09966510e-01 
 9.90447600e-07  9.10000000e-01  9.09966665e-01 
 9.91547600e-07  9.10000000e-01  9.09966818e-01 
 9.92647600e-07  9.10000000e-01  9.09966970e-01 
 9.93747600e-07  9.10000000e-01  9.09967120e-01 
 9.94847600e-07  9.10000000e-01  9.09967270e-01 
 9.95947600e-07  9.10000000e-01  9.09967418e-01 
 9.97047600e-07  9.10000000e-01  9.09967565e-01 
 9.98147600e-07  9.10000000e-01  9.09967711e-01 
 9.99247600e-07  9.10000000e-01  9.09967856e-01 
 1.00034760e-06  9.10000000e-01  9.09968000e-01 
 1.00144760e-06  9.10000000e-01  9.09968143e-01 
 1.00254760e-06  9.10000000e-01  9.09968285e-01 
 1.00364760e-06  9.10000000e-01  9.09968425e-01 
 1.00474760e-06  9.10000000e-01  9.09968565e-01 
 1.00584760e-06  9.10000000e-01  9.09968703e-01 
 1.00694760e-06  9.10000000e-01  9.09968840e-01 
 1.00804760e-06  9.10000000e-01  9.09968976e-01 
 1.00914760e-06  9.10000000e-01  9.09969112e-01 
 1.01024760e-06  9.10000000e-01  9.09969246e-01 
 1.01134760e-06  9.10000000e-01  9.09969379e-01 
 1.01244760e-06  9.10000000e-01  9.09969511e-01 
 1.01354760e-06  9.10000000e-01  9.09969642e-01 
 1.01464760e-06  9.10000000e-01  9.09969772e-01 
 1.01574760e-06  9.10000000e-01  9.09969901e-01 
 1.01684760e-06  9.10000000e-01  9.09970029e-01 
 1.01794760e-06  9.10000000e-01  9.09970156e-01 
 1.01904760e-06  9.10000000e-01  9.09970282e-01 
 1.02014760e-06  9.10000000e-01  9.09970407e-01 
 1.02124760e-06  9.10000000e-01  9.09970531e-01 
 1.02234760e-06  9.10000000e-01  9.09970654e-01 
 1.02344760e-06  9.10000000e-01  9.09970776e-01 
 1.02454760e-06  9.10000000e-01  9.09970898e-01 
 1.02564760e-06  9.10000000e-01  9.09971018e-01 
 1.02674760e-06  9.10000000e-01  9.09971137e-01 
 1.02784760e-06  9.10000000e-01  9.09971256e-01 
 1.02894760e-06  9.10000000e-01  9.09971373e-01 
 1.03004760e-06  9.10000000e-01  9.09971490e-01 
 1.03114760e-06  9.10000000e-01  9.09971606e-01 
 1.03224760e-06  9.10000000e-01  9.09971720e-01 
 1.03334760e-06  9.10000000e-01  9.09971834e-01 
 1.03444760e-06  9.10000000e-01  9.09971947e-01 
 1.03554760e-06  9.10000000e-01  9.09972059e-01 
 1.03664760e-06  9.10000000e-01  9.09972171e-01 
 1.03774760e-06  9.10000000e-01  9.09972281e-01 
 1.03884760e-06  9.10000000e-01  9.09972391e-01 
 1.03994760e-06  9.10000000e-01  9.09972500e-01 
 1.04104760e-06  9.10000000e-01  9.09972607e-01 
 1.04214760e-06  9.10000000e-01  9.09972714e-01 
 1.04324760e-06  9.10000000e-01  9.09972821e-01 
 1.04434760e-06  9.10000000e-01  9.09972926e-01 
 1.04544760e-06  9.10000000e-01  9.09973031e-01 
 1.04654760e-06  9.10000000e-01  9.09973134e-01 
 1.04764760e-06  9.10000000e-01  9.09973237e-01 
 1.04874760e-06  9.10000000e-01  9.09973340e-01 
 1.04984760e-06  9.10000000e-01  9.09973441e-01 
 1.05094760e-06  9.10000000e-01  9.09973541e-01 
 1.05204760e-06  9.10000000e-01  9.09973641e-01 
 1.05314760e-06  9.10000000e-01  9.09973740e-01 
 1.05424760e-06  9.10000000e-01  9.09973839e-01 
 1.05534760e-06  9.10000000e-01  9.09973936e-01 
 1.05644760e-06  9.10000000e-01  9.09974033e-01 
 1.05754760e-06  9.10000000e-01  9.09974129e-01 
 1.05864760e-06  9.10000000e-01  9.09974224e-01 
 1.05974760e-06  9.10000000e-01  9.09974319e-01 
 1.06084760e-06  9.10000000e-01  9.09974412e-01 
 1.06194760e-06  9.10000000e-01  9.09974506e-01 
 1.06304760e-06  9.10000000e-01  9.09974598e-01 
 1.06414760e-06  9.10000000e-01  9.09974689e-01 
 1.06524760e-06  9.10000000e-01  9.09974780e-01 
 1.06634760e-06  9.10000000e-01  9.09974871e-01 
 1.06744760e-06  9.10000000e-01  9.09974960e-01 
 1.06854760e-06  9.10000000e-01  9.09975049e-01 
 1.06964760e-06  9.10000000e-01  9.09975137e-01 
 1.07074760e-06  9.10000000e-01  9.09975225e-01 
 1.07184760e-06  9.10000000e-01  9.09975311e-01 
 1.07294760e-06  9.10000000e-01  9.09975397e-01 
 1.07404760e-06  9.10000000e-01  9.09975483e-01 
 1.07514760e-06  9.10000000e-01  9.09975568e-01 
 1.07624760e-06  9.10000000e-01  9.09975652e-01 
 1.07734760e-06  9.10000000e-01  9.09975735e-01 
 1.07844760e-06  9.10000000e-01  9.09975818e-01 
 1.07954760e-06  9.10000000e-01  9.09975900e-01 
 1.08064760e-06  9.10000000e-01  9.09975982e-01 
 1.08174760e-06  9.10000000e-01  9.09976063e-01 
 1.08284760e-06  9.10000000e-01  9.09976143e-01 
 1.08394760e-06  9.10000000e-01  9.09976223e-01 
 1.08504760e-06  9.10000000e-01  9.09976302e-01 
 1.08614760e-06  9.10000000e-01  9.09976380e-01 
 1.08724760e-06  9.10000000e-01  9.09976458e-01 
 1.08834760e-06  9.10000000e-01  9.09976535e-01 
 1.08944760e-06  9.10000000e-01  9.09976612e-01 
 1.09054760e-06  9.10000000e-01  9.09976688e-01 
 1.09164760e-06  9.10000000e-01  9.09976763e-01 
 1.09274760e-06  9.10000000e-01  9.09976838e-01 
 1.09384760e-06  9.10000000e-01  9.09976912e-01 
 1.09494760e-06  9.10000000e-01  9.09976986e-01 
 1.09604760e-06  9.10000000e-01  9.09977059e-01 
 1.09714760e-06  9.10000000e-01  9.09977132e-01 
 1.09824760e-06  9.10000000e-01  9.09977204e-01 
 1.09934760e-06  9.10000000e-01  9.09977275e-01 
 1.10000000e-06  9.10000000e-01  9.09977317e-01 
