 v-sweep         Vout           
 0.00000000e+00  2.12273419e-02 
 1.00000000e-02  2.64631848e-02 
 2.00000000e-02  3.25338397e-02 
 3.00000000e-02  3.94000305e-02 
 4.00000000e-02  4.69786425e-02 
 5.00000000e-02  5.51598479e-02 
 6.00000000e-02  6.38254253e-02 
 7.00000000e-02  7.28640002e-02 
 8.00000000e-02  8.21801346e-02 
 9.00000000e-02  9.16078674e-02 
 1.00000000e-01  1.01357837e-01 
 1.10000000e-01  1.11118593e-01 
 1.20000000e-01  1.20948979e-01 
 1.30000000e-01  1.30827420e-01 
 1.40000000e-01  1.40738854e-01 
 1.50000000e-01  1.50672873e-01 
 1.60000000e-01  1.60622319e-01 
 1.70000000e-01  1.70582289e-01 
 1.80000000e-01  1.80549433e-01 
 1.90000000e-01  1.90521470e-01 
 2.00000000e-01  2.00496849e-01 
 2.10000000e-01  2.10474525e-01 
 2.20000000e-01  2.20453801e-01 
 2.30000000e-01  2.30434220e-01 
 2.40000000e-01  2.40415493e-01 
 2.50000000e-01  2.50397442e-01 
 2.60000000e-01  2.60379968e-01 
 2.70000000e-01  2.70363022e-01 
 2.80000000e-01  2.80346588e-01 
 2.90000000e-01  2.90330669e-01 
 3.00000000e-01  3.00315290e-01 
 3.10000000e-01  3.10300501e-01 
 3.20000000e-01  3.20286389e-01 
 3.30000000e-01  3.30273083e-01 
 3.40000000e-01  3.40260691e-01 
 3.50000000e-01  3.50249196e-01 
 3.60000000e-01  3.60238438e-01 
 3.70000000e-01  3.70228217e-01 
 3.80000000e-01  3.80218370e-01 
 3.90000000e-01  3.90208793e-01 
 4.00000000e-01  4.00199420e-01 
 4.10000000e-01  4.10190211e-01 
 4.20000000e-01  4.20181138e-01 
 4.30000000e-01  4.30172177e-01 
 4.40000000e-01  4.40163314e-01 
 4.50000000e-01  4.50154533e-01 
 4.60000000e-01  4.60145790e-01 
 4.70000000e-01  4.70137149e-01 
 4.80000000e-01  4.80128562e-01 
 4.90000000e-01  4.90120027e-01 
 5.00000000e-01  5.00111541e-01 
 5.10000000e-01  5.10103106e-01 
 5.20000000e-01  5.20094727e-01 
 5.30000000e-01  5.30086411e-01 
 5.40000000e-01  5.40078174e-01 
 5.50000000e-01  5.50070037e-01 
 5.60000000e-01  5.60062034e-01 
 5.70000000e-01  5.70054210e-01 
 5.80000000e-01  5.80046631e-01 
 5.90000000e-01  5.90039382e-01 
 6.00000000e-01  6.00032575e-01 
 6.10000000e-01  6.10026336e-01 
 6.20000000e-01  6.20020796e-01 
 6.30000000e-01  6.30016059e-01 
 6.40000000e-01  6.40012173e-01 
 6.50000000e-01  6.50009109e-01 
 6.60000000e-01  6.60006777e-01 
 6.70000000e-01  6.70005050e-01 
 6.80000000e-01  6.80003795e-01 
 6.90000000e-01  6.90002892e-01 
 7.00000000e-01  7.00002246e-01 
 7.10000000e-01  7.10001780e-01 
 7.20000000e-01  7.20001443e-01 
 7.30000000e-01  7.30001194e-01 
 7.40000000e-01  7.40001007e-01 
 7.50000000e-01  7.50000863e-01 
 7.60000000e-01  7.60000749e-01 
 7.70000000e-01  7.70000655e-01 
 7.80000000e-01  7.80000575e-01 
 7.90000000e-01  7.90000505e-01 
 8.00000000e-01  8.00000441e-01 
 8.10000000e-01  8.10000382e-01 
 8.20000000e-01  8.20000326e-01 
 8.30000000e-01  8.30000273e-01 
 8.40000000e-01  8.40000220e-01 
 8.50000000e-01  8.50000168e-01 
 8.60000000e-01  8.60000115e-01 
 8.70000000e-01  8.70000061e-01 
 8.80000000e-01  8.80000004e-01 
 8.90000000e-01  8.89999943e-01 
 9.00000000e-01  8.99999874e-01 
 9.10000000e-01  9.09999795e-01 
 9.20000000e-01  9.19999700e-01 
 9.30000000e-01  9.29999580e-01 
 9.40000000e-01  9.39999425e-01 
 9.50000000e-01  9.49999218e-01 
 9.60000000e-01  9.59998934e-01 
 9.70000000e-01  9.69998540e-01 
 9.80000000e-01  9.79997985e-01 
 9.90000000e-01  9.89997197e-01 
 1.00000000e+00  9.99996074e-01 
 1.01000000e+00  1.00999447e+00 
 1.02000000e+00  1.01999218e+00 
 1.03000000e+00  1.02998890e+00 
 1.04000000e+00  1.03998422e+00 
 1.05000000e+00  1.04997753e+00 
 1.06000000e+00  1.05996800e+00 
 1.07000000e+00  1.06995444e+00 
 1.08000000e+00  1.07993518e+00 
 1.09000000e+00  1.08990786e+00 
 1.10000000e+00  1.09986920e+00 
 1.11000000e+00  1.10981462e+00 
 1.12000000e+00  1.11973777e+00 
 1.13000000e+00  1.12962993e+00 
 1.14000000e+00  1.13947922e+00 
 1.15000000e+00  1.14926971e+00 
 1.16000000e+00  1.15898040e+00 
 1.17000000e+00  1.16858434e+00 
 1.18000000e+00  1.17804817e+00 
 1.19000000e+00  1.18733245e+00 
 1.20000000e+00  1.19639300e+00 
 1.21000000e+00  1.20518324e+00 
 1.22000000e+00  1.21365743e+00 
 1.23000000e+00  1.22177440e+00 
 1.24000000e+00  1.22950022e+00 
 1.25000000e+00  1.23681120e+00 
 1.26000000e+00  1.24369365e+00 
 1.27000000e+00  1.25014430e+00 
 1.28000000e+00  1.25616868e+00 
 1.29000000e+00  1.26177937e+00 
 1.30000000e+00  1.26699416e+00 
 1.31000000e+00  1.27183437e+00 
 1.32000000e+00  1.27632331e+00 
 1.33000000e+00  1.28048514e+00 
 1.34000000e+00  1.28434396e+00 
 1.35000000e+00  1.28792323e+00 
 1.36000000e+00  1.29124535e+00 
 1.37000000e+00  1.29433139e+00 
 1.38000000e+00  1.29720097e+00 
 1.39000000e+00  1.29987225e+00 
 1.40000000e+00  1.30236189e+00 
 1.41000000e+00  1.30468515e+00 
 1.42000000e+00  1.30685596e+00 
 1.43000000e+00  1.30888697e+00 
 1.44000000e+00  1.31078971e+00 
 1.45000000e+00  1.31257462e+00 
 1.46000000e+00  1.31425121e+00 
 1.47000000e+00  1.31582808e+00 
 1.48000000e+00  1.31731305e+00 
 1.49000000e+00  1.31871324e+00 
 1.50000000e+00  1.32003509e+00 
 1.51000000e+00  1.32128449e+00 
 1.52000000e+00  1.32246679e+00 
 1.53000000e+00  1.32358685e+00 
 1.54000000e+00  1.32464912e+00 
 1.55000000e+00  1.32565767e+00 
 1.56000000e+00  1.32661622e+00 
 1.57000000e+00  1.32752816e+00 
 1.58000000e+00  1.32839661e+00 
 1.59000000e+00  1.32922443e+00 
 1.60000000e+00  1.33001426e+00 
 1.61000000e+00  1.33076850e+00 
 1.62000000e+00  1.33148939e+00 
 1.63000000e+00  1.33217899e+00 
 1.64000000e+00  1.33283919e+00 
 1.65000000e+00  1.33347174e+00 
 1.66000000e+00  1.33407826e+00 
 1.67000000e+00  1.33466026e+00 
 1.68000000e+00  1.33521914e+00 
 1.69000000e+00  1.33575618e+00 
 1.70000000e+00  1.33627259e+00 
 1.71000000e+00  1.33676950e+00 
 1.72000000e+00  1.33724793e+00 
 1.73000000e+00  1.33770888e+00 
 1.74000000e+00  1.33815323e+00 
 1.75000000e+00  1.33858185e+00 
 1.76000000e+00  1.33899551e+00 
 1.77000000e+00  1.33939498e+00 
 1.78000000e+00  1.33978093e+00 
 1.79000000e+00  1.34015403e+00 
 1.80000000e+00  1.34051488e+00 
