 time            v(inp)          v(out)         
 0.00000000e+00  9.00000000e-01  8.99999870e-01 
 1.10000000e-11  9.00000000e-01  8.99999870e-01 
 2.20000000e-11  9.00000000e-01  8.99999870e-01 
 4.40000000e-11  9.00000000e-01  8.99999870e-01 
 8.80000000e-11  9.00000000e-01  8.99999870e-01 
 1.76000000e-10  9.00000000e-01  8.99999870e-01 
 3.52000000e-10  9.00000000e-01  8.99999870e-01 
 7.04000000e-10  9.00000000e-01  8.99999870e-01 
 1.40800000e-09  9.00000000e-01  8.99999870e-01 
 2.50800000e-09  9.00000000e-01  8.99999870e-01 
 3.60800000e-09  9.00000000e-01  8.99999870e-01 
 4.70800000e-09  9.00000000e-01  8.99999870e-01 
 5.80800000e-09  9.00000000e-01  8.99999870e-01 
 6.90800000e-09  9.00000000e-01  8.99999870e-01 
 8.00800000e-09  9.00000000e-01  8.99999870e-01 
 9.10800000e-09  9.00000000e-01  8.99999870e-01 
 1.02080000e-08  9.00000000e-01  8.99999870e-01 
 1.13080000e-08  9.00000000e-01  8.99999870e-01 
 1.24080000e-08  9.00000000e-01  8.99999870e-01 
 1.35080000e-08  9.00000000e-01  8.99999870e-01 
 1.46080000e-08  9.00000000e-01  8.99999870e-01 
 1.57080000e-08  9.00000000e-01  8.99999870e-01 
 1.68080000e-08  9.00000000e-01  8.99999870e-01 
 1.79080000e-08  9.00000000e-01  8.99999870e-01 
 1.90080000e-08  9.00000000e-01  8.99999870e-01 
 2.01080000e-08  9.00000000e-01  8.99999870e-01 
 2.12080000e-08  9.00000000e-01  8.99999870e-01 
 2.23080000e-08  9.00000000e-01  8.99999870e-01 
 2.34080000e-08  9.00000000e-01  8.99999870e-01 
 2.45080000e-08  9.00000000e-01  8.99999870e-01 
 2.56080000e-08  9.00000000e-01  8.99999870e-01 
 2.67080000e-08  9.00000000e-01  8.99999870e-01 
 2.78080000e-08  9.00000000e-01  8.99999870e-01 
 2.89080000e-08  9.00000000e-01  8.99999870e-01 
 3.00080000e-08  9.00000000e-01  8.99999870e-01 
 3.11080000e-08  9.00000000e-01  8.99999870e-01 
 3.22080000e-08  9.00000000e-01  8.99999870e-01 
 3.33080000e-08  9.00000000e-01  8.99999870e-01 
 3.44080000e-08  9.00000000e-01  8.99999870e-01 
 3.55080000e-08  9.00000000e-01  8.99999870e-01 
 3.66080000e-08  9.00000000e-01  8.99999870e-01 
 3.77080000e-08  9.00000000e-01  8.99999870e-01 
 3.88080000e-08  9.00000000e-01  8.99999870e-01 
 3.99080000e-08  9.00000000e-01  8.99999870e-01 
 4.10080000e-08  9.00000000e-01  8.99999870e-01 
 4.21080000e-08  9.00000000e-01  8.99999870e-01 
 4.32080000e-08  9.00000000e-01  8.99999870e-01 
 4.43080000e-08  9.00000000e-01  8.99999870e-01 
 4.54080000e-08  9.00000000e-01  8.99999870e-01 
 4.65080000e-08  9.00000000e-01  8.99999870e-01 
 4.76080000e-08  9.00000000e-01  8.99999870e-01 
 4.87080000e-08  9.00000000e-01  8.99999870e-01 
 4.98080000e-08  9.00000000e-01  8.99999870e-01 
 5.09080000e-08  9.00000000e-01  8.99999870e-01 
 5.20080000e-08  9.00000000e-01  8.99999870e-01 
 5.31080000e-08  9.00000000e-01  8.99999870e-01 
 5.42080000e-08  9.00000000e-01  8.99999870e-01 
 5.53080000e-08  9.00000000e-01  8.99999870e-01 
 5.64080000e-08  9.00000000e-01  8.99999870e-01 
 5.75080000e-08  9.00000000e-01  8.99999870e-01 
 5.86080000e-08  9.00000000e-01  8.99999870e-01 
 5.97080000e-08  9.00000000e-01  8.99999870e-01 
 6.08080000e-08  9.00000000e-01  8.99999870e-01 
 6.19080000e-08  9.00000000e-01  8.99999870e-01 
 6.30080000e-08  9.00000000e-01  8.99999870e-01 
 6.41080000e-08  9.00000000e-01  8.99999870e-01 
 6.52080000e-08  9.00000000e-01  8.99999870e-01 
 6.63080000e-08  9.00000000e-01  8.99999870e-01 
 6.74080000e-08  9.00000000e-01  8.99999870e-01 
 6.85080000e-08  9.00000000e-01  8.99999870e-01 
 6.96080000e-08  9.00000000e-01  8.99999870e-01 
 7.07080000e-08  9.00000000e-01  8.99999870e-01 
 7.18080000e-08  9.00000000e-01  8.99999870e-01 
 7.29080000e-08  9.00000000e-01  8.99999870e-01 
 7.40080000e-08  9.00000000e-01  8.99999870e-01 
 7.51080000e-08  9.00000000e-01  8.99999870e-01 
 7.62080000e-08  9.00000000e-01  8.99999870e-01 
 7.73080000e-08  9.00000000e-01  8.99999870e-01 
 7.84080000e-08  9.00000000e-01  8.99999870e-01 
 7.95080000e-08  9.00000000e-01  8.99999870e-01 
 8.06080000e-08  9.00000000e-01  8.99999870e-01 
 8.17080000e-08  9.00000000e-01  8.99999870e-01 
 8.28080000e-08  9.00000000e-01  8.99999870e-01 
 8.39080000e-08  9.00000000e-01  8.99999870e-01 
 8.50080000e-08  9.00000000e-01  8.99999870e-01 
 8.61080000e-08  9.00000000e-01  8.99999870e-01 
 8.72080000e-08  9.00000000e-01  8.99999870e-01 
 8.83080000e-08  9.00000000e-01  8.99999870e-01 
 8.94080000e-08  9.00000000e-01  8.99999870e-01 
 9.05080000e-08  9.00000000e-01  8.99999870e-01 
 9.16080000e-08  9.00000000e-01  8.99999870e-01 
 9.27080000e-08  9.00000000e-01  8.99999870e-01 
 9.38080000e-08  9.00000000e-01  8.99999870e-01 
 9.49080000e-08  9.00000000e-01  8.99999870e-01 
 9.60080000e-08  9.00000000e-01  8.99999870e-01 
 9.71080000e-08  9.00000000e-01  8.99999870e-01 
 9.82080000e-08  9.00000000e-01  8.99999870e-01 
 9.93080000e-08  9.00000000e-01  8.99999870e-01 
 1.00000000e-07  9.00000000e-01  8.99999870e-01 
 1.00001000e-07  9.01000000e-01  9.00005176e-01 
 1.00003000e-07  9.03000000e-01  9.00015809e-01 
 1.00007000e-07  9.07000000e-01  9.00037136e-01 
 1.00010000e-07  9.10000000e-01  9.00053157e-01 
 1.00010800e-07  9.10000000e-01  9.00053154e-01 
 1.00012400e-07  9.10000000e-01  9.00053148e-01 
 1.00015600e-07  9.10000000e-01  9.00053135e-01 
 1.00022000e-07  9.10000000e-01  9.00053113e-01 
 1.00034800e-07  9.10000000e-01  9.00053077e-01 
 1.00060400e-07  9.10000000e-01  9.00053036e-01 
 1.00111600e-07  9.10000000e-01  9.00053078e-01 
 1.00214000e-07  9.10000000e-01  9.00053585e-01 
 1.00418800e-07  9.10000000e-01  9.00055878e-01 
 1.00828400e-07  9.10000000e-01  9.00063343e-01 
 1.01647600e-07  9.10000000e-01  9.00081628e-01 
 1.02747600e-07  9.10000000e-01  9.00106475e-01 
 1.03847600e-07  9.10000000e-01  9.00132356e-01 
 1.04947600e-07  9.10000000e-01  9.00162041e-01 
 1.06047600e-07  9.10000000e-01  9.00196177e-01 
 1.07147600e-07  9.10000000e-01  9.00234366e-01 
 1.08247600e-07  9.10000000e-01  9.00276051e-01 
 1.09347600e-07  9.10000000e-01  9.00320744e-01 
 1.10447600e-07  9.10000000e-01  9.00368041e-01 
 1.11547600e-07  9.10000000e-01  9.00417608e-01 
 1.12647600e-07  9.10000000e-01  9.00469162e-01 
 1.13747600e-07  9.10000000e-01  9.00522456e-01 
 1.14847600e-07  9.10000000e-01  9.00577278e-01 
 1.15947600e-07  9.10000000e-01  9.00633437e-01 
 1.17047600e-07  9.10000000e-01  9.00690757e-01 
 1.18147600e-07  9.10000000e-01  9.00749086e-01 
 1.19247600e-07  9.10000000e-01  9.00808284e-01 
 1.20347600e-07  9.10000000e-01  9.00868225e-01 
 1.21447600e-07  9.10000000e-01  9.00928796e-01 
 1.22547600e-07  9.10000000e-01  9.00989892e-01 
 1.23647600e-07  9.10000000e-01  9.01051420e-01 
 1.24747600e-07  9.10000000e-01  9.01113295e-01 
 1.25847600e-07  9.10000000e-01  9.01175439e-01 
 1.26947600e-07  9.10000000e-01  9.01237784e-01 
 1.28047600e-07  9.10000000e-01  9.01300266e-01 
 1.29147600e-07  9.10000000e-01  9.01362828e-01 
 1.30247600e-07  9.10000000e-01  9.01425417e-01 
 1.31347600e-07  9.10000000e-01  9.01487988e-01 
 1.32447600e-07  9.10000000e-01  9.01550498e-01 
 1.33547600e-07  9.10000000e-01  9.01612909e-01 
 1.34647600e-07  9.10000000e-01  9.01675187e-01 
 1.35747600e-07  9.10000000e-01  9.01737301e-01 
 1.36847600e-07  9.10000000e-01  9.01799223e-01 
 1.37947600e-07  9.10000000e-01  9.01860928e-01 
 1.39047600e-07  9.10000000e-01  9.01922394e-01 
 1.40147600e-07  9.10000000e-01  9.01983601e-01 
 1.41247600e-07  9.10000000e-01  9.02044532e-01 
 1.42347600e-07  9.10000000e-01  9.02105170e-01 
 1.43447600e-07  9.10000000e-01  9.02165501e-01 
 1.44547600e-07  9.10000000e-01  9.02225512e-01 
 1.45647600e-07  9.10000000e-01  9.02285193e-01 
 1.46747600e-07  9.10000000e-01  9.02344534e-01 
 1.47847600e-07  9.10000000e-01  9.02403525e-01 
 1.48947600e-07  9.10000000e-01  9.02462161e-01 
 1.50047600e-07  9.10000000e-01  9.02520433e-01 
 1.51147600e-07  9.10000000e-01  9.02578336e-01 
 1.52247600e-07  9.10000000e-01  9.02635866e-01 
 1.53347600e-07  9.10000000e-01  9.02693019e-01 
 1.54447600e-07  9.10000000e-01  9.02749790e-01 
 1.55547600e-07  9.10000000e-01  9.02806178e-01 
 1.56647600e-07  9.10000000e-01  9.02862179e-01 
 1.57747600e-07  9.10000000e-01  9.02917792e-01 
 1.58847600e-07  9.10000000e-01  9.02973016e-01 
 1.59947600e-07  9.10000000e-01  9.03027849e-01 
 1.61047600e-07  9.10000000e-01  9.03082292e-01 
 1.62147600e-07  9.10000000e-01  9.03136343e-01 
 1.63247600e-07  9.10000000e-01  9.03190004e-01 
 1.64347600e-07  9.10000000e-01  9.03243273e-01 
 1.65447600e-07  9.10000000e-01  9.03296152e-01 
 1.66547600e-07  9.10000000e-01  9.03348641e-01 
 1.67647600e-07  9.10000000e-01  9.03400742e-01 
 1.68747600e-07  9.10000000e-01  9.03452455e-01 
 1.69847600e-07  9.10000000e-01  9.03503782e-01 
 1.70947600e-07  9.10000000e-01  9.03554724e-01 
 1.72047600e-07  9.10000000e-01  9.03605283e-01 
 1.73147600e-07  9.10000000e-01  9.03655461e-01 
 1.74247600e-07  9.10000000e-01  9.03705258e-01 
 1.75347600e-07  9.10000000e-01  9.03754678e-01 
 1.76447600e-07  9.10000000e-01  9.03803722e-01 
 1.77547600e-07  9.10000000e-01  9.03852391e-01 
 1.78647600e-07  9.10000000e-01  9.03900689e-01 
 1.79747600e-07  9.10000000e-01  9.03948617e-01 
 1.80847600e-07  9.10000000e-01  9.03996177e-01 
 1.81947600e-07  9.10000000e-01  9.04043372e-01 
 1.83047600e-07  9.10000000e-01  9.04090204e-01 
 1.84147600e-07  9.10000000e-01  9.04136675e-01 
 1.85247600e-07  9.10000000e-01  9.04182788e-01 
 1.86347600e-07  9.10000000e-01  9.04228544e-01 
 1.87447600e-07  9.10000000e-01  9.04273947e-01 
 1.88547600e-07  9.10000000e-01  9.04318998e-01 
 1.89647600e-07  9.10000000e-01  9.04363700e-01 
 1.90747600e-07  9.10000000e-01  9.04408056e-01 
 1.91847600e-07  9.10000000e-01  9.04452067e-01 
 1.92947600e-07  9.10000000e-01  9.04495736e-01 
 1.94047600e-07  9.10000000e-01  9.04539067e-01 
 1.95147600e-07  9.10000000e-01  9.04582060e-01 
 1.96247600e-07  9.10000000e-01  9.04624718e-01 
 1.97347600e-07  9.10000000e-01  9.04667045e-01 
 1.98447600e-07  9.10000000e-01  9.04709042e-01 
 1.99547600e-07  9.10000000e-01  9.04750711e-01 
 2.00647600e-07  9.10000000e-01  9.04792055e-01 
 2.01747600e-07  9.10000000e-01  9.04833077e-01 
 2.02847600e-07  9.10000000e-01  9.04873779e-01 
 2.03947600e-07  9.10000000e-01  9.04914163e-01 
 2.05047600e-07  9.10000000e-01  9.04954232e-01 
 2.06147600e-07  9.10000000e-01  9.04993988e-01 
 2.07247600e-07  9.10000000e-01  9.05033433e-01 
 2.08347600e-07  9.10000000e-01  9.05072569e-01 
 2.09447600e-07  9.10000000e-01  9.05111400e-01 
 2.10547600e-07  9.10000000e-01  9.05149926e-01 
 2.11647600e-07  9.10000000e-01  9.05188152e-01 
 2.12747600e-07  9.10000000e-01  9.05226078e-01 
 2.13847600e-07  9.10000000e-01  9.05263707e-01 
 2.14947600e-07  9.10000000e-01  9.05301042e-01 
 2.16047600e-07  9.10000000e-01  9.05338084e-01 
 2.17147600e-07  9.10000000e-01  9.05374837e-01 
 2.18247600e-07  9.10000000e-01  9.05411301e-01 
 2.19347600e-07  9.10000000e-01  9.05447479e-01 
 2.20447600e-07  9.10000000e-01  9.05483375e-01 
 2.21547600e-07  9.10000000e-01  9.05518988e-01 
 2.22647600e-07  9.10000000e-01  9.05554323e-01 
 2.23747600e-07  9.10000000e-01  9.05589380e-01 
 2.24847600e-07  9.10000000e-01  9.05624163e-01 
 2.25947600e-07  9.10000000e-01  9.05658672e-01 
 2.27047600e-07  9.10000000e-01  9.05692911e-01 
 2.28147600e-07  9.10000000e-01  9.05726882e-01 
 2.29247600e-07  9.10000000e-01  9.05760586e-01 
 2.30347600e-07  9.10000000e-01  9.05794025e-01 
 2.31447600e-07  9.10000000e-01  9.05827202e-01 
 2.32547600e-07  9.10000000e-01  9.05860118e-01 
 2.33647600e-07  9.10000000e-01  9.05892776e-01 
 2.34747600e-07  9.10000000e-01  9.05925178e-01 
 2.35847600e-07  9.10000000e-01  9.05957325e-01 
 2.36947600e-07  9.10000000e-01  9.05989220e-01 
 2.38047600e-07  9.10000000e-01  9.06020865e-01 
 2.39147600e-07  9.10000000e-01  9.06052260e-01 
 2.40247600e-07  9.10000000e-01  9.06083410e-01 
 2.41347600e-07  9.10000000e-01  9.06114314e-01 
 2.42447600e-07  9.10000000e-01  9.06144976e-01 
 2.43547600e-07  9.10000000e-01  9.06175396e-01 
 2.44647600e-07  9.10000000e-01  9.06205578e-01 
 2.45747600e-07  9.10000000e-01  9.06235522e-01 
 2.46847600e-07  9.10000000e-01  9.06265232e-01 
 2.47947600e-07  9.10000000e-01  9.06294707e-01 
 2.49047600e-07  9.10000000e-01  9.06323951e-01 
 2.50147600e-07  9.10000000e-01  9.06352965e-01 
 2.51247600e-07  9.10000000e-01  9.06381751e-01 
 2.52347600e-07  9.10000000e-01  9.06410310e-01 
 2.53447600e-07  9.10000000e-01  9.06438645e-01 
 2.54547600e-07  9.10000000e-01  9.06466757e-01 
 2.55647600e-07  9.10000000e-01  9.06494648e-01 
 2.56747600e-07  9.10000000e-01  9.06522320e-01 
 2.57847600e-07  9.10000000e-01  9.06549774e-01 
 2.58947600e-07  9.10000000e-01  9.06577012e-01 
 2.60047600e-07  9.10000000e-01  9.06604036e-01 
 2.61147600e-07  9.10000000e-01  9.06630847e-01 
 2.62247600e-07  9.10000000e-01  9.06657447e-01 
 2.63347600e-07  9.10000000e-01  9.06683838e-01 
 2.64447600e-07  9.10000000e-01  9.06710021e-01 
 2.65547600e-07  9.10000000e-01  9.06735998e-01 
 2.66647600e-07  9.10000000e-01  9.06761771e-01 
 2.67747600e-07  9.10000000e-01  9.06787340e-01 
 2.68847600e-07  9.10000000e-01  9.06812709e-01 
 2.69947600e-07  9.10000000e-01  9.06837878e-01 
 2.71047600e-07  9.10000000e-01  9.06862848e-01 
 2.72147600e-07  9.10000000e-01  9.06887623e-01 
 2.73247600e-07  9.10000000e-01  9.06912202e-01 
 2.74347600e-07  9.10000000e-01  9.06936587e-01 
 2.75447600e-07  9.10000000e-01  9.06960781e-01 
 2.76547600e-07  9.10000000e-01  9.06984784e-01 
 2.77647600e-07  9.10000000e-01  9.07008598e-01 
 2.78747600e-07  9.10000000e-01  9.07032224e-01 
 2.79847600e-07  9.10000000e-01  9.07055664e-01 
 2.80947600e-07  9.10000000e-01  9.07078920e-01 
 2.82047600e-07  9.10000000e-01  9.07101992e-01 
 2.83147600e-07  9.10000000e-01  9.07124883e-01 
 2.84247600e-07  9.10000000e-01  9.07147594e-01 
 2.85347600e-07  9.10000000e-01  9.07170125e-01 
 2.86447600e-07  9.10000000e-01  9.07192479e-01 
 2.87547600e-07  9.10000000e-01  9.07214657e-01 
 2.88647600e-07  9.10000000e-01  9.07236660e-01 
 2.89747600e-07  9.10000000e-01  9.07258490e-01 
 2.90847600e-07  9.10000000e-01  9.07280148e-01 
 2.91947600e-07  9.10000000e-01  9.07301635e-01 
 2.93047600e-07  9.10000000e-01  9.07322952e-01 
 2.94147600e-07  9.10000000e-01  9.07344102e-01 
 2.95247600e-07  9.10000000e-01  9.07365085e-01 
 2.96347600e-07  9.10000000e-01  9.07385903e-01 
 2.97447600e-07  9.10000000e-01  9.07406556e-01 
 2.98547600e-07  9.10000000e-01  9.07427047e-01 
 2.99647600e-07  9.10000000e-01  9.07447376e-01 
 3.00747600e-07  9.10000000e-01  9.07467545e-01 
 3.01847600e-07  9.10000000e-01  9.07487555e-01 
 3.02947600e-07  9.10000000e-01  9.07507407e-01 
 3.04047600e-07  9.10000000e-01  9.07527103e-01 
 3.05147600e-07  9.10000000e-01  9.07546643e-01 
 3.06247600e-07  9.10000000e-01  9.07566030e-01 
 3.07347600e-07  9.10000000e-01  9.07585263e-01 
 3.08447600e-07  9.10000000e-01  9.07604345e-01 
 3.09547600e-07  9.10000000e-01  9.07623276e-01 
 3.10647600e-07  9.10000000e-01  9.07642058e-01 
 3.11747600e-07  9.10000000e-01  9.07660692e-01 
 3.12847600e-07  9.10000000e-01  9.07679179e-01 
 3.13947600e-07  9.10000000e-01  9.07697520e-01 
 3.15047600e-07  9.10000000e-01  9.07715716e-01 
 3.16147600e-07  9.10000000e-01  9.07733769e-01 
 3.17247600e-07  9.10000000e-01  9.07751679e-01 
 3.18347600e-07  9.10000000e-01  9.07769448e-01 
 3.19447600e-07  9.10000000e-01  9.07787077e-01 
 3.20547600e-07  9.10000000e-01  9.07804567e-01 
 3.21647600e-07  9.10000000e-01  9.07821919e-01 
 3.22747600e-07  9.10000000e-01  9.07839134e-01 
 3.23847600e-07  9.10000000e-01  9.07856213e-01 
 3.24947600e-07  9.10000000e-01  9.07873158e-01 
 3.26047600e-07  9.10000000e-01  9.07889969e-01 
 3.27147600e-07  9.10000000e-01  9.07906647e-01 
 3.28247600e-07  9.10000000e-01  9.07923193e-01 
 3.29347600e-07  9.10000000e-01  9.07939609e-01 
 3.30447600e-07  9.10000000e-01  9.07955895e-01 
 3.31547600e-07  9.10000000e-01  9.07972053e-01 
 3.32647600e-07  9.10000000e-01  9.07988083e-01 
 3.33747600e-07  9.10000000e-01  9.08003987e-01 
 3.34847600e-07  9.10000000e-01  9.08019766e-01 
 3.35947600e-07  9.10000000e-01  9.08035419e-01 
 3.37047600e-07  9.10000000e-01  9.08050950e-01 
 3.38147600e-07  9.10000000e-01  9.08066357e-01 
 3.39247600e-07  9.10000000e-01  9.08081643e-01 
 3.40347600e-07  9.10000000e-01  9.08096808e-01 
 3.41447600e-07  9.10000000e-01  9.08111854e-01 
 3.42547600e-07  9.10000000e-01  9.08126781e-01 
 3.43647600e-07  9.10000000e-01  9.08141590e-01 
 3.44747600e-07  9.10000000e-01  9.08156282e-01 
 3.45847600e-07  9.10000000e-01  9.08170858e-01 
 3.46947600e-07  9.10000000e-01  9.08185319e-01 
 3.48047600e-07  9.10000000e-01  9.08199666e-01 
 3.49147600e-07  9.10000000e-01  9.08213900e-01 
 3.50247600e-07  9.10000000e-01  9.08228021e-01 
 3.51347600e-07  9.10000000e-01  9.08242030e-01 
 3.52447600e-07  9.10000000e-01  9.08255930e-01 
 3.53547600e-07  9.10000000e-01  9.08269719e-01 
 3.54647600e-07  9.10000000e-01  9.08283399e-01 
 3.55747600e-07  9.10000000e-01  9.08296972e-01 
 3.56847600e-07  9.10000000e-01  9.08310437e-01 
 3.57947600e-07  9.10000000e-01  9.08323796e-01 
 3.59047600e-07  9.10000000e-01  9.08337049e-01 
 3.60147600e-07  9.10000000e-01  9.08350198e-01 
 3.61247600e-07  9.10000000e-01  9.08363243e-01 
 3.62347600e-07  9.10000000e-01  9.08376185e-01 
 3.63447600e-07  9.10000000e-01  9.08389024e-01 
 3.64547600e-07  9.10000000e-01  9.08401763e-01 
 3.65647600e-07  9.10000000e-01  9.08414400e-01 
 3.66747600e-07  9.10000000e-01  9.08426938e-01 
 3.67847600e-07  9.10000000e-01  9.08439377e-01 
 3.68947600e-07  9.10000000e-01  9.08451717e-01 
 3.70047600e-07  9.10000000e-01  9.08463960e-01 
 3.71147600e-07  9.10000000e-01  9.08476107e-01 
 3.72247600e-07  9.10000000e-01  9.08488157e-01 
 3.73347600e-07  9.10000000e-01  9.08500112e-01 
 3.74447600e-07  9.10000000e-01  9.08511973e-01 
 3.75547600e-07  9.10000000e-01  9.08523740e-01 
 3.76647600e-07  9.10000000e-01  9.08535414e-01 
 3.77747600e-07  9.10000000e-01  9.08546996e-01 
 3.78847600e-07  9.10000000e-01  9.08558486e-01 
 3.79947600e-07  9.10000000e-01  9.08569886e-01 
 3.81047600e-07  9.10000000e-01  9.08581196e-01 
 3.82147600e-07  9.10000000e-01  9.08592416e-01 
 3.83247600e-07  9.10000000e-01  9.08603547e-01 
 3.84347600e-07  9.10000000e-01  9.08614591e-01 
 3.85447600e-07  9.10000000e-01  9.08625547e-01 
 3.86547600e-07  9.10000000e-01  9.08636417e-01 
 3.87647600e-07  9.10000000e-01  9.08647201e-01 
 3.88747600e-07  9.10000000e-01  9.08657899e-01 
 3.89847600e-07  9.10000000e-01  9.08668513e-01 
 3.90947600e-07  9.10000000e-01  9.08679044e-01 
 3.92047600e-07  9.10000000e-01  9.08689491e-01 
 3.93147600e-07  9.10000000e-01  9.08699855e-01 
 3.94247600e-07  9.10000000e-01  9.08710138e-01 
 3.95347600e-07  9.10000000e-01  9.08720339e-01 
 3.96447600e-07  9.10000000e-01  9.08730460e-01 
 3.97547600e-07  9.10000000e-01  9.08740500e-01 
 3.98647600e-07  9.10000000e-01  9.08750462e-01 
 3.99747600e-07  9.10000000e-01  9.08760344e-01 
 4.00847600e-07  9.10000000e-01  9.08770149e-01 
 4.01947600e-07  9.10000000e-01  9.08779876e-01 
 4.03047600e-07  9.10000000e-01  9.08789526e-01 
 4.04147600e-07  9.10000000e-01  9.08799100e-01 
 4.05247600e-07  9.10000000e-01  9.08808598e-01 
 4.06347600e-07  9.10000000e-01  9.08818021e-01 
 4.07447600e-07  9.10000000e-01  9.08827370e-01 
 4.08547600e-07  9.10000000e-01  9.08836645e-01 
 4.09647600e-07  9.10000000e-01  9.08845846e-01 
 4.10747600e-07  9.10000000e-01  9.08854975e-01 
 4.11847600e-07  9.10000000e-01  9.08864032e-01 
 4.12947600e-07  9.10000000e-01  9.08873017e-01 
 4.14047600e-07  9.10000000e-01  9.08881930e-01 
 4.15147600e-07  9.10000000e-01  9.08890774e-01 
 4.16247600e-07  9.10000000e-01  9.08899548e-01 
 4.17347600e-07  9.10000000e-01  9.08908252e-01 
 4.18447600e-07  9.10000000e-01  9.08916887e-01 
 4.19547600e-07  9.10000000e-01  9.08925454e-01 
 4.20647600e-07  9.10000000e-01  9.08933954e-01 
 4.21747600e-07  9.10000000e-01  9.08942386e-01 
 4.22847600e-07  9.10000000e-01  9.08950752e-01 
 4.23947600e-07  9.10000000e-01  9.08959051e-01 
 4.25047600e-07  9.10000000e-01  9.08967285e-01 
 4.26147600e-07  9.10000000e-01  9.08975454e-01 
 4.27247600e-07  9.10000000e-01  9.08983558e-01 
 4.28347600e-07  9.10000000e-01  9.08991598e-01 
 4.29447600e-07  9.10000000e-01  9.08999575e-01 
 4.30547600e-07  9.10000000e-01  9.09007488e-01 
 4.31647600e-07  9.10000000e-01  9.09015339e-01 
 4.32747600e-07  9.10000000e-01  9.09023128e-01 
 4.33847600e-07  9.10000000e-01  9.09030855e-01 
 4.34947600e-07  9.10000000e-01  9.09038521e-01 
 4.36047600e-07  9.10000000e-01  9.09046127e-01 
 4.37147600e-07  9.10000000e-01  9.09053672e-01 
 4.38247600e-07  9.10000000e-01  9.09061158e-01 
 4.39347600e-07  9.10000000e-01  9.09068584e-01 
 4.40447600e-07  9.10000000e-01  9.09075952e-01 
 4.41547600e-07  9.10000000e-01  9.09083262e-01 
 4.42647600e-07  9.10000000e-01  9.09090514e-01 
 4.43747600e-07  9.10000000e-01  9.09097708e-01 
 4.44847600e-07  9.10000000e-01  9.09104846e-01 
 4.45947600e-07  9.10000000e-01  9.09111927e-01 
 4.47047600e-07  9.10000000e-01  9.09118952e-01 
 4.48147600e-07  9.10000000e-01  9.09125921e-01 
 4.49247600e-07  9.10000000e-01  9.09132836e-01 
 4.50347600e-07  9.10000000e-01  9.09139696e-01 
 4.51447600e-07  9.10000000e-01  9.09146501e-01 
 4.52547600e-07  9.10000000e-01  9.09153253e-01 
 4.53647600e-07  9.10000000e-01  9.09159951e-01 
 4.54747600e-07  9.10000000e-01  9.09166596e-01 
 4.55847600e-07  9.10000000e-01  9.09173189e-01 
 4.56947600e-07  9.10000000e-01  9.09179730e-01 
 4.58047600e-07  9.10000000e-01  9.09186219e-01 
 4.59147600e-07  9.10000000e-01  9.09192656e-01 
 4.60247600e-07  9.10000000e-01  9.09199043e-01 
 4.61347600e-07  9.10000000e-01  9.09205379e-01 
 4.62447600e-07  9.10000000e-01  9.09211665e-01 
 4.63547600e-07  9.10000000e-01  9.09217902e-01 
 4.64647600e-07  9.10000000e-01  9.09224089e-01 
 4.65747600e-07  9.10000000e-01  9.09230227e-01 
 4.66847600e-07  9.10000000e-01  9.09236316e-01 
 4.67947600e-07  9.10000000e-01  9.09242358e-01 
 4.69047600e-07  9.10000000e-01  9.09248351e-01 
 4.70147600e-07  9.10000000e-01  9.09254298e-01 
 4.71247600e-07  9.10000000e-01  9.09260197e-01 
 4.72347600e-07  9.10000000e-01  9.09266049e-01 
 4.73447600e-07  9.10000000e-01  9.09271856e-01 
 4.74547600e-07  9.10000000e-01  9.09277616e-01 
 4.75647600e-07  9.10000000e-01  9.09283331e-01 
 4.76747600e-07  9.10000000e-01  9.09289000e-01 
 4.77847600e-07  9.10000000e-01  9.09294625e-01 
 4.78947600e-07  9.10000000e-01  9.09300205e-01 
 4.80047600e-07  9.10000000e-01  9.09305741e-01 
 4.81147600e-07  9.10000000e-01  9.09311233e-01 
 4.82247600e-07  9.10000000e-01  9.09316682e-01 
 4.83347600e-07  9.10000000e-01  9.09322088e-01 
 4.84447600e-07  9.10000000e-01  9.09327451e-01 
 4.85547600e-07  9.10000000e-01  9.09332772e-01 
 4.86647600e-07  9.10000000e-01  9.09338050e-01 
 4.87747600e-07  9.10000000e-01  9.09343287e-01 
 4.88847600e-07  9.10000000e-01  9.09348482e-01 
 4.89947600e-07  9.10000000e-01  9.09353636e-01 
 4.91047600e-07  9.10000000e-01  9.09358750e-01 
 4.92147600e-07  9.10000000e-01  9.09363823e-01 
 4.93247600e-07  9.10000000e-01  9.09368856e-01 
 4.94347600e-07  9.10000000e-01  9.09373849e-01 
 4.95447600e-07  9.10000000e-01  9.09378802e-01 
 4.96547600e-07  9.10000000e-01  9.09383717e-01 
 4.97647600e-07  9.10000000e-01  9.09388592e-01 
 4.98747600e-07  9.10000000e-01  9.09393429e-01 
 4.99847600e-07  9.10000000e-01  9.09398228e-01 
 5.00947600e-07  9.10000000e-01  9.09402988e-01 
 5.02047600e-07  9.10000000e-01  9.09407711e-01 
 5.03147600e-07  9.10000000e-01  9.09412397e-01 
 5.04247600e-07  9.10000000e-01  9.09417046e-01 
 5.05347600e-07  9.10000000e-01  9.09421657e-01 
 5.06447600e-07  9.10000000e-01  9.09426233e-01 
 5.07547600e-07  9.10000000e-01  9.09430772e-01 
 5.08647600e-07  9.10000000e-01  9.09435275e-01 
 5.09747600e-07  9.10000000e-01  9.09439743e-01 
 5.10847600e-07  9.10000000e-01  9.09444175e-01 
 5.11947600e-07  9.10000000e-01  9.09448572e-01 
 5.13047600e-07  9.10000000e-01  9.09452935e-01 
 5.14147600e-07  9.10000000e-01  9.09457263e-01 
 5.15247600e-07  9.10000000e-01  9.09461556e-01 
 5.16347600e-07  9.10000000e-01  9.09465816e-01 
 5.17447600e-07  9.10000000e-01  9.09470042e-01 
 5.18547600e-07  9.10000000e-01  9.09474234e-01 
 5.19647600e-07  9.10000000e-01  9.09478394e-01 
 5.20747600e-07  9.10000000e-01  9.09482520e-01 
 5.21847600e-07  9.10000000e-01  9.09486614e-01 
 5.22947600e-07  9.10000000e-01  9.09490676e-01 
 5.24047600e-07  9.10000000e-01  9.09494705e-01 
 5.25147600e-07  9.10000000e-01  9.09498702e-01 
 5.26247600e-07  9.10000000e-01  9.09502668e-01 
 5.27347600e-07  9.10000000e-01  9.09506603e-01 
 5.28447600e-07  9.10000000e-01  9.09510506e-01 
 5.29547600e-07  9.10000000e-01  9.09514378e-01 
 5.30647600e-07  9.10000000e-01  9.09518220e-01 
 5.31747600e-07  9.10000000e-01  9.09522031e-01 
 5.32847600e-07  9.10000000e-01  9.09525813e-01 
 5.33947600e-07  9.10000000e-01  9.09529564e-01 
 5.35047600e-07  9.10000000e-01  9.09533286e-01 
 5.36147600e-07  9.10000000e-01  9.09536978e-01 
 5.37247600e-07  9.10000000e-01  9.09540641e-01 
 5.38347600e-07  9.10000000e-01  9.09544275e-01 
 5.39447600e-07  9.10000000e-01  9.09547880e-01 
 5.40547600e-07  9.10000000e-01  9.09551457e-01 
 5.41647600e-07  9.10000000e-01  9.09555005e-01 
 5.42747600e-07  9.10000000e-01  9.09558525e-01 
 5.43847600e-07  9.10000000e-01  9.09562018e-01 
 5.44947600e-07  9.10000000e-01  9.09565483e-01 
 5.46047600e-07  9.10000000e-01  9.09568920e-01 
 5.47147600e-07  9.10000000e-01  9.09572330e-01 
 5.48247600e-07  9.10000000e-01  9.09575714e-01 
 5.49347600e-07  9.10000000e-01  9.09579070e-01 
 5.50447600e-07  9.10000000e-01  9.09582400e-01 
 5.51547600e-07  9.10000000e-01  9.09585703e-01 
 5.52647600e-07  9.10000000e-01  9.09588981e-01 
 5.53747600e-07  9.10000000e-01  9.09592232e-01 
 5.54847600e-07  9.10000000e-01  9.09595458e-01 
 5.55947600e-07  9.10000000e-01  9.09598658e-01 
 5.57047600e-07  9.10000000e-01  9.09601833e-01 
 5.58147600e-07  9.10000000e-01  9.09604983e-01 
 5.59247600e-07  9.10000000e-01  9.09608108e-01 
 5.60347600e-07  9.10000000e-01  9.09611208e-01 
 5.61447600e-07  9.10000000e-01  9.09614284e-01 
 5.62547600e-07  9.10000000e-01  9.09617335e-01 
 5.63647600e-07  9.10000000e-01  9.09620362e-01 
 5.64747600e-07  9.10000000e-01  9.09623365e-01 
 5.65847600e-07  9.10000000e-01  9.09626345e-01 
 5.66947600e-07  9.10000000e-01  9.09629300e-01 
 5.68047600e-07  9.10000000e-01  9.09632233e-01 
 5.69147600e-07  9.10000000e-01  9.09635142e-01 
 5.70247600e-07  9.10000000e-01  9.09638028e-01 
 5.71347600e-07  9.10000000e-01  9.09640892e-01 
 5.72447600e-07  9.10000000e-01  9.09643732e-01 
 5.73547600e-07  9.10000000e-01  9.09646551e-01 
 5.74647600e-07  9.10000000e-01  9.09649347e-01 
 5.75747600e-07  9.10000000e-01  9.09652120e-01 
 5.76847600e-07  9.10000000e-01  9.09654872e-01 
 5.77947600e-07  9.10000000e-01  9.09657602e-01 
 5.79047600e-07  9.10000000e-01  9.09660311e-01 
 5.80147600e-07  9.10000000e-01  9.09662998e-01 
 5.81247600e-07  9.10000000e-01  9.09665664e-01 
 5.82347600e-07  9.10000000e-01  9.09668308e-01 
 5.83447600e-07  9.10000000e-01  9.09670932e-01 
 5.84547600e-07  9.10000000e-01  9.09673535e-01 
 5.85647600e-07  9.10000000e-01  9.09676117e-01 
 5.86747600e-07  9.10000000e-01  9.09678679e-01 
 5.87847600e-07  9.10000000e-01  9.09681221e-01 
 5.88947600e-07  9.10000000e-01  9.09683743e-01 
 5.90047600e-07  9.10000000e-01  9.09686244e-01 
 5.91147600e-07  9.10000000e-01  9.09688726e-01 
 5.92247600e-07  9.10000000e-01  9.09691188e-01 
 5.93347600e-07  9.10000000e-01  9.09693631e-01 
 5.94447600e-07  9.10000000e-01  9.09696054e-01 
 5.95547600e-07  9.10000000e-01  9.09698458e-01 
 5.96647600e-07  9.10000000e-01  9.09700843e-01 
 5.97747600e-07  9.10000000e-01  9.09703210e-01 
 5.98847600e-07  9.10000000e-01  9.09705557e-01 
 5.99947600e-07  9.10000000e-01  9.09707886e-01 
 6.01047600e-07  9.10000000e-01  9.09710197e-01 
 6.02147600e-07  9.10000000e-01  9.09712489e-01 
 6.03247600e-07  9.10000000e-01  9.09714763e-01 
 6.04347600e-07  9.10000000e-01  9.09717019e-01 
 6.05447600e-07  9.10000000e-01  9.09719257e-01 
 6.06547600e-07  9.10000000e-01  9.09721478e-01 
 6.07647600e-07  9.10000000e-01  9.09723681e-01 
 6.08747600e-07  9.10000000e-01  9.09725867e-01 
 6.09847600e-07  9.10000000e-01  9.09728035e-01 
 6.10947600e-07  9.10000000e-01  9.09730186e-01 
 6.12047600e-07  9.10000000e-01  9.09732320e-01 
 6.13147600e-07  9.10000000e-01  9.09734437e-01 
 6.14247600e-07  9.10000000e-01  9.09736537e-01 
 6.15347600e-07  9.10000000e-01  9.09738621e-01 
 6.16447600e-07  9.10000000e-01  9.09740689e-01 
 6.17547600e-07  9.10000000e-01  9.09742739e-01 
 6.18647600e-07  9.10000000e-01  9.09744774e-01 
 6.19747600e-07  9.10000000e-01  9.09746793e-01 
 6.20847600e-07  9.10000000e-01  9.09748795e-01 
 6.21947600e-07  9.10000000e-01  9.09750782e-01 
 6.23047600e-07  9.10000000e-01  9.09752753e-01 
 6.24147600e-07  9.10000000e-01  9.09754709e-01 
 6.25247600e-07  9.10000000e-01  9.09756649e-01 
 6.26347600e-07  9.10000000e-01  9.09758573e-01 
 6.27447600e-07  9.10000000e-01  9.09760483e-01 
 6.28547600e-07  9.10000000e-01  9.09762377e-01 
 6.29647600e-07  9.10000000e-01  9.09764256e-01 
 6.30747600e-07  9.10000000e-01  9.09766121e-01 
 6.31847600e-07  9.10000000e-01  9.09767970e-01 
 6.32947600e-07  9.10000000e-01  9.09769805e-01 
 6.34047600e-07  9.10000000e-01  9.09771626e-01 
 6.35147600e-07  9.10000000e-01  9.09773432e-01 
 6.36247600e-07  9.10000000e-01  9.09775224e-01 
 6.37347600e-07  9.10000000e-01  9.09777001e-01 
 6.38447600e-07  9.10000000e-01  9.09778765e-01 
 6.39547600e-07  9.10000000e-01  9.09780514e-01 
 6.40647600e-07  9.10000000e-01  9.09782250e-01 
 6.41747600e-07  9.10000000e-01  9.09783972e-01 
 6.42847600e-07  9.10000000e-01  9.09785680e-01 
 6.43947600e-07  9.10000000e-01  9.09787375e-01 
 6.45047600e-07  9.10000000e-01  9.09789057e-01 
 6.46147600e-07  9.10000000e-01  9.09790725e-01 
 6.47247600e-07  9.10000000e-01  9.09792380e-01 
 6.48347600e-07  9.10000000e-01  9.09794021e-01 
 6.49447600e-07  9.10000000e-01  9.09795650e-01 
 6.50547600e-07  9.10000000e-01  9.09797266e-01 
 6.51647600e-07  9.10000000e-01  9.09798869e-01 
 6.52747600e-07  9.10000000e-01  9.09800460e-01 
 6.53847600e-07  9.10000000e-01  9.09802038e-01 
 6.54947600e-07  9.10000000e-01  9.09803603e-01 
 6.56047600e-07  9.10000000e-01  9.09805156e-01 
 6.57147600e-07  9.10000000e-01  9.09806697e-01 
 6.58247600e-07  9.10000000e-01  9.09808225e-01 
 6.59347600e-07  9.10000000e-01  9.09809742e-01 
 6.60447600e-07  9.10000000e-01  9.09811246e-01 
 6.61547600e-07  9.10000000e-01  9.09812739e-01 
 6.62647600e-07  9.10000000e-01  9.09814219e-01 
 6.63747600e-07  9.10000000e-01  9.09815688e-01 
 6.64847600e-07  9.10000000e-01  9.09817145e-01 
 6.65947600e-07  9.10000000e-01  9.09818591e-01 
 6.67047600e-07  9.10000000e-01  9.09820026e-01 
 6.68147600e-07  9.10000000e-01  9.09821449e-01 
 6.69247600e-07  9.10000000e-01  9.09822860e-01 
 6.70347600e-07  9.10000000e-01  9.09824261e-01 
 6.71447600e-07  9.10000000e-01  9.09825650e-01 
 6.72547600e-07  9.10000000e-01  9.09827029e-01 
 6.73647600e-07  9.10000000e-01  9.09828396e-01 
 6.74747600e-07  9.10000000e-01  9.09829753e-01 
 6.75847600e-07  9.10000000e-01  9.09831099e-01 
 6.76947600e-07  9.10000000e-01  9.09832435e-01 
 6.78047600e-07  9.10000000e-01  9.09833759e-01 
 6.79147600e-07  9.10000000e-01  9.09835074e-01 
 6.80247600e-07  9.10000000e-01  9.09836377e-01 
 6.81347600e-07  9.10000000e-01  9.09837671e-01 
 6.82447600e-07  9.10000000e-01  9.09838954e-01 
 6.83547600e-07  9.10000000e-01  9.09840228e-01 
 6.84647600e-07  9.10000000e-01  9.09841491e-01 
 6.85747600e-07  9.10000000e-01  9.09842744e-01 
 6.86847600e-07  9.10000000e-01  9.09843987e-01 
 6.87947600e-07  9.10000000e-01  9.09845220e-01 
 6.89047600e-07  9.10000000e-01  9.09846444e-01 
 6.90147600e-07  9.10000000e-01  9.09847658e-01 
 6.91247600e-07  9.10000000e-01  9.09848862e-01 
 6.92347600e-07  9.10000000e-01  9.09850057e-01 
 6.93447600e-07  9.10000000e-01  9.09851242e-01 
 6.94547600e-07  9.10000000e-01  9.09852418e-01 
 6.95647600e-07  9.10000000e-01  9.09853585e-01 
 6.96747600e-07  9.10000000e-01  9.09854742e-01 
 6.97847600e-07  9.10000000e-01  9.09855890e-01 
 6.98947600e-07  9.10000000e-01  9.09857029e-01 
 7.00047600e-07  9.10000000e-01  9.09858159e-01 
 7.01147600e-07  9.10000000e-01  9.09859281e-01 
 7.02247600e-07  9.10000000e-01  9.09860393e-01 
 7.03347600e-07  9.10000000e-01  9.09861496e-01 
 7.04447600e-07  9.10000000e-01  9.09862591e-01 
 7.05547600e-07  9.10000000e-01  9.09863677e-01 
 7.06647600e-07  9.10000000e-01  9.09864755e-01 
 7.07747600e-07  9.10000000e-01  9.09865824e-01 
 7.08847600e-07  9.10000000e-01  9.09866884e-01 
 7.09947600e-07  9.10000000e-01  9.09867936e-01 
 7.11047600e-07  9.10000000e-01  9.09868980e-01 
 7.12147600e-07  9.10000000e-01  9.09870015e-01 
 7.13247600e-07  9.10000000e-01  9.09871043e-01 
 7.14347600e-07  9.10000000e-01  9.09872062e-01 
 7.15447600e-07  9.10000000e-01  9.09873073e-01 
 7.16547600e-07  9.10000000e-01  9.09874076e-01 
 7.17647600e-07  9.10000000e-01  9.09875071e-01 
 7.18747600e-07  9.10000000e-01  9.09876059e-01 
 7.19847600e-07  9.10000000e-01  9.09877038e-01 
 7.20947600e-07  9.10000000e-01  9.09878010e-01 
 7.22047600e-07  9.10000000e-01  9.09878974e-01 
 7.23147600e-07  9.10000000e-01  9.09879930e-01 
 7.24247600e-07  9.10000000e-01  9.09880879e-01 
 7.25347600e-07  9.10000000e-01  9.09881820e-01 
 7.26447600e-07  9.10000000e-01  9.09882754e-01 
 7.27547600e-07  9.10000000e-01  9.09883681e-01 
 7.28647600e-07  9.10000000e-01  9.09884600e-01 
 7.29747600e-07  9.10000000e-01  9.09885512e-01 
 7.30847600e-07  9.10000000e-01  9.09886416e-01 
 7.31947600e-07  9.10000000e-01  9.09887314e-01 
 7.33047600e-07  9.10000000e-01  9.09888204e-01 
 7.34147600e-07  9.10000000e-01  9.09889088e-01 
 7.35247600e-07  9.10000000e-01  9.09889964e-01 
 7.36347600e-07  9.10000000e-01  9.09890833e-01 
 7.37447600e-07  9.10000000e-01  9.09891696e-01 
 7.38547600e-07  9.10000000e-01  9.09892552e-01 
 7.39647600e-07  9.10000000e-01  9.09893400e-01 
 7.40747600e-07  9.10000000e-01  9.09894243e-01 
 7.41847600e-07  9.10000000e-01  9.09895078e-01 
 7.42947600e-07  9.10000000e-01  9.09895907e-01 
 7.44047600e-07  9.10000000e-01  9.09896729e-01 
 7.45147600e-07  9.10000000e-01  9.09897545e-01 
 7.46247600e-07  9.10000000e-01  9.09898355e-01 
 7.47347600e-07  9.10000000e-01  9.09899158e-01 
 7.48447600e-07  9.10000000e-01  9.09899954e-01 
 7.49547600e-07  9.10000000e-01  9.09900745e-01 
 7.50647600e-07  9.10000000e-01  9.09901529e-01 
 7.51747600e-07  9.10000000e-01  9.09902307e-01 
 7.52847600e-07  9.10000000e-01  9.09903078e-01 
 7.53947600e-07  9.10000000e-01  9.09903844e-01 
 7.55047600e-07  9.10000000e-01  9.09904603e-01 
 7.56147600e-07  9.10000000e-01  9.09905357e-01 
 7.57247600e-07  9.10000000e-01  9.09906104e-01 
 7.58347600e-07  9.10000000e-01  9.09906846e-01 
 7.59447600e-07  9.10000000e-01  9.09907582e-01 
 7.60547600e-07  9.10000000e-01  9.09908312e-01 
 7.61647600e-07  9.10000000e-01  9.09909036e-01 
 7.62747600e-07  9.10000000e-01  9.09909754e-01 
 7.63847600e-07  9.10000000e-01  9.09910467e-01 
 7.64947600e-07  9.10000000e-01  9.09911174e-01 
 7.66047600e-07  9.10000000e-01  9.09911876e-01 
 7.67147600e-07  9.10000000e-01  9.09912572e-01 
 7.68247600e-07  9.10000000e-01  9.09913262e-01 
 7.69347600e-07  9.10000000e-01  9.09913947e-01 
 7.70447600e-07  9.10000000e-01  9.09914627e-01 
 7.71547600e-07  9.10000000e-01  9.09915301e-01 
 7.72647600e-07  9.10000000e-01  9.09915970e-01 
 7.73747600e-07  9.10000000e-01  9.09916633e-01 
 7.74847600e-07  9.10000000e-01  9.09917292e-01 
 7.75947600e-07  9.10000000e-01  9.09917945e-01 
 7.77047600e-07  9.10000000e-01  9.09918593e-01 
 7.78147600e-07  9.10000000e-01  9.09919235e-01 
 7.79247600e-07  9.10000000e-01  9.09919873e-01 
 7.80347600e-07  9.10000000e-01  9.09920506e-01 
 7.81447600e-07  9.10000000e-01  9.09921133e-01 
 7.82547600e-07  9.10000000e-01  9.09921756e-01 
 7.83647600e-07  9.10000000e-01  9.09922374e-01 
 7.84747600e-07  9.10000000e-01  9.09922987e-01 
 7.85847600e-07  9.10000000e-01  9.09923595e-01 
 7.86947600e-07  9.10000000e-01  9.09924198e-01 
 7.88047600e-07  9.10000000e-01  9.09924796e-01 
 7.89147600e-07  9.10000000e-01  9.09925390e-01 
 7.90247600e-07  9.10000000e-01  9.09925979e-01 
 7.91347600e-07  9.10000000e-01  9.09926563e-01 
 7.92447600e-07  9.10000000e-01  9.09927143e-01 
 7.93547600e-07  9.10000000e-01  9.09927718e-01 
 7.94647600e-07  9.10000000e-01  9.09928288e-01 
 7.95747600e-07  9.10000000e-01  9.09928854e-01 
 7.96847600e-07  9.10000000e-01  9.09929416e-01 
 7.97947600e-07  9.10000000e-01  9.09929973e-01 
 7.99047600e-07  9.10000000e-01  9.09930526e-01 
 8.00147600e-07  9.10000000e-01  9.09931074e-01 
 8.01247600e-07  9.10000000e-01  9.09931618e-01 
 8.02347600e-07  9.10000000e-01  9.09932158e-01 
 8.03447600e-07  9.10000000e-01  9.09932693e-01 
 8.04547600e-07  9.10000000e-01  9.09933224e-01 
 8.05647600e-07  9.10000000e-01  9.09933751e-01 
 8.06747600e-07  9.10000000e-01  9.09934274e-01 
 8.07847600e-07  9.10000000e-01  9.09934793e-01 
 8.08947600e-07  9.10000000e-01  9.09935307e-01 
 8.10047600e-07  9.10000000e-01  9.09935818e-01 
 8.11147600e-07  9.10000000e-01  9.09936324e-01 
 8.12247600e-07  9.10000000e-01  9.09936827e-01 
 8.13347600e-07  9.10000000e-01  9.09937325e-01 
 8.14447600e-07  9.10000000e-01  9.09937820e-01 
 8.15547600e-07  9.10000000e-01  9.09938310e-01 
 8.16647600e-07  9.10000000e-01  9.09938797e-01 
 8.17747600e-07  9.10000000e-01  9.09939280e-01 
 8.18847600e-07  9.10000000e-01  9.09939759e-01 
 8.19947600e-07  9.10000000e-01  9.09940234e-01 
 8.21047600e-07  9.10000000e-01  9.09940705e-01 
 8.22147600e-07  9.10000000e-01  9.09941173e-01 
 8.23247600e-07  9.10000000e-01  9.09941637e-01 
 8.24347600e-07  9.10000000e-01  9.09942097e-01 
 8.25447600e-07  9.10000000e-01  9.09942554e-01 
 8.26547600e-07  9.10000000e-01  9.09943007e-01 
 8.27647600e-07  9.10000000e-01  9.09943457e-01 
 8.28747600e-07  9.10000000e-01  9.09943903e-01 
 8.29847600e-07  9.10000000e-01  9.09944345e-01 
 8.30947600e-07  9.10000000e-01  9.09944784e-01 
 8.32047600e-07  9.10000000e-01  9.09945220e-01 
 8.33147600e-07  9.10000000e-01  9.09945652e-01 
 8.34247600e-07  9.10000000e-01  9.09946080e-01 
 8.35347600e-07  9.10000000e-01  9.09946505e-01 
 8.36447600e-07  9.10000000e-01  9.09946927e-01 
 8.37547600e-07  9.10000000e-01  9.09947346e-01 
 8.38647600e-07  9.10000000e-01  9.09947761e-01 
 8.39747600e-07  9.10000000e-01  9.09948173e-01 
 8.40847600e-07  9.10000000e-01  9.09948581e-01 
 8.41947600e-07  9.10000000e-01  9.09948987e-01 
 8.43047600e-07  9.10000000e-01  9.09949389e-01 
 8.44147600e-07  9.10000000e-01  9.09949788e-01 
 8.45247600e-07  9.10000000e-01  9.09950184e-01 
 8.46347600e-07  9.10000000e-01  9.09950576e-01 
 8.47447600e-07  9.10000000e-01  9.09950966e-01 
 8.48547600e-07  9.10000000e-01  9.09951352e-01 
 8.49647600e-07  9.10000000e-01  9.09951736e-01 
 8.50747600e-07  9.10000000e-01  9.09952116e-01 
 8.51847600e-07  9.10000000e-01  9.09952494e-01 
 8.52947600e-07  9.10000000e-01  9.09952868e-01 
 8.54047600e-07  9.10000000e-01  9.09953240e-01 
 8.55147600e-07  9.10000000e-01  9.09953608e-01 
 8.56247600e-07  9.10000000e-01  9.09953974e-01 
 8.57347600e-07  9.10000000e-01  9.09954336e-01 
 8.58447600e-07  9.10000000e-01  9.09954696e-01 
 8.59547600e-07  9.10000000e-01  9.09955053e-01 
 8.60647600e-07  9.10000000e-01  9.09955407e-01 
 8.61747600e-07  9.10000000e-01  9.09955759e-01 
 8.62847600e-07  9.10000000e-01  9.09956107e-01 
 8.63947600e-07  9.10000000e-01  9.09956453e-01 
 8.65047600e-07  9.10000000e-01  9.09956796e-01 
 8.66147600e-07  9.10000000e-01  9.09957136e-01 
 8.67247600e-07  9.10000000e-01  9.09957474e-01 
 8.68347600e-07  9.10000000e-01  9.09957809e-01 
 8.69447600e-07  9.10000000e-01  9.09958141e-01 
 8.70547600e-07  9.10000000e-01  9.09958471e-01 
 8.71647600e-07  9.10000000e-01  9.09958798e-01 
 8.72747600e-07  9.10000000e-01  9.09959123e-01 
 8.73847600e-07  9.10000000e-01  9.09959445e-01 
 8.74947600e-07  9.10000000e-01  9.09959764e-01 
 8.76047600e-07  9.10000000e-01  9.09960081e-01 
 8.77147600e-07  9.10000000e-01  9.09960395e-01 
 8.78247600e-07  9.10000000e-01  9.09960707e-01 
 8.79347600e-07  9.10000000e-01  9.09961017e-01 
 8.80447600e-07  9.10000000e-01  9.09961323e-01 
 8.81547600e-07  9.10000000e-01  9.09961628e-01 
 8.82647600e-07  9.10000000e-01  9.09961930e-01 
 8.83747600e-07  9.10000000e-01  9.09962230e-01 
 8.84847600e-07  9.10000000e-01  9.09962527e-01 
 8.85947600e-07  9.10000000e-01  9.09962822e-01 
 8.87047600e-07  9.10000000e-01  9.09963115e-01 
 8.88147600e-07  9.10000000e-01  9.09963405e-01 
 8.89247600e-07  9.10000000e-01  9.09963693e-01 
 8.90347600e-07  9.10000000e-01  9.09963979e-01 
 8.91447600e-07  9.10000000e-01  9.09964262e-01 
 8.92547600e-07  9.10000000e-01  9.09964544e-01 
 8.93647600e-07  9.10000000e-01  9.09964823e-01 
 8.94747600e-07  9.10000000e-01  9.09965099e-01 
 8.95847600e-07  9.10000000e-01  9.09965374e-01 
 8.96947600e-07  9.10000000e-01  9.09965647e-01 
 8.98047600e-07  9.10000000e-01  9.09965917e-01 
 8.99147600e-07  9.10000000e-01  9.09966185e-01 
 9.00247600e-07  9.10000000e-01  9.09966451e-01 
 9.01347600e-07  9.10000000e-01  9.09966715e-01 
 9.02447600e-07  9.10000000e-01  9.09966977e-01 
 9.03547600e-07  9.10000000e-01  9.09967237e-01 
 9.04647600e-07  9.10000000e-01  9.09967494e-01 
 9.05747600e-07  9.10000000e-01  9.09967750e-01 
 9.06847600e-07  9.10000000e-01  9.09968004e-01 
 9.07947600e-07  9.10000000e-01  9.09968255e-01 
 9.09047600e-07  9.10000000e-01  9.09968505e-01 
 9.10147600e-07  9.10000000e-01  9.09968752e-01 
 9.11247600e-07  9.10000000e-01  9.09968998e-01 
 9.12347600e-07  9.10000000e-01  9.09969242e-01 
 9.13447600e-07  9.10000000e-01  9.09969484e-01 
 9.14547600e-07  9.10000000e-01  9.09969724e-01 
 9.15647600e-07  9.10000000e-01  9.09969962e-01 
 9.16747600e-07  9.10000000e-01  9.09970198e-01 
 9.17847600e-07  9.10000000e-01  9.09970432e-01 
 9.18947600e-07  9.10000000e-01  9.09970664e-01 
 9.20047600e-07  9.10000000e-01  9.09970895e-01 
 9.21147600e-07  9.10000000e-01  9.09971124e-01 
 9.22247600e-07  9.10000000e-01  9.09971351e-01 
 9.23347600e-07  9.10000000e-01  9.09971576e-01 
 9.24447600e-07  9.10000000e-01  9.09971799e-01 
 9.25547600e-07  9.10000000e-01  9.09972021e-01 
 9.26647600e-07  9.10000000e-01  9.09972241e-01 
 9.27747600e-07  9.10000000e-01  9.09972459e-01 
 9.28847600e-07  9.10000000e-01  9.09972675e-01 
 9.29947600e-07  9.10000000e-01  9.09972890e-01 
 9.31047600e-07  9.10000000e-01  9.09973103e-01 
 9.32147600e-07  9.10000000e-01  9.09973314e-01 
 9.33247600e-07  9.10000000e-01  9.09973524e-01 
 9.34347600e-07  9.10000000e-01  9.09973731e-01 
 9.35447600e-07  9.10000000e-01  9.09973938e-01 
 9.36547600e-07  9.10000000e-01  9.09974142e-01 
 9.37647600e-07  9.10000000e-01  9.09974345e-01 
 9.38747600e-07  9.10000000e-01  9.09974547e-01 
 9.39847600e-07  9.10000000e-01  9.09974747e-01 
 9.40947600e-07  9.10000000e-01  9.09974945e-01 
 9.42047600e-07  9.10000000e-01  9.09975142e-01 
 9.43147600e-07  9.10000000e-01  9.09975337e-01 
 9.44247600e-07  9.10000000e-01  9.09975530e-01 
 9.45347600e-07  9.10000000e-01  9.09975722e-01 
 9.46447600e-07  9.10000000e-01  9.09975913e-01 
 9.47547600e-07  9.10000000e-01  9.09976102e-01 
 9.48647600e-07  9.10000000e-01  9.09976289e-01 
 9.49747600e-07  9.10000000e-01  9.09976475e-01 
 9.50847600e-07  9.10000000e-01  9.09976660e-01 
 9.51947600e-07  9.10000000e-01  9.09976843e-01 
 9.53047600e-07  9.10000000e-01  9.09977025e-01 
 9.54147600e-07  9.10000000e-01  9.09977205e-01 
 9.55247600e-07  9.10000000e-01  9.09977384e-01 
 9.56347600e-07  9.10000000e-01  9.09977561e-01 
 9.57447600e-07  9.10000000e-01  9.09977737e-01 
 9.58547600e-07  9.10000000e-01  9.09977912e-01 
 9.59647600e-07  9.10000000e-01  9.09978085e-01 
 9.60747600e-07  9.10000000e-01  9.09978257e-01 
 9.61847600e-07  9.10000000e-01  9.09978427e-01 
 9.62947600e-07  9.10000000e-01  9.09978596e-01 
 9.64047600e-07  9.10000000e-01  9.09978764e-01 
 9.65147600e-07  9.10000000e-01  9.09978930e-01 
 9.66247600e-07  9.10000000e-01  9.09979096e-01 
 9.67347600e-07  9.10000000e-01  9.09979259e-01 
 9.68447600e-07  9.10000000e-01  9.09979422e-01 
 9.69547600e-07  9.10000000e-01  9.09979583e-01 
 9.70647600e-07  9.10000000e-01  9.09979743e-01 
 9.71747600e-07  9.10000000e-01  9.09979902e-01 
 9.72847600e-07  9.10000000e-01  9.09980059e-01 
 9.73947600e-07  9.10000000e-01  9.09980215e-01 
 9.75047600e-07  9.10000000e-01  9.09980370e-01 
 9.76147600e-07  9.10000000e-01  9.09980524e-01 
 9.77247600e-07  9.10000000e-01  9.09980677e-01 
 9.78347600e-07  9.10000000e-01  9.09980828e-01 
 9.79447600e-07  9.10000000e-01  9.09980978e-01 
 9.80547600e-07  9.10000000e-01  9.09981127e-01 
 9.81647600e-07  9.10000000e-01  9.09981275e-01 
 9.82747600e-07  9.10000000e-01  9.09981421e-01 
 9.83847600e-07  9.10000000e-01  9.09981567e-01 
 9.84947600e-07  9.10000000e-01  9.09981711e-01 
 9.86047600e-07  9.10000000e-01  9.09981854e-01 
 9.87147600e-07  9.10000000e-01  9.09981996e-01 
 9.88247600e-07  9.10000000e-01  9.09982137e-01 
 9.89347600e-07  9.10000000e-01  9.09982277e-01 
 9.90447600e-07  9.10000000e-01  9.09982415e-01 
 9.91547600e-07  9.10000000e-01  9.09982553e-01 
 9.92647600e-07  9.10000000e-01  9.09982689e-01 
 9.93747600e-07  9.10000000e-01  9.09982825e-01 
 9.94847600e-07  9.10000000e-01  9.09982959e-01 
 9.95947600e-07  9.10000000e-01  9.09983092e-01 
 9.97047600e-07  9.10000000e-01  9.09983224e-01 
 9.98147600e-07  9.10000000e-01  9.09983356e-01 
 9.99247600e-07  9.10000000e-01  9.09983486e-01 
 1.00034760e-06  9.10000000e-01  9.09983615e-01 
 1.00144760e-06  9.10000000e-01  9.09983743e-01 
 1.00254760e-06  9.10000000e-01  9.09983870e-01 
 1.00364760e-06  9.10000000e-01  9.09983996e-01 
 1.00474760e-06  9.10000000e-01  9.09984121e-01 
 1.00584760e-06  9.10000000e-01  9.09984245e-01 
 1.00694760e-06  9.10000000e-01  9.09984368e-01 
 1.00804760e-06  9.10000000e-01  9.09984490e-01 
 1.00914760e-06  9.10000000e-01  9.09984611e-01 
 1.01024760e-06  9.10000000e-01  9.09984731e-01 
 1.01134760e-06  9.10000000e-01  9.09984850e-01 
 1.01244760e-06  9.10000000e-01  9.09984969e-01 
 1.01354760e-06  9.10000000e-01  9.09985086e-01 
 1.01464760e-06  9.10000000e-01  9.09985202e-01 
 1.01574760e-06  9.10000000e-01  9.09985318e-01 
 1.01684760e-06  9.10000000e-01  9.09985432e-01 
 1.01794760e-06  9.10000000e-01  9.09985546e-01 
 1.01904760e-06  9.10000000e-01  9.09985659e-01 
 1.02014760e-06  9.10000000e-01  9.09985771e-01 
 1.02124760e-06  9.10000000e-01  9.09985882e-01 
 1.02234760e-06  9.10000000e-01  9.09985992e-01 
 1.02344760e-06  9.10000000e-01  9.09986101e-01 
 1.02454760e-06  9.10000000e-01  9.09986209e-01 
 1.02564760e-06  9.10000000e-01  9.09986317e-01 
 1.02674760e-06  9.10000000e-01  9.09986424e-01 
 1.02784760e-06  9.10000000e-01  9.09986529e-01 
 1.02894760e-06  9.10000000e-01  9.09986634e-01 
 1.03004760e-06  9.10000000e-01  9.09986738e-01 
 1.03114760e-06  9.10000000e-01  9.09986842e-01 
 1.03224760e-06  9.10000000e-01  9.09986944e-01 
 1.03334760e-06  9.10000000e-01  9.09987046e-01 
 1.03444760e-06  9.10000000e-01  9.09987147e-01 
 1.03554760e-06  9.10000000e-01  9.09987247e-01 
 1.03664760e-06  9.10000000e-01  9.09987346e-01 
 1.03774760e-06  9.10000000e-01  9.09987445e-01 
 1.03884760e-06  9.10000000e-01  9.09987542e-01 
 1.03994760e-06  9.10000000e-01  9.09987639e-01 
 1.04104760e-06  9.10000000e-01  9.09987736e-01 
 1.04214760e-06  9.10000000e-01  9.09987831e-01 
 1.04324760e-06  9.10000000e-01  9.09987926e-01 
 1.04434760e-06  9.10000000e-01  9.09988020e-01 
 1.04544760e-06  9.10000000e-01  9.09988113e-01 
 1.04654760e-06  9.10000000e-01  9.09988205e-01 
 1.04764760e-06  9.10000000e-01  9.09988297e-01 
 1.04874760e-06  9.10000000e-01  9.09988388e-01 
 1.04984760e-06  9.10000000e-01  9.09988478e-01 
 1.05094760e-06  9.10000000e-01  9.09988568e-01 
 1.05204760e-06  9.10000000e-01  9.09988657e-01 
 1.05314760e-06  9.10000000e-01  9.09988745e-01 
 1.05424760e-06  9.10000000e-01  9.09988832e-01 
 1.05534760e-06  9.10000000e-01  9.09988919e-01 
 1.05644760e-06  9.10000000e-01  9.09989005e-01 
 1.05754760e-06  9.10000000e-01  9.09989090e-01 
 1.05864760e-06  9.10000000e-01  9.09989175e-01 
 1.05974760e-06  9.10000000e-01  9.09989259e-01 
 1.06084760e-06  9.10000000e-01  9.09989342e-01 
 1.06194760e-06  9.10000000e-01  9.09989425e-01 
 1.06304760e-06  9.10000000e-01  9.09989507e-01 
 1.06414760e-06  9.10000000e-01  9.09989588e-01 
 1.06524760e-06  9.10000000e-01  9.09989669e-01 
 1.06634760e-06  9.10000000e-01  9.09989749e-01 
 1.06744760e-06  9.10000000e-01  9.09989829e-01 
 1.06854760e-06  9.10000000e-01  9.09989908e-01 
 1.06964760e-06  9.10000000e-01  9.09989986e-01 
 1.07074760e-06  9.10000000e-01  9.09990063e-01 
 1.07184760e-06  9.10000000e-01  9.09990140e-01 
 1.07294760e-06  9.10000000e-01  9.09990217e-01 
 1.07404760e-06  9.10000000e-01  9.09990293e-01 
 1.07514760e-06  9.10000000e-01  9.09990368e-01 
 1.07624760e-06  9.10000000e-01  9.09990442e-01 
 1.07734760e-06  9.10000000e-01  9.09990516e-01 
 1.07844760e-06  9.10000000e-01  9.09990590e-01 
 1.07954760e-06  9.10000000e-01  9.09990663e-01 
 1.08064760e-06  9.10000000e-01  9.09990735e-01 
 1.08174760e-06  9.10000000e-01  9.09990807e-01 
 1.08284760e-06  9.10000000e-01  9.09990878e-01 
 1.08394760e-06  9.10000000e-01  9.09990948e-01 
 1.08504760e-06  9.10000000e-01  9.09991018e-01 
 1.08614760e-06  9.10000000e-01  9.09991088e-01 
 1.08724760e-06  9.10000000e-01  9.09991157e-01 
 1.08834760e-06  9.10000000e-01  9.09991225e-01 
 1.08944760e-06  9.10000000e-01  9.09991293e-01 
 1.09054760e-06  9.10000000e-01  9.09991360e-01 
 1.09164760e-06  9.10000000e-01  9.09991427e-01 
 1.09274760e-06  9.10000000e-01  9.09991493e-01 
 1.09384760e-06  9.10000000e-01  9.09991559e-01 
 1.09494760e-06  9.10000000e-01  9.09991624e-01 
 1.09604760e-06  9.10000000e-01  9.09991688e-01 
 1.09714760e-06  9.10000000e-01  9.09991752e-01 
 1.09824760e-06  9.10000000e-01  9.09991816e-01 
 1.09934760e-06  9.10000000e-01  9.09991879e-01 
 1.10000000e-06  9.10000000e-01  9.09991916e-01 
