 time            v(inp)          v(out)         
 0.00000000e+00  8.00000000e-01  8.00000444e-01 
 1.10000000e-11  8.00000000e-01  8.00000444e-01 
 2.20000000e-11  8.00000000e-01  8.00000444e-01 
 4.40000000e-11  8.00000000e-01  8.00000444e-01 
 8.80000000e-11  8.00000000e-01  8.00000444e-01 
 1.76000000e-10  8.00000000e-01  8.00000444e-01 
 3.52000000e-10  8.00000000e-01  8.00000444e-01 
 7.04000000e-10  8.00000000e-01  8.00000444e-01 
 1.40800000e-09  8.00000000e-01  8.00000444e-01 
 2.50800000e-09  8.00000000e-01  8.00000444e-01 
 3.60800000e-09  8.00000000e-01  8.00000444e-01 
 4.70800000e-09  8.00000000e-01  8.00000444e-01 
 5.80800000e-09  8.00000000e-01  8.00000444e-01 
 6.90800000e-09  8.00000000e-01  8.00000444e-01 
 8.00800000e-09  8.00000000e-01  8.00000444e-01 
 9.10800000e-09  8.00000000e-01  8.00000444e-01 
 1.02080000e-08  8.00000000e-01  8.00000444e-01 
 1.13080000e-08  8.00000000e-01  8.00000444e-01 
 1.24080000e-08  8.00000000e-01  8.00000444e-01 
 1.35080000e-08  8.00000000e-01  8.00000444e-01 
 1.46080000e-08  8.00000000e-01  8.00000444e-01 
 1.57080000e-08  8.00000000e-01  8.00000444e-01 
 1.68080000e-08  8.00000000e-01  8.00000444e-01 
 1.79080000e-08  8.00000000e-01  8.00000444e-01 
 1.90080000e-08  8.00000000e-01  8.00000444e-01 
 2.01080000e-08  8.00000000e-01  8.00000444e-01 
 2.12080000e-08  8.00000000e-01  8.00000444e-01 
 2.23080000e-08  8.00000000e-01  8.00000444e-01 
 2.34080000e-08  8.00000000e-01  8.00000444e-01 
 2.45080000e-08  8.00000000e-01  8.00000444e-01 
 2.56080000e-08  8.00000000e-01  8.00000444e-01 
 2.67080000e-08  8.00000000e-01  8.00000444e-01 
 2.78080000e-08  8.00000000e-01  8.00000444e-01 
 2.89080000e-08  8.00000000e-01  8.00000444e-01 
 3.00080000e-08  8.00000000e-01  8.00000444e-01 
 3.11080000e-08  8.00000000e-01  8.00000444e-01 
 3.22080000e-08  8.00000000e-01  8.00000444e-01 
 3.33080000e-08  8.00000000e-01  8.00000444e-01 
 3.44080000e-08  8.00000000e-01  8.00000444e-01 
 3.55080000e-08  8.00000000e-01  8.00000444e-01 
 3.66080000e-08  8.00000000e-01  8.00000444e-01 
 3.77080000e-08  8.00000000e-01  8.00000444e-01 
 3.88080000e-08  8.00000000e-01  8.00000444e-01 
 3.99080000e-08  8.00000000e-01  8.00000444e-01 
 4.10080000e-08  8.00000000e-01  8.00000444e-01 
 4.21080000e-08  8.00000000e-01  8.00000444e-01 
 4.32080000e-08  8.00000000e-01  8.00000444e-01 
 4.43080000e-08  8.00000000e-01  8.00000444e-01 
 4.54080000e-08  8.00000000e-01  8.00000444e-01 
 4.65080000e-08  8.00000000e-01  8.00000444e-01 
 4.76080000e-08  8.00000000e-01  8.00000444e-01 
 4.87080000e-08  8.00000000e-01  8.00000444e-01 
 4.98080000e-08  8.00000000e-01  8.00000444e-01 
 5.09080000e-08  8.00000000e-01  8.00000444e-01 
 5.20080000e-08  8.00000000e-01  8.00000444e-01 
 5.31080000e-08  8.00000000e-01  8.00000444e-01 
 5.42080000e-08  8.00000000e-01  8.00000444e-01 
 5.53080000e-08  8.00000000e-01  8.00000444e-01 
 5.64080000e-08  8.00000000e-01  8.00000444e-01 
 5.75080000e-08  8.00000000e-01  8.00000444e-01 
 5.86080000e-08  8.00000000e-01  8.00000444e-01 
 5.97080000e-08  8.00000000e-01  8.00000444e-01 
 6.08080000e-08  8.00000000e-01  8.00000444e-01 
 6.19080000e-08  8.00000000e-01  8.00000444e-01 
 6.30080000e-08  8.00000000e-01  8.00000444e-01 
 6.41080000e-08  8.00000000e-01  8.00000444e-01 
 6.52080000e-08  8.00000000e-01  8.00000444e-01 
 6.63080000e-08  8.00000000e-01  8.00000444e-01 
 6.74080000e-08  8.00000000e-01  8.00000444e-01 
 6.85080000e-08  8.00000000e-01  8.00000444e-01 
 6.96080000e-08  8.00000000e-01  8.00000444e-01 
 7.07080000e-08  8.00000000e-01  8.00000444e-01 
 7.18080000e-08  8.00000000e-01  8.00000444e-01 
 7.29080000e-08  8.00000000e-01  8.00000444e-01 
 7.40080000e-08  8.00000000e-01  8.00000444e-01 
 7.51080000e-08  8.00000000e-01  8.00000444e-01 
 7.62080000e-08  8.00000000e-01  8.00000444e-01 
 7.73080000e-08  8.00000000e-01  8.00000444e-01 
 7.84080000e-08  8.00000000e-01  8.00000444e-01 
 7.95080000e-08  8.00000000e-01  8.00000444e-01 
 8.06080000e-08  8.00000000e-01  8.00000444e-01 
 8.17080000e-08  8.00000000e-01  8.00000444e-01 
 8.28080000e-08  8.00000000e-01  8.00000444e-01 
 8.39080000e-08  8.00000000e-01  8.00000444e-01 
 8.50080000e-08  8.00000000e-01  8.00000444e-01 
 8.61080000e-08  8.00000000e-01  8.00000444e-01 
 8.72080000e-08  8.00000000e-01  8.00000444e-01 
 8.83080000e-08  8.00000000e-01  8.00000444e-01 
 8.94080000e-08  8.00000000e-01  8.00000444e-01 
 9.05080000e-08  8.00000000e-01  8.00000444e-01 
 9.16080000e-08  8.00000000e-01  8.00000444e-01 
 9.27080000e-08  8.00000000e-01  8.00000444e-01 
 9.38080000e-08  8.00000000e-01  8.00000444e-01 
 9.49080000e-08  8.00000000e-01  8.00000444e-01 
 9.60080000e-08  8.00000000e-01  8.00000444e-01 
 9.71080000e-08  8.00000000e-01  8.00000444e-01 
 9.82080000e-08  8.00000000e-01  8.00000444e-01 
 9.93080000e-08  8.00000000e-01  8.00000444e-01 
 1.00000000e-07  8.00000000e-01  8.00000444e-01 
 1.00001000e-07  8.30000000e-01  8.00154475e-01 
 1.00003000e-07  8.90000000e-01  8.00416348e-01 
 1.00007000e-07  1.01000000e+00  8.00728504e-01 
 1.00010000e-07  1.10000000e+00  8.00915643e-01 
 1.00010800e-07  1.10000000e+00  8.00915614e-01 
 1.00012400e-07  1.10000000e+00  8.00915557e-01 
 1.00015600e-07  1.10000000e+00  8.00915449e-01 
 1.00022000e-07  1.10000000e+00  8.00915254e-01 
 1.00034800e-07  1.10000000e+00  8.00914947e-01 
 1.00060400e-07  1.10000000e+00  8.00914655e-01 
 1.00111600e-07  1.10000000e+00  8.00915239e-01 
 1.00214000e-07  1.10000000e+00  8.00920346e-01 
 1.00418800e-07  1.10000000e+00  8.00942102e-01 
 1.00828400e-07  1.10000000e+00  8.01012160e-01 
 1.01647600e-07  1.10000000e+00  8.01173494e-01 
 1.02747600e-07  1.10000000e+00  8.01325750e-01 
 1.03847600e-07  1.10000000e+00  8.01451239e-01 
 1.04947600e-07  1.10000000e+00  8.01650637e-01 
 1.06047600e-07  1.10000000e+00  8.01935269e-01 
 1.07147600e-07  1.10000000e+00  8.02277740e-01 
 1.08247600e-07  1.10000000e+00  8.02659941e-01 
 1.09347600e-07  1.10000000e+00  8.03070468e-01 
 1.10447600e-07  1.10000000e+00  8.03501770e-01 
 1.11547600e-07  1.10000000e+00  8.03948610e-01 
 1.12647600e-07  1.10000000e+00  8.04407291e-01 
 1.13747600e-07  1.10000000e+00  8.04875189e-01 
 1.14847600e-07  1.10000000e+00  8.05350437e-01 
 1.15947600e-07  1.10000000e+00  8.05831614e-01 
 1.17047600e-07  1.10000000e+00  8.06317624e-01 
 1.18147600e-07  1.10000000e+00  8.06807679e-01 
 1.19247600e-07  1.10000000e+00  8.07301175e-01 
 1.20347600e-07  1.10000000e+00  8.07797637e-01 
 1.21447600e-07  1.10000000e+00  8.08296683e-01 
 1.22547600e-07  1.10000000e+00  8.08798001e-01 
 1.23647600e-07  1.10000000e+00  8.09301332e-01 
 1.24747600e-07  1.10000000e+00  8.09806456e-01 
 1.25847600e-07  1.10000000e+00  8.10313186e-01 
 1.26947600e-07  1.10000000e+00  8.10821360e-01 
 1.28047600e-07  1.10000000e+00  8.11330838e-01 
 1.29147600e-07  1.10000000e+00  8.11841496e-01 
 1.30247600e-07  1.10000000e+00  8.12353223e-01 
 1.31347600e-07  1.10000000e+00  8.12865924e-01 
 1.32447600e-07  1.10000000e+00  8.13379510e-01 
 1.33547600e-07  1.10000000e+00  8.13893906e-01 
 1.34647600e-07  1.10000000e+00  8.14409040e-01 
 1.35747600e-07  1.10000000e+00  8.14924850e-01 
 1.36847600e-07  1.10000000e+00  8.15441280e-01 
 1.37947600e-07  1.10000000e+00  8.15958278e-01 
 1.39047600e-07  1.10000000e+00  8.16475798e-01 
 1.40147600e-07  1.10000000e+00  8.16993797e-01 
 1.41247600e-07  1.10000000e+00  8.17512239e-01 
 1.42347600e-07  1.10000000e+00  8.18031086e-01 
 1.43447600e-07  1.10000000e+00  8.18550309e-01 
 1.44547600e-07  1.10000000e+00  8.19069877e-01 
 1.45647600e-07  1.10000000e+00  8.19589765e-01 
 1.46747600e-07  1.10000000e+00  8.20109949e-01 
 1.47847600e-07  1.10000000e+00  8.20630405e-01 
 1.48947600e-07  1.10000000e+00  8.21151115e-01 
 1.50047600e-07  1.10000000e+00  8.21672058e-01 
 1.51147600e-07  1.10000000e+00  8.22193220e-01 
 1.52247600e-07  1.10000000e+00  8.22714582e-01 
 1.53347600e-07  1.10000000e+00  8.23236132e-01 
 1.54447600e-07  1.10000000e+00  8.23757856e-01 
 1.55547600e-07  1.10000000e+00  8.24279742e-01 
 1.56647600e-07  1.10000000e+00  8.24801779e-01 
 1.57747600e-07  1.10000000e+00  8.25323956e-01 
 1.58847600e-07  1.10000000e+00  8.25846264e-01 
 1.59947600e-07  1.10000000e+00  8.26368693e-01 
 1.61047600e-07  1.10000000e+00  8.26891237e-01 
 1.62147600e-07  1.10000000e+00  8.27413887e-01 
 1.63247600e-07  1.10000000e+00  8.27936637e-01 
 1.64347600e-07  1.10000000e+00  8.28459480e-01 
 1.65447600e-07  1.10000000e+00  8.28982410e-01 
 1.66547600e-07  1.10000000e+00  8.29505421e-01 
 1.67647600e-07  1.10000000e+00  8.30028510e-01 
 1.68747600e-07  1.10000000e+00  8.30551670e-01 
 1.69847600e-07  1.10000000e+00  8.31074897e-01 
 1.70947600e-07  1.10000000e+00  8.31598188e-01 
 1.72047600e-07  1.10000000e+00  8.32121539e-01 
 1.73147600e-07  1.10000000e+00  8.32644946e-01 
 1.74247600e-07  1.10000000e+00  8.33168406e-01 
 1.75347600e-07  1.10000000e+00  8.33691915e-01 
 1.76447600e-07  1.10000000e+00  8.34215472e-01 
 1.77547600e-07  1.10000000e+00  8.34739073e-01 
 1.78647600e-07  1.10000000e+00  8.35262716e-01 
 1.79747600e-07  1.10000000e+00  8.35786399e-01 
 1.80847600e-07  1.10000000e+00  8.36310119e-01 
 1.81947600e-07  1.10000000e+00  8.36833874e-01 
 1.83047600e-07  1.10000000e+00  8.37357663e-01 
 1.84147600e-07  1.10000000e+00  8.37881484e-01 
 1.85247600e-07  1.10000000e+00  8.38405335e-01 
 1.86347600e-07  1.10000000e+00  8.38929215e-01 
 1.87447600e-07  1.10000000e+00  8.39453122e-01 
 1.88547600e-07  1.10000000e+00  8.39977055e-01 
 1.89647600e-07  1.10000000e+00  8.40501012e-01 
 1.90747600e-07  1.10000000e+00  8.41024992e-01 
 1.91847600e-07  1.10000000e+00  8.41548995e-01 
 1.92947600e-07  1.10000000e+00  8.42073019e-01 
 1.94047600e-07  1.10000000e+00  8.42597062e-01 
 1.95147600e-07  1.10000000e+00  8.43121125e-01 
 1.96247600e-07  1.10000000e+00  8.43645206e-01 
 1.97347600e-07  1.10000000e+00  8.44169304e-01 
 1.98447600e-07  1.10000000e+00  8.44693419e-01 
 1.99547600e-07  1.10000000e+00  8.45217549e-01 
 2.00647600e-07  1.10000000e+00  8.45741695e-01 
 2.01747600e-07  1.10000000e+00  8.46265854e-01 
 2.02847600e-07  1.10000000e+00  8.46790027e-01 
 2.03947600e-07  1.10000000e+00  8.47314213e-01 
 2.05047600e-07  1.10000000e+00  8.47838411e-01 
 2.06147600e-07  1.10000000e+00  8.48362621e-01 
 2.07247600e-07  1.10000000e+00  8.48886842e-01 
 2.08347600e-07  1.10000000e+00  8.49411073e-01 
 2.09447600e-07  1.10000000e+00  8.49935315e-01 
 2.10547600e-07  1.10000000e+00  8.50459566e-01 
 2.11647600e-07  1.10000000e+00  8.50983826e-01 
 2.12747600e-07  1.10000000e+00  8.51508094e-01 
 2.13847600e-07  1.10000000e+00  8.52032371e-01 
 2.14947600e-07  1.10000000e+00  8.52556655e-01 
 2.16047600e-07  1.10000000e+00  8.53080946e-01 
 2.17147600e-07  1.10000000e+00  8.53605245e-01 
 2.18247600e-07  1.10000000e+00  8.54129549e-01 
 2.19347600e-07  1.10000000e+00  8.54653860e-01 
 2.20447600e-07  1.10000000e+00  8.55178176e-01 
 2.21547600e-07  1.10000000e+00  8.55702497e-01 
 2.22647600e-07  1.10000000e+00  8.56226823e-01 
 2.23747600e-07  1.10000000e+00  8.56751154e-01 
 2.24847600e-07  1.10000000e+00  8.57275489e-01 
 2.25947600e-07  1.10000000e+00  8.57799827e-01 
 2.27047600e-07  1.10000000e+00  8.58324169e-01 
 2.28147600e-07  1.10000000e+00  8.58848514e-01 
 2.29247600e-07  1.10000000e+00  8.59372862e-01 
 2.30347600e-07  1.10000000e+00  8.59897212e-01 
 2.31447600e-07  1.10000000e+00  8.60421564e-01 
 2.32547600e-07  1.10000000e+00  8.60945918e-01 
 2.33647600e-07  1.10000000e+00  8.61470274e-01 
 2.34747600e-07  1.10000000e+00  8.61994630e-01 
 2.35847600e-07  1.10000000e+00  8.62518988e-01 
 2.36947600e-07  1.10000000e+00  8.63043346e-01 
 2.38047600e-07  1.10000000e+00  8.63567705e-01 
 2.39147600e-07  1.10000000e+00  8.64092063e-01 
 2.40247600e-07  1.10000000e+00  8.64616421e-01 
 2.41347600e-07  1.10000000e+00  8.65140778e-01 
 2.42447600e-07  1.10000000e+00  8.65665135e-01 
 2.43547600e-07  1.10000000e+00  8.66189490e-01 
 2.44647600e-07  1.10000000e+00  8.66713844e-01 
 2.45747600e-07  1.10000000e+00  8.67238196e-01 
 2.46847600e-07  1.10000000e+00  8.67762546e-01 
 2.47947600e-07  1.10000000e+00  8.68286893e-01 
 2.49047600e-07  1.10000000e+00  8.68811238e-01 
 2.50147600e-07  1.10000000e+00  8.69335579e-01 
 2.51247600e-07  1.10000000e+00  8.69859918e-01 
 2.52347600e-07  1.10000000e+00  8.70384253e-01 
 2.53447600e-07  1.10000000e+00  8.70908584e-01 
 2.54547600e-07  1.10000000e+00  8.71432911e-01 
 2.55647600e-07  1.10000000e+00  8.71957233e-01 
 2.56747600e-07  1.10000000e+00  8.72481551e-01 
 2.57847600e-07  1.10000000e+00  8.73005864e-01 
 2.58947600e-07  1.10000000e+00  8.73530171e-01 
 2.60047600e-07  1.10000000e+00  8.74054473e-01 
 2.61147600e-07  1.10000000e+00  8.74578769e-01 
 2.62247600e-07  1.10000000e+00  8.75103059e-01 
 2.63347600e-07  1.10000000e+00  8.75627342e-01 
 2.64447600e-07  1.10000000e+00  8.76151619e-01 
 2.65547600e-07  1.10000000e+00  8.76675888e-01 
 2.66647600e-07  1.10000000e+00  8.77200150e-01 
 2.67747600e-07  1.10000000e+00  8.77724404e-01 
 2.68847600e-07  1.10000000e+00  8.78248650e-01 
 2.69947600e-07  1.10000000e+00  8.78772888e-01 
 2.71047600e-07  1.10000000e+00  8.79297117e-01 
 2.72147600e-07  1.10000000e+00  8.79821337e-01 
 2.73247600e-07  1.10000000e+00  8.80345548e-01 
 2.74347600e-07  1.10000000e+00  8.80869749e-01 
 2.75447600e-07  1.10000000e+00  8.81393940e-01 
 2.76547600e-07  1.10000000e+00  8.81918121e-01 
 2.77647600e-07  1.10000000e+00  8.82442291e-01 
 2.78747600e-07  1.10000000e+00  8.82966450e-01 
 2.79847600e-07  1.10000000e+00  8.83490598e-01 
 2.80947600e-07  1.10000000e+00  8.84014735e-01 
 2.82047600e-07  1.10000000e+00  8.84538859e-01 
 2.83147600e-07  1.10000000e+00  8.85062971e-01 
 2.84247600e-07  1.10000000e+00  8.85587070e-01 
 2.85347600e-07  1.10000000e+00  8.86111157e-01 
 2.86447600e-07  1.10000000e+00  8.86635229e-01 
 2.87547600e-07  1.10000000e+00  8.87159289e-01 
 2.88647600e-07  1.10000000e+00  8.87683333e-01 
 2.89747600e-07  1.10000000e+00  8.88207364e-01 
 2.90847600e-07  1.10000000e+00  8.88731379e-01 
 2.91947600e-07  1.10000000e+00  8.89255380e-01 
 2.93047600e-07  1.10000000e+00  8.89779364e-01 
 2.94147600e-07  1.10000000e+00  8.90303333e-01 
 2.95247600e-07  1.10000000e+00  8.90827285e-01 
 2.96347600e-07  1.10000000e+00  8.91351220e-01 
 2.97447600e-07  1.10000000e+00  8.91875138e-01 
 2.98547600e-07  1.10000000e+00  8.92399038e-01 
 2.99647600e-07  1.10000000e+00  8.92922920e-01 
 3.00747600e-07  1.10000000e+00  8.93446783e-01 
 3.01847600e-07  1.10000000e+00  8.93970628e-01 
 3.02947600e-07  1.10000000e+00  8.94494453e-01 
 3.04047600e-07  1.10000000e+00  8.95018258e-01 
 3.05147600e-07  1.10000000e+00  8.95542044e-01 
 3.06247600e-07  1.10000000e+00  8.96065808e-01 
 3.07347600e-07  1.10000000e+00  8.96589551e-01 
 3.08447600e-07  1.10000000e+00  8.97113273e-01 
 3.09547600e-07  1.10000000e+00  8.97636972e-01 
 3.10647600e-07  1.10000000e+00  8.98160649e-01 
 3.11747600e-07  1.10000000e+00  8.98684303e-01 
 3.12847600e-07  1.10000000e+00  8.99207933e-01 
 3.13947600e-07  1.10000000e+00  8.99731539e-01 
 3.15047600e-07  1.10000000e+00  9.00255121e-01 
 3.16147600e-07  1.10000000e+00  9.00778677e-01 
 3.17247600e-07  1.10000000e+00  9.01302208e-01 
 3.18347600e-07  1.10000000e+00  9.01825713e-01 
 3.19447600e-07  1.10000000e+00  9.02349191e-01 
 3.20547600e-07  1.10000000e+00  9.02872642e-01 
 3.21647600e-07  1.10000000e+00  9.03396065e-01 
 3.22747600e-07  1.10000000e+00  9.03919459e-01 
 3.23847600e-07  1.10000000e+00  9.04442825e-01 
 3.24947600e-07  1.10000000e+00  9.04966162e-01 
 3.26047600e-07  1.10000000e+00  9.05489468e-01 
 3.27147600e-07  1.10000000e+00  9.06012744e-01 
 3.28247600e-07  1.10000000e+00  9.06535988e-01 
 3.29347600e-07  1.10000000e+00  9.07059201e-01 
 3.30447600e-07  1.10000000e+00  9.07582381e-01 
 3.31547600e-07  1.10000000e+00  9.08105529e-01 
 3.32647600e-07  1.10000000e+00  9.08628642e-01 
 3.33747600e-07  1.10000000e+00  9.09151721e-01 
 3.34847600e-07  1.10000000e+00  9.09674765e-01 
 3.35947600e-07  1.10000000e+00  9.10197773e-01 
 3.37047600e-07  1.10000000e+00  9.10720745e-01 
 3.38147600e-07  1.10000000e+00  9.11243680e-01 
 3.39247600e-07  1.10000000e+00  9.11766577e-01 
 3.40347600e-07  1.10000000e+00  9.12289436e-01 
 3.41447600e-07  1.10000000e+00  9.12812255e-01 
 3.42547600e-07  1.10000000e+00  9.13335035e-01 
 3.43647600e-07  1.10000000e+00  9.13857774e-01 
 3.44747600e-07  1.10000000e+00  9.14380471e-01 
 3.45847600e-07  1.10000000e+00  9.14903126e-01 
 3.46947600e-07  1.10000000e+00  9.15425739e-01 
 3.48047600e-07  1.10000000e+00  9.15948307e-01 
 3.49147600e-07  1.10000000e+00  9.16470831e-01 
 3.50247600e-07  1.10000000e+00  9.16993310e-01 
 3.51347600e-07  1.10000000e+00  9.17515742e-01 
 3.52447600e-07  1.10000000e+00  9.18038127e-01 
 3.53547600e-07  1.10000000e+00  9.18560465e-01 
 3.54647600e-07  1.10000000e+00  9.19082753e-01 
 3.55747600e-07  1.10000000e+00  9.19604992e-01 
 3.56847600e-07  1.10000000e+00  9.20127181e-01 
 3.57947600e-07  1.10000000e+00  9.20649317e-01 
 3.59047600e-07  1.10000000e+00  9.21171402e-01 
 3.60147600e-07  1.10000000e+00  9.21693433e-01 
 3.61247600e-07  1.10000000e+00  9.22215410e-01 
 3.62347600e-07  1.10000000e+00  9.22737332e-01 
 3.63447600e-07  1.10000000e+00  9.23259197e-01 
 3.64547600e-07  1.10000000e+00  9.23781005e-01 
 3.65647600e-07  1.10000000e+00  9.24302755e-01 
 3.66747600e-07  1.10000000e+00  9.24824445e-01 
 3.67847600e-07  1.10000000e+00  9.25346075e-01 
 3.68947600e-07  1.10000000e+00  9.25867644e-01 
 3.70047600e-07  1.10000000e+00  9.26389150e-01 
 3.71147600e-07  1.10000000e+00  9.26910593e-01 
 3.72247600e-07  1.10000000e+00  9.27431970e-01 
 3.73347600e-07  1.10000000e+00  9.27953282e-01 
 3.74447600e-07  1.10000000e+00  9.28474527e-01 
 3.75547600e-07  1.10000000e+00  9.28995703e-01 
 3.76647600e-07  1.10000000e+00  9.29516810e-01 
 3.77747600e-07  1.10000000e+00  9.30037846e-01 
 3.78847600e-07  1.10000000e+00  9.30558811e-01 
 3.79947600e-07  1.10000000e+00  9.31079702e-01 
 3.81047600e-07  1.10000000e+00  9.31600518e-01 
 3.82147600e-07  1.10000000e+00  9.32121259e-01 
 3.83247600e-07  1.10000000e+00  9.32641923e-01 
 3.84347600e-07  1.10000000e+00  9.33162508e-01 
 3.85447600e-07  1.10000000e+00  9.33683013e-01 
 3.86547600e-07  1.10000000e+00  9.34203437e-01 
 3.87647600e-07  1.10000000e+00  9.34723778e-01 
 3.88747600e-07  1.10000000e+00  9.35244035e-01 
 3.89847600e-07  1.10000000e+00  9.35764207e-01 
 3.90947600e-07  1.10000000e+00  9.36284291e-01 
 3.92047600e-07  1.10000000e+00  9.36804287e-01 
 3.93147600e-07  1.10000000e+00  9.37324192e-01 
 3.94247600e-07  1.10000000e+00  9.37844006e-01 
 3.95347600e-07  1.10000000e+00  9.38363726e-01 
 3.96447600e-07  1.10000000e+00  9.38883351e-01 
 3.97547600e-07  1.10000000e+00  9.39402879e-01 
 3.98647600e-07  1.10000000e+00  9.39922309e-01 
 3.99747600e-07  1.10000000e+00  9.40441639e-01 
 4.00847600e-07  1.10000000e+00  9.40960867e-01 
 4.01947600e-07  1.10000000e+00  9.41479991e-01 
 4.03047600e-07  1.10000000e+00  9.41999009e-01 
 4.04147600e-07  1.10000000e+00  9.42517920e-01 
 4.05247600e-07  1.10000000e+00  9.43036722e-01 
 4.06347600e-07  1.10000000e+00  9.43555412e-01 
 4.07447600e-07  1.10000000e+00  9.44073990e-01 
 4.08547600e-07  1.10000000e+00  9.44592452e-01 
 4.09647600e-07  1.10000000e+00  9.45110796e-01 
 4.10747600e-07  1.10000000e+00  9.45629021e-01 
 4.11847600e-07  1.10000000e+00  9.46147125e-01 
 4.12947600e-07  1.10000000e+00  9.46665105e-01 
 4.14047600e-07  1.10000000e+00  9.47182959e-01 
 4.15147600e-07  1.10000000e+00  9.47700685e-01 
 4.16247600e-07  1.10000000e+00  9.48218280e-01 
 4.17347600e-07  1.10000000e+00  9.48735743e-01 
 4.18447600e-07  1.10000000e+00  9.49253070e-01 
 4.19547600e-07  1.10000000e+00  9.49770260e-01 
 4.20647600e-07  1.10000000e+00  9.50287309e-01 
 4.21747600e-07  1.10000000e+00  9.50804216e-01 
 4.22847600e-07  1.10000000e+00  9.51320977e-01 
 4.23947600e-07  1.10000000e+00  9.51837591e-01 
 4.25047600e-07  1.10000000e+00  9.52354053e-01 
 4.26147600e-07  1.10000000e+00  9.52870362e-01 
 4.27247600e-07  1.10000000e+00  9.53386515e-01 
 4.28347600e-07  1.10000000e+00  9.53902508e-01 
 4.29447600e-07  1.10000000e+00  9.54418339e-01 
 4.30547600e-07  1.10000000e+00  9.54934005e-01 
 4.31647600e-07  1.10000000e+00  9.55449502e-01 
 4.32747600e-07  1.10000000e+00  9.55964828e-01 
 4.33847600e-07  1.10000000e+00  9.56479979e-01 
 4.34947600e-07  1.10000000e+00  9.56994952e-01 
 4.36047600e-07  1.10000000e+00  9.57509743e-01 
 4.37147600e-07  1.10000000e+00  9.58024349e-01 
 4.38247600e-07  1.10000000e+00  9.58538766e-01 
 4.39347600e-07  1.10000000e+00  9.59052991e-01 
 4.40447600e-07  1.10000000e+00  9.59567020e-01 
 4.41547600e-07  1.10000000e+00  9.60080849e-01 
 4.42647600e-07  1.10000000e+00  9.60594474e-01 
 4.43747600e-07  1.10000000e+00  9.61107890e-01 
 4.44847600e-07  1.10000000e+00  9.61621095e-01 
 4.45947600e-07  1.10000000e+00  9.62134083e-01 
 4.47047600e-07  1.10000000e+00  9.62646851e-01 
 4.48147600e-07  1.10000000e+00  9.63159393e-01 
 4.49247600e-07  1.10000000e+00  9.63671705e-01 
 4.50347600e-07  1.10000000e+00  9.64183782e-01 
 4.51447600e-07  1.10000000e+00  9.64695620e-01 
 4.52547600e-07  1.10000000e+00  9.65207213e-01 
 4.53647600e-07  1.10000000e+00  9.65718557e-01 
 4.54747600e-07  1.10000000e+00  9.66229645e-01 
 4.55847600e-07  1.10000000e+00  9.66740473e-01 
 4.56947600e-07  1.10000000e+00  9.67251035e-01 
 4.58047600e-07  1.10000000e+00  9.67761325e-01 
 4.59147600e-07  1.10000000e+00  9.68271337e-01 
 4.60247600e-07  1.10000000e+00  9.68781066e-01 
 4.61347600e-07  1.10000000e+00  9.69290504e-01 
 4.62447600e-07  1.10000000e+00  9.69799646e-01 
 4.63547600e-07  1.10000000e+00  9.70308485e-01 
 4.64647600e-07  1.10000000e+00  9.70817014e-01 
 4.65747600e-07  1.10000000e+00  9.71325226e-01 
 4.66847600e-07  1.10000000e+00  9.71833115e-01 
 4.67947600e-07  1.10000000e+00  9.72340672e-01 
 4.69047600e-07  1.10000000e+00  9.72847891e-01 
 4.70147600e-07  1.10000000e+00  9.73354763e-01 
 4.71247600e-07  1.10000000e+00  9.73861280e-01 
 4.72347600e-07  1.10000000e+00  9.74367436e-01 
 4.73447600e-07  1.10000000e+00  9.74873221e-01 
 4.74547600e-07  1.10000000e+00  9.75378626e-01 
 4.75647600e-07  1.10000000e+00  9.75883644e-01 
 4.76747600e-07  1.10000000e+00  9.76388265e-01 
 4.77847600e-07  1.10000000e+00  9.76892481e-01 
 4.78947600e-07  1.10000000e+00  9.77396282e-01 
 4.80047600e-07  1.10000000e+00  9.77899659e-01 
 4.81147600e-07  1.10000000e+00  9.78402602e-01 
 4.82247600e-07  1.10000000e+00  9.78905102e-01 
 4.83347600e-07  1.10000000e+00  9.79407150e-01 
 4.84447600e-07  1.10000000e+00  9.79908734e-01 
 4.85547600e-07  1.10000000e+00  9.80409846e-01 
 4.86647600e-07  1.10000000e+00  9.80910476e-01 
 4.87747600e-07  1.10000000e+00  9.81410612e-01 
 4.88847600e-07  1.10000000e+00  9.81910246e-01 
 4.89947600e-07  1.10000000e+00  9.82409367e-01 
 4.91047600e-07  1.10000000e+00  9.82907964e-01 
 4.92147600e-07  1.10000000e+00  9.83406028e-01 
 4.93247600e-07  1.10000000e+00  9.83903549e-01 
 4.94347600e-07  1.10000000e+00  9.84400516e-01 
 4.95447600e-07  1.10000000e+00  9.84896919e-01 
 4.96547600e-07  1.10000000e+00  9.85392749e-01 
 4.97647600e-07  1.10000000e+00  9.85887996e-01 
 4.98747600e-07  1.10000000e+00  9.86382651e-01 
 4.99847600e-07  1.10000000e+00  9.86876703e-01 
 5.00947600e-07  1.10000000e+00  9.87370143e-01 
 5.02047600e-07  1.10000000e+00  9.87862963e-01 
 5.03147600e-07  1.10000000e+00  9.88355154e-01 
 5.04247600e-07  1.10000000e+00  9.88846706e-01 
 5.05347600e-07  1.10000000e+00  9.89337611e-01 
 5.06447600e-07  1.10000000e+00  9.89827862e-01 
 5.07547600e-07  1.10000000e+00  9.90317449e-01 
 5.08647600e-07  1.10000000e+00  9.90806366e-01 
 5.09747600e-07  1.10000000e+00  9.91294604e-01 
 5.10847600e-07  1.10000000e+00  9.91782156e-01 
 5.11947600e-07  1.10000000e+00  9.92269015e-01 
 5.13047600e-07  1.10000000e+00  9.92755173e-01 
 5.14147600e-07  1.10000000e+00  9.93240625e-01 
 5.15247600e-07  1.10000000e+00  9.93725362e-01 
 5.16347600e-07  1.10000000e+00  9.94209380e-01 
 5.17447600e-07  1.10000000e+00  9.94692670e-01 
 5.18547600e-07  1.10000000e+00  9.95175227e-01 
 5.19647600e-07  1.10000000e+00  9.95657045e-01 
 5.20747600e-07  1.10000000e+00  9.96138117e-01 
 5.21847600e-07  1.10000000e+00  9.96618437e-01 
 5.22947600e-07  1.10000000e+00  9.97098000e-01 
 5.24047600e-07  1.10000000e+00  9.97576798e-01 
 5.25147600e-07  1.10000000e+00  9.98054826e-01 
 5.26247600e-07  1.10000000e+00  9.98532078e-01 
 5.27347600e-07  1.10000000e+00  9.99008548e-01 
 5.28447600e-07  1.10000000e+00  9.99484229e-01 
 5.29547600e-07  1.10000000e+00  9.99959115e-01 
 5.30647600e-07  1.10000000e+00  1.00043320e+00 
 5.31747600e-07  1.10000000e+00  1.00090648e+00 
 5.32847600e-07  1.10000000e+00  1.00137894e+00 
 5.33947600e-07  1.10000000e+00  1.00185058e+00 
 5.35047600e-07  1.10000000e+00  1.00232140e+00 
 5.36147600e-07  1.10000000e+00  1.00279138e+00 
 5.37247600e-07  1.10000000e+00  1.00326052e+00 
 5.38347600e-07  1.10000000e+00  1.00372881e+00 
 5.39447600e-07  1.10000000e+00  1.00419625e+00 
 5.40547600e-07  1.10000000e+00  1.00466282e+00 
 5.41647600e-07  1.10000000e+00  1.00512852e+00 
 5.42747600e-07  1.10000000e+00  1.00559335e+00 
 5.43847600e-07  1.10000000e+00  1.00605729e+00 
 5.44947600e-07  1.10000000e+00  1.00652033e+00 
 5.46047600e-07  1.10000000e+00  1.00698248e+00 
 5.47147600e-07  1.10000000e+00  1.00744372e+00 
 5.48247600e-07  1.10000000e+00  1.00790404e+00 
 5.49347600e-07  1.10000000e+00  1.00836343e+00 
 5.50447600e-07  1.10000000e+00  1.00882189e+00 
 5.51547600e-07  1.10000000e+00  1.00927942e+00 
 5.52647600e-07  1.10000000e+00  1.00973599e+00 
 5.53747600e-07  1.10000000e+00  1.01019160e+00 
 5.54847600e-07  1.10000000e+00  1.01064625e+00 
 5.55947600e-07  1.10000000e+00  1.01109992e+00 
 5.57047600e-07  1.10000000e+00  1.01155260e+00 
 5.58147600e-07  1.10000000e+00  1.01200430e+00 
 5.59247600e-07  1.10000000e+00  1.01245499e+00 
 5.60347600e-07  1.10000000e+00  1.01290467e+00 
 5.61447600e-07  1.10000000e+00  1.01335334e+00 
 5.62547600e-07  1.10000000e+00  1.01380098e+00 
 5.63647600e-07  1.10000000e+00  1.01424758e+00 
 5.64747600e-07  1.10000000e+00  1.01469313e+00 
 5.65847600e-07  1.10000000e+00  1.01513763e+00 
 5.66947600e-07  1.10000000e+00  1.01558107e+00 
 5.68047600e-07  1.10000000e+00  1.01602344e+00 
 5.69147600e-07  1.10000000e+00  1.01646472e+00 
 5.70247600e-07  1.10000000e+00  1.01690492e+00 
 5.71347600e-07  1.10000000e+00  1.01734401e+00 
 5.72447600e-07  1.10000000e+00  1.01778200e+00 
 5.73547600e-07  1.10000000e+00  1.01821888e+00 
 5.74647600e-07  1.10000000e+00  1.01865463e+00 
 5.75747600e-07  1.10000000e+00  1.01908924e+00 
 5.76847600e-07  1.10000000e+00  1.01952271e+00 
 5.77947600e-07  1.10000000e+00  1.01995503e+00 
 5.79047600e-07  1.10000000e+00  1.02038619e+00 
 5.80147600e-07  1.10000000e+00  1.02081618e+00 
 5.81247600e-07  1.10000000e+00  1.02124500e+00 
 5.82347600e-07  1.10000000e+00  1.02167262e+00 
 5.83447600e-07  1.10000000e+00  1.02209905e+00 
 5.84547600e-07  1.10000000e+00  1.02252428e+00 
 5.85647600e-07  1.10000000e+00  1.02294830e+00 
 5.86747600e-07  1.10000000e+00  1.02337109e+00 
 5.87847600e-07  1.10000000e+00  1.02379266e+00 
 5.88947600e-07  1.10000000e+00  1.02421299e+00 
 5.90047600e-07  1.10000000e+00  1.02463207e+00 
 5.91147600e-07  1.10000000e+00  1.02504990e+00 
 5.92247600e-07  1.10000000e+00  1.02546647e+00 
 5.93347600e-07  1.10000000e+00  1.02588176e+00 
 5.94447600e-07  1.10000000e+00  1.02629578e+00 
 5.95547600e-07  1.10000000e+00  1.02670851e+00 
 5.96647600e-07  1.10000000e+00  1.02711995e+00 
 5.97747600e-07  1.10000000e+00  1.02753009e+00 
 5.98847600e-07  1.10000000e+00  1.02793891e+00 
 5.99947600e-07  1.10000000e+00  1.02834642e+00 
 6.01047600e-07  1.10000000e+00  1.02875261e+00 
 6.02147600e-07  1.10000000e+00  1.02915746e+00 
 6.03247600e-07  1.10000000e+00  1.02956097e+00 
 6.04347600e-07  1.10000000e+00  1.02996313e+00 
 6.05447600e-07  1.10000000e+00  1.03036394e+00 
 6.06547600e-07  1.10000000e+00  1.03076338e+00 
 6.07647600e-07  1.10000000e+00  1.03116146e+00 
 6.08747600e-07  1.10000000e+00  1.03155816e+00 
 6.09847600e-07  1.10000000e+00  1.03195347e+00 
 6.10947600e-07  1.10000000e+00  1.03234740e+00 
 6.12047600e-07  1.10000000e+00  1.03273993e+00 
 6.13147600e-07  1.10000000e+00  1.03313106e+00 
 6.14247600e-07  1.10000000e+00  1.03352077e+00 
 6.15347600e-07  1.10000000e+00  1.03390908e+00 
 6.16447600e-07  1.10000000e+00  1.03429595e+00 
 6.17547600e-07  1.10000000e+00  1.03468140e+00 
 6.18647600e-07  1.10000000e+00  1.03506542e+00 
 6.19747600e-07  1.10000000e+00  1.03544800e+00 
 6.20847600e-07  1.10000000e+00  1.03582912e+00 
 6.21947600e-07  1.10000000e+00  1.03620880e+00 
 6.23047600e-07  1.10000000e+00  1.03658702e+00 
 6.24147600e-07  1.10000000e+00  1.03696377e+00 
 6.25247600e-07  1.10000000e+00  1.03733906e+00 
 6.26347600e-07  1.10000000e+00  1.03771287e+00 
 6.27447600e-07  1.10000000e+00  1.03808521e+00 
 6.28547600e-07  1.10000000e+00  1.03845606e+00 
 6.29647600e-07  1.10000000e+00  1.03882542e+00 
 6.30747600e-07  1.10000000e+00  1.03919329e+00 
 6.31847600e-07  1.10000000e+00  1.03955966e+00 
 6.32947600e-07  1.10000000e+00  1.03992452e+00 
 6.34047600e-07  1.10000000e+00  1.04028789e+00 
 6.35147600e-07  1.10000000e+00  1.04064973e+00 
 6.36247600e-07  1.10000000e+00  1.04101007e+00 
 6.37347600e-07  1.10000000e+00  1.04136888e+00 
 6.38447600e-07  1.10000000e+00  1.04172617e+00 
 6.39547600e-07  1.10000000e+00  1.04208194e+00 
 6.40647600e-07  1.10000000e+00  1.04243617e+00 
 6.41747600e-07  1.10000000e+00  1.04278888e+00 
 6.42847600e-07  1.10000000e+00  1.04314004e+00 
 6.43947600e-07  1.10000000e+00  1.04348966e+00 
 6.45047600e-07  1.10000000e+00  1.04383774e+00 
 6.46147600e-07  1.10000000e+00  1.04418428e+00 
 6.47247600e-07  1.10000000e+00  1.04452927e+00 
 6.48347600e-07  1.10000000e+00  1.04487270e+00 
 6.49447600e-07  1.10000000e+00  1.04521458e+00 
 6.50547600e-07  1.10000000e+00  1.04555491e+00 
 6.51647600e-07  1.10000000e+00  1.04589367e+00 
 6.52747600e-07  1.10000000e+00  1.04623088e+00 
 6.53847600e-07  1.10000000e+00  1.04656652e+00 
 6.54947600e-07  1.10000000e+00  1.04690060e+00 
 6.56047600e-07  1.10000000e+00  1.04723312e+00 
 6.57147600e-07  1.10000000e+00  1.04756407e+00 
 6.58247600e-07  1.10000000e+00  1.04789345e+00 
 6.59347600e-07  1.10000000e+00  1.04822126e+00 
 6.60447600e-07  1.10000000e+00  1.04854749e+00 
 6.61547600e-07  1.10000000e+00  1.04887216e+00 
 6.62647600e-07  1.10000000e+00  1.04919525e+00 
 6.63747600e-07  1.10000000e+00  1.04951678e+00 
 6.64847600e-07  1.10000000e+00  1.04983672e+00 
 6.65947600e-07  1.10000000e+00  1.05015510e+00 
 6.67047600e-07  1.10000000e+00  1.05047189e+00 
 6.68147600e-07  1.10000000e+00  1.05078712e+00 
 6.69247600e-07  1.10000000e+00  1.05110077e+00 
 6.70347600e-07  1.10000000e+00  1.05141284e+00 
 6.71447600e-07  1.10000000e+00  1.05172334e+00 
 6.72547600e-07  1.10000000e+00  1.05203227e+00 
 6.73647600e-07  1.10000000e+00  1.05233962e+00 
 6.74747600e-07  1.10000000e+00  1.05264540e+00 
 6.75847600e-07  1.10000000e+00  1.05294961e+00 
 6.76947600e-07  1.10000000e+00  1.05325224e+00 
 6.78047600e-07  1.10000000e+00  1.05355331e+00 
 6.79147600e-07  1.10000000e+00  1.05385280e+00 
 6.80247600e-07  1.10000000e+00  1.05415073e+00 
 6.81347600e-07  1.10000000e+00  1.05444709e+00 
 6.82447600e-07  1.10000000e+00  1.05474189e+00 
 6.83547600e-07  1.10000000e+00  1.05503512e+00 
 6.84647600e-07  1.10000000e+00  1.05532679e+00 
 6.85747600e-07  1.10000000e+00  1.05561691e+00 
 6.86847600e-07  1.10000000e+00  1.05590546e+00 
 6.87947600e-07  1.10000000e+00  1.05619245e+00 
 6.89047600e-07  1.10000000e+00  1.05647790e+00 
 6.90147600e-07  1.10000000e+00  1.05676179e+00 
 6.91247600e-07  1.10000000e+00  1.05704413e+00 
 6.92347600e-07  1.10000000e+00  1.05732493e+00 
 6.93447600e-07  1.10000000e+00  1.05760418e+00 
 6.94547600e-07  1.10000000e+00  1.05788188e+00 
 6.95647600e-07  1.10000000e+00  1.05815805e+00 
 6.96747600e-07  1.10000000e+00  1.05843269e+00 
 6.97847600e-07  1.10000000e+00  1.05870579e+00 
 6.98947600e-07  1.10000000e+00  1.05897736e+00 
 7.00047600e-07  1.10000000e+00  1.05924741e+00 
 7.01147600e-07  1.10000000e+00  1.05951593e+00 
 7.02247600e-07  1.10000000e+00  1.05978293e+00 
 7.03347600e-07  1.10000000e+00  1.06004841e+00 
 7.04447600e-07  1.10000000e+00  1.06031238e+00 
 7.05547600e-07  1.10000000e+00  1.06057484e+00 
 7.06647600e-07  1.10000000e+00  1.06083580e+00 
 7.07747600e-07  1.10000000e+00  1.06109525e+00 
 7.08847600e-07  1.10000000e+00  1.06135321e+00 
 7.09947600e-07  1.10000000e+00  1.06160967e+00 
 7.11047600e-07  1.10000000e+00  1.06186464e+00 
 7.12147600e-07  1.10000000e+00  1.06211813e+00 
 7.13247600e-07  1.10000000e+00  1.06237013e+00 
 7.14347600e-07  1.10000000e+00  1.06262066e+00 
 7.15447600e-07  1.10000000e+00  1.06286971e+00 
 7.16547600e-07  1.10000000e+00  1.06311729e+00 
 7.17647600e-07  1.10000000e+00  1.06336341e+00 
 7.18747600e-07  1.10000000e+00  1.06360807e+00 
 7.19847600e-07  1.10000000e+00  1.06385128e+00 
 7.20947600e-07  1.10000000e+00  1.06409303e+00 
 7.22047600e-07  1.10000000e+00  1.06433334e+00 
 7.23147600e-07  1.10000000e+00  1.06457221e+00 
 7.24247600e-07  1.10000000e+00  1.06480964e+00 
 7.25347600e-07  1.10000000e+00  1.06504564e+00 
 7.26447600e-07  1.10000000e+00  1.06528022e+00 
 7.27547600e-07  1.10000000e+00  1.06551337e+00 
 7.28647600e-07  1.10000000e+00  1.06574511e+00 
 7.29747600e-07  1.10000000e+00  1.06597544e+00 
 7.30847600e-07  1.10000000e+00  1.06620436e+00 
 7.31947600e-07  1.10000000e+00  1.06643188e+00 
 7.33047600e-07  1.10000000e+00  1.06665800e+00 
 7.34147600e-07  1.10000000e+00  1.06688274e+00 
 7.35247600e-07  1.10000000e+00  1.06710609e+00 
 7.36347600e-07  1.10000000e+00  1.06732806e+00 
 7.37447600e-07  1.10000000e+00  1.06754866e+00 
 7.38547600e-07  1.10000000e+00  1.06776790e+00 
 7.39647600e-07  1.10000000e+00  1.06798576e+00 
 7.40747600e-07  1.10000000e+00  1.06820228e+00 
 7.41847600e-07  1.10000000e+00  1.06841744e+00 
 7.42947600e-07  1.10000000e+00  1.06863125e+00 
 7.44047600e-07  1.10000000e+00  1.06884373e+00 
 7.45147600e-07  1.10000000e+00  1.06905487e+00 
 7.46247600e-07  1.10000000e+00  1.06926469e+00 
 7.47347600e-07  1.10000000e+00  1.06947318e+00 
 7.48447600e-07  1.10000000e+00  1.06968035e+00 
 7.49547600e-07  1.10000000e+00  1.06988622e+00 
 7.50647600e-07  1.10000000e+00  1.07009078e+00 
 7.51747600e-07  1.10000000e+00  1.07029404e+00 
 7.52847600e-07  1.10000000e+00  1.07049600e+00 
 7.53947600e-07  1.10000000e+00  1.07069668e+00 
 7.55047600e-07  1.10000000e+00  1.07089608e+00 
 7.56147600e-07  1.10000000e+00  1.07109421e+00 
 7.57247600e-07  1.10000000e+00  1.07129106e+00 
 7.58347600e-07  1.10000000e+00  1.07148665e+00 
 7.59447600e-07  1.10000000e+00  1.07168099e+00 
 7.60547600e-07  1.10000000e+00  1.07187407e+00 
 7.61647600e-07  1.10000000e+00  1.07206591e+00 
 7.62747600e-07  1.10000000e+00  1.07225651e+00 
 7.63847600e-07  1.10000000e+00  1.07244588e+00 
 7.64947600e-07  1.10000000e+00  1.07263402e+00 
 7.66047600e-07  1.10000000e+00  1.07282094e+00 
 7.67147600e-07  1.10000000e+00  1.07300665e+00 
 7.68247600e-07  1.10000000e+00  1.07319115e+00 
 7.69347600e-07  1.10000000e+00  1.07337444e+00 
 7.70447600e-07  1.10000000e+00  1.07355654e+00 
 7.71547600e-07  1.10000000e+00  1.07373745e+00 
 7.72647600e-07  1.10000000e+00  1.07391718e+00 
 7.73747600e-07  1.10000000e+00  1.07409573e+00 
 7.74847600e-07  1.10000000e+00  1.07427311e+00 
 7.75947600e-07  1.10000000e+00  1.07444932e+00 
 7.77047600e-07  1.10000000e+00  1.07462438e+00 
 7.78147600e-07  1.10000000e+00  1.07479828e+00 
 7.79247600e-07  1.10000000e+00  1.07497104e+00 
 7.80347600e-07  1.10000000e+00  1.07514265e+00 
 7.81447600e-07  1.10000000e+00  1.07531313e+00 
 7.82547600e-07  1.10000000e+00  1.07548249e+00 
 7.83647600e-07  1.10000000e+00  1.07565072e+00 
 7.84747600e-07  1.10000000e+00  1.07581784e+00 
 7.85847600e-07  1.10000000e+00  1.07598384e+00 
 7.86947600e-07  1.10000000e+00  1.07614875e+00 
 7.88047600e-07  1.10000000e+00  1.07631256e+00 
 7.89147600e-07  1.10000000e+00  1.07647527e+00 
 7.90247600e-07  1.10000000e+00  1.07663690e+00 
 7.91347600e-07  1.10000000e+00  1.07679746e+00 
 7.92447600e-07  1.10000000e+00  1.07695694e+00 
 7.93547600e-07  1.10000000e+00  1.07711535e+00 
 7.94647600e-07  1.10000000e+00  1.07727270e+00 
 7.95747600e-07  1.10000000e+00  1.07742900e+00 
 7.96847600e-07  1.10000000e+00  1.07758426e+00 
 7.97947600e-07  1.10000000e+00  1.07773847e+00 
 7.99047600e-07  1.10000000e+00  1.07789164e+00 
 8.00147600e-07  1.10000000e+00  1.07804378e+00 
 8.01247600e-07  1.10000000e+00  1.07819490e+00 
 8.02347600e-07  1.10000000e+00  1.07834500e+00 
 8.03447600e-07  1.10000000e+00  1.07849409e+00 
 8.04547600e-07  1.10000000e+00  1.07864218e+00 
 8.05647600e-07  1.10000000e+00  1.07878926e+00 
 8.06747600e-07  1.10000000e+00  1.07893535e+00 
 8.07847600e-07  1.10000000e+00  1.07908046e+00 
 8.08947600e-07  1.10000000e+00  1.07922458e+00 
 8.10047600e-07  1.10000000e+00  1.07936772e+00 
 8.11147600e-07  1.10000000e+00  1.07950989e+00 
 8.12247600e-07  1.10000000e+00  1.07965110e+00 
 8.13347600e-07  1.10000000e+00  1.07979135e+00 
 8.14447600e-07  1.10000000e+00  1.07993065e+00 
 8.15547600e-07  1.10000000e+00  1.08006900e+00 
 8.16647600e-07  1.10000000e+00  1.08020641e+00 
 8.17747600e-07  1.10000000e+00  1.08034289e+00 
 8.18847600e-07  1.10000000e+00  1.08047843e+00 
 8.19947600e-07  1.10000000e+00  1.08061305e+00 
 8.21047600e-07  1.10000000e+00  1.08074676e+00 
 8.22147600e-07  1.10000000e+00  1.08087955e+00 
 8.23247600e-07  1.10000000e+00  1.08101143e+00 
 8.24347600e-07  1.10000000e+00  1.08114241e+00 
 8.25447600e-07  1.10000000e+00  1.08127250e+00 
 8.26547600e-07  1.10000000e+00  1.08140170e+00 
 8.27647600e-07  1.10000000e+00  1.08153001e+00 
 8.28747600e-07  1.10000000e+00  1.08165745e+00 
 8.29847600e-07  1.10000000e+00  1.08178401e+00 
 8.30947600e-07  1.10000000e+00  1.08190970e+00 
 8.32047600e-07  1.10000000e+00  1.08203454e+00 
 8.33147600e-07  1.10000000e+00  1.08215851e+00 
 8.34247600e-07  1.10000000e+00  1.08228163e+00 
 8.35347600e-07  1.10000000e+00  1.08240391e+00 
 8.36447600e-07  1.10000000e+00  1.08252535e+00 
 8.37547600e-07  1.10000000e+00  1.08264595e+00 
 8.38647600e-07  1.10000000e+00  1.08276573e+00 
 8.39747600e-07  1.10000000e+00  1.08288468e+00 
 8.40847600e-07  1.10000000e+00  1.08300281e+00 
 8.41947600e-07  1.10000000e+00  1.08312012e+00 
 8.43047600e-07  1.10000000e+00  1.08323663e+00 
 8.44147600e-07  1.10000000e+00  1.08335234e+00 
 8.45247600e-07  1.10000000e+00  1.08346724e+00 
 8.46347600e-07  1.10000000e+00  1.08358136e+00 
 8.47447600e-07  1.10000000e+00  1.08369469e+00 
 8.48547600e-07  1.10000000e+00  1.08380723e+00 
 8.49647600e-07  1.10000000e+00  1.08391900e+00 
 8.50747600e-07  1.10000000e+00  1.08402999e+00 
 8.51847600e-07  1.10000000e+00  1.08414022e+00 
 8.52947600e-07  1.10000000e+00  1.08424968e+00 
 8.54047600e-07  1.10000000e+00  1.08435839e+00 
 8.55147600e-07  1.10000000e+00  1.08446635e+00 
 8.56247600e-07  1.10000000e+00  1.08457356e+00 
 8.57347600e-07  1.10000000e+00  1.08468002e+00 
 8.58447600e-07  1.10000000e+00  1.08478575e+00 
 8.59547600e-07  1.10000000e+00  1.08489075e+00 
 8.60647600e-07  1.10000000e+00  1.08499502e+00 
 8.61747600e-07  1.10000000e+00  1.08509856e+00 
 8.62847600e-07  1.10000000e+00  1.08520139e+00 
 8.63947600e-07  1.10000000e+00  1.08530351e+00 
 8.65047600e-07  1.10000000e+00  1.08540491e+00 
 8.66147600e-07  1.10000000e+00  1.08550562e+00 
 8.67247600e-07  1.10000000e+00  1.08560562e+00 
 8.68347600e-07  1.10000000e+00  1.08570493e+00 
 8.69447600e-07  1.10000000e+00  1.08580355e+00 
 8.70547600e-07  1.10000000e+00  1.08590148e+00 
 8.71647600e-07  1.10000000e+00  1.08599874e+00 
 8.72747600e-07  1.10000000e+00  1.08609531e+00 
 8.73847600e-07  1.10000000e+00  1.08619122e+00 
 8.74947600e-07  1.10000000e+00  1.08628646e+00 
 8.76047600e-07  1.10000000e+00  1.08638104e+00 
 8.77147600e-07  1.10000000e+00  1.08647496e+00 
 8.78247600e-07  1.10000000e+00  1.08656822e+00 
 8.79347600e-07  1.10000000e+00  1.08666084e+00 
 8.80447600e-07  1.10000000e+00  1.08675281e+00 
 8.81547600e-07  1.10000000e+00  1.08684414e+00 
 8.82647600e-07  1.10000000e+00  1.08693484e+00 
 8.83747600e-07  1.10000000e+00  1.08702490e+00 
 8.84847600e-07  1.10000000e+00  1.08711434e+00 
 8.85947600e-07  1.10000000e+00  1.08720316e+00 
 8.87047600e-07  1.10000000e+00  1.08729135e+00 
 8.88147600e-07  1.10000000e+00  1.08737893e+00 
 8.89247600e-07  1.10000000e+00  1.08746590e+00 
 8.90347600e-07  1.10000000e+00  1.08755227e+00 
 8.91447600e-07  1.10000000e+00  1.08763803e+00 
 8.92547600e-07  1.10000000e+00  1.08772319e+00 
 8.93647600e-07  1.10000000e+00  1.08780776e+00 
 8.94747600e-07  1.10000000e+00  1.08789174e+00 
 8.95847600e-07  1.10000000e+00  1.08797514e+00 
 8.96947600e-07  1.10000000e+00  1.08805795e+00 
 8.98047600e-07  1.10000000e+00  1.08814018e+00 
 8.99147600e-07  1.10000000e+00  1.08822184e+00 
 9.00247600e-07  1.10000000e+00  1.08830293e+00 
 9.01347600e-07  1.10000000e+00  1.08838346e+00 
 9.02447600e-07  1.10000000e+00  1.08846342e+00 
 9.03547600e-07  1.10000000e+00  1.08854282e+00 
 9.04647600e-07  1.10000000e+00  1.08862167e+00 
 9.05747600e-07  1.10000000e+00  1.08869997e+00 
 9.06847600e-07  1.10000000e+00  1.08877773e+00 
 9.07947600e-07  1.10000000e+00  1.08885494e+00 
 9.09047600e-07  1.10000000e+00  1.08893161e+00 
 9.10147600e-07  1.10000000e+00  1.08900774e+00 
 9.11247600e-07  1.10000000e+00  1.08908334e+00 
 9.12347600e-07  1.10000000e+00  1.08915842e+00 
 9.13447600e-07  1.10000000e+00  1.08923297e+00 
 9.14547600e-07  1.10000000e+00  1.08930700e+00 
 9.15647600e-07  1.10000000e+00  1.08938051e+00 
 9.16747600e-07  1.10000000e+00  1.08945351e+00 
 9.17847600e-07  1.10000000e+00  1.08952599e+00 
 9.18947600e-07  1.10000000e+00  1.08959797e+00 
 9.20047600e-07  1.10000000e+00  1.08966945e+00 
 9.21147600e-07  1.10000000e+00  1.08974043e+00 
 9.22247600e-07  1.10000000e+00  1.08981091e+00 
 9.23347600e-07  1.10000000e+00  1.08988090e+00 
 9.24447600e-07  1.10000000e+00  1.08995040e+00 
 9.25547600e-07  1.10000000e+00  1.09001942e+00 
 9.26647600e-07  1.10000000e+00  1.09008795e+00 
 9.27747600e-07  1.10000000e+00  1.09015600e+00 
 9.28847600e-07  1.10000000e+00  1.09022358e+00 
 9.29947600e-07  1.10000000e+00  1.09029068e+00 
 9.31047600e-07  1.10000000e+00  1.09035732e+00 
 9.32147600e-07  1.10000000e+00  1.09042348e+00 
 9.33247600e-07  1.10000000e+00  1.09048919e+00 
 9.34347600e-07  1.10000000e+00  1.09055444e+00 
 9.35447600e-07  1.10000000e+00  1.09061923e+00 
 9.36547600e-07  1.10000000e+00  1.09068356e+00 
 9.37647600e-07  1.10000000e+00  1.09074745e+00 
 9.38747600e-07  1.10000000e+00  1.09081089e+00 
 9.39847600e-07  1.10000000e+00  1.09087389e+00 
 9.40947600e-07  1.10000000e+00  1.09093644e+00 
 9.42047600e-07  1.10000000e+00  1.09099856e+00 
 9.43147600e-07  1.10000000e+00  1.09106025e+00 
 9.44247600e-07  1.10000000e+00  1.09112150e+00 
 9.45347600e-07  1.10000000e+00  1.09118232e+00 
 9.46447600e-07  1.10000000e+00  1.09124272e+00 
 9.47547600e-07  1.10000000e+00  1.09130270e+00 
 9.48647600e-07  1.10000000e+00  1.09136226e+00 
 9.49747600e-07  1.10000000e+00  1.09142140e+00 
 9.50847600e-07  1.10000000e+00  1.09148012e+00 
 9.51947600e-07  1.10000000e+00  1.09153844e+00 
 9.53047600e-07  1.10000000e+00  1.09159634e+00 
 9.54147600e-07  1.10000000e+00  1.09165385e+00 
 9.55247600e-07  1.10000000e+00  1.09171095e+00 
 9.56347600e-07  1.10000000e+00  1.09176765e+00 
 9.57447600e-07  1.10000000e+00  1.09182395e+00 
 9.58547600e-07  1.10000000e+00  1.09187986e+00 
 9.59647600e-07  1.10000000e+00  1.09193538e+00 
 9.60747600e-07  1.10000000e+00  1.09199052e+00 
 9.61847600e-07  1.10000000e+00  1.09204526e+00 
 9.62947600e-07  1.10000000e+00  1.09209962e+00 
 9.64047600e-07  1.10000000e+00  1.09215361e+00 
 9.65147600e-07  1.10000000e+00  1.09220721e+00 
 9.66247600e-07  1.10000000e+00  1.09226044e+00 
 9.67347600e-07  1.10000000e+00  1.09231330e+00 
 9.68447600e-07  1.10000000e+00  1.09236579e+00 
 9.69547600e-07  1.10000000e+00  1.09241791e+00 
 9.70647600e-07  1.10000000e+00  1.09246967e+00 
 9.71747600e-07  1.10000000e+00  1.09252106e+00 
 9.72847600e-07  1.10000000e+00  1.09257210e+00 
 9.73947600e-07  1.10000000e+00  1.09262277e+00 
 9.75047600e-07  1.10000000e+00  1.09267310e+00 
 9.76147600e-07  1.10000000e+00  1.09272307e+00 
 9.77247600e-07  1.10000000e+00  1.09277269e+00 
 9.78347600e-07  1.10000000e+00  1.09282197e+00 
 9.79447600e-07  1.10000000e+00  1.09287090e+00 
 9.80547600e-07  1.10000000e+00  1.09291949e+00 
 9.81647600e-07  1.10000000e+00  1.09296774e+00 
 9.82747600e-07  1.10000000e+00  1.09301565e+00 
 9.83847600e-07  1.10000000e+00  1.09306323e+00 
 9.84947600e-07  1.10000000e+00  1.09311047e+00 
 9.86047600e-07  1.10000000e+00  1.09315739e+00 
 9.87147600e-07  1.10000000e+00  1.09320397e+00 
 9.88247600e-07  1.10000000e+00  1.09325024e+00 
 9.89347600e-07  1.10000000e+00  1.09329617e+00 
 9.90447600e-07  1.10000000e+00  1.09334179e+00 
 9.91547600e-07  1.10000000e+00  1.09338709e+00 
 9.92647600e-07  1.10000000e+00  1.09343207e+00 
 9.93747600e-07  1.10000000e+00  1.09347674e+00 
 9.94847600e-07  1.10000000e+00  1.09352109e+00 
 9.95947600e-07  1.10000000e+00  1.09356514e+00 
 9.97047600e-07  1.10000000e+00  1.09360887e+00 
 9.98147600e-07  1.10000000e+00  1.09365230e+00 
 9.99247600e-07  1.10000000e+00  1.09369543e+00 
 1.00034760e-06  1.10000000e+00  1.09373826e+00 
 1.00144760e-06  1.10000000e+00  1.09378079e+00 
 1.00254760e-06  1.10000000e+00  1.09382302e+00 
 1.00364760e-06  1.10000000e+00  1.09386495e+00 
 1.00474760e-06  1.10000000e+00  1.09390659e+00 
 1.00584760e-06  1.10000000e+00  1.09394795e+00 
 1.00694760e-06  1.10000000e+00  1.09398901e+00 
 1.00804760e-06  1.10000000e+00  1.09402978e+00 
 1.00914760e-06  1.10000000e+00  1.09407028e+00 
 1.01024760e-06  1.10000000e+00  1.09411048e+00 
 1.01134760e-06  1.10000000e+00  1.09415041e+00 
 1.01244760e-06  1.10000000e+00  1.09419006e+00 
 1.01354760e-06  1.10000000e+00  1.09422943e+00 
 1.01464760e-06  1.10000000e+00  1.09426853e+00 
 1.01574760e-06  1.10000000e+00  1.09430735e+00 
 1.01684760e-06  1.10000000e+00  1.09434591e+00 
 1.01794760e-06  1.10000000e+00  1.09438419e+00 
 1.01904760e-06  1.10000000e+00  1.09442221e+00 
 1.02014760e-06  1.10000000e+00  1.09445996e+00 
 1.02124760e-06  1.10000000e+00  1.09449745e+00 
 1.02234760e-06  1.10000000e+00  1.09453467e+00 
 1.02344760e-06  1.10000000e+00  1.09457164e+00 
 1.02454760e-06  1.10000000e+00  1.09460835e+00 
 1.02564760e-06  1.10000000e+00  1.09464480e+00 
 1.02674760e-06  1.10000000e+00  1.09468100e+00 
 1.02784760e-06  1.10000000e+00  1.09471694e+00 
 1.02894760e-06  1.10000000e+00  1.09475264e+00 
 1.03004760e-06  1.10000000e+00  1.09478808e+00 
 1.03114760e-06  1.10000000e+00  1.09482328e+00 
 1.03224760e-06  1.10000000e+00  1.09485824e+00 
 1.03334760e-06  1.10000000e+00  1.09489294e+00 
 1.03444760e-06  1.10000000e+00  1.09492741e+00 
 1.03554760e-06  1.10000000e+00  1.09496164e+00 
 1.03664760e-06  1.10000000e+00  1.09499562e+00 
 1.03774760e-06  1.10000000e+00  1.09502938e+00 
 1.03884760e-06  1.10000000e+00  1.09506289e+00 
 1.03994760e-06  1.10000000e+00  1.09509617e+00 
 1.04104760e-06  1.10000000e+00  1.09512922e+00 
 1.04214760e-06  1.10000000e+00  1.09516204e+00 
 1.04324760e-06  1.10000000e+00  1.09519463e+00 
 1.04434760e-06  1.10000000e+00  1.09522699e+00 
 1.04544760e-06  1.10000000e+00  1.09525913e+00 
 1.04654760e-06  1.10000000e+00  1.09529104e+00 
 1.04764760e-06  1.10000000e+00  1.09532273e+00 
 1.04874760e-06  1.10000000e+00  1.09535420e+00 
 1.04984760e-06  1.10000000e+00  1.09538545e+00 
 1.05094760e-06  1.10000000e+00  1.09541649e+00 
 1.05204760e-06  1.10000000e+00  1.09544730e+00 
 1.05314760e-06  1.10000000e+00  1.09547790e+00 
 1.05424760e-06  1.10000000e+00  1.09550829e+00 
 1.05534760e-06  1.10000000e+00  1.09553847e+00 
 1.05644760e-06  1.10000000e+00  1.09556844e+00 
 1.05754760e-06  1.10000000e+00  1.09559819e+00 
 1.05864760e-06  1.10000000e+00  1.09562774e+00 
 1.05974760e-06  1.10000000e+00  1.09565709e+00 
 1.06084760e-06  1.10000000e+00  1.09568623e+00 
 1.06194760e-06  1.10000000e+00  1.09571517e+00 
 1.06304760e-06  1.10000000e+00  1.09574390e+00 
 1.06414760e-06  1.10000000e+00  1.09577244e+00 
 1.06524760e-06  1.10000000e+00  1.09580077e+00 
 1.06634760e-06  1.10000000e+00  1.09582891e+00 
 1.06744760e-06  1.10000000e+00  1.09585685e+00 
 1.06854760e-06  1.10000000e+00  1.09588460e+00 
 1.06964760e-06  1.10000000e+00  1.09591216e+00 
 1.07074760e-06  1.10000000e+00  1.09593952e+00 
 1.07184760e-06  1.10000000e+00  1.09596670e+00 
 1.07294760e-06  1.10000000e+00  1.09599368e+00 
 1.07404760e-06  1.10000000e+00  1.09602048e+00 
 1.07514760e-06  1.10000000e+00  1.09604708e+00 
 1.07624760e-06  1.10000000e+00  1.09607351e+00 
 1.07734760e-06  1.10000000e+00  1.09609975e+00 
 1.07844760e-06  1.10000000e+00  1.09612581e+00 
 1.07954760e-06  1.10000000e+00  1.09615168e+00 
 1.08064760e-06  1.10000000e+00  1.09617738e+00 
 1.08174760e-06  1.10000000e+00  1.09620290e+00 
 1.08284760e-06  1.10000000e+00  1.09622824e+00 
 1.08394760e-06  1.10000000e+00  1.09625340e+00 
 1.08504760e-06  1.10000000e+00  1.09627839e+00 
 1.08614760e-06  1.10000000e+00  1.09630320e+00 
 1.08724760e-06  1.10000000e+00  1.09632785e+00 
 1.08834760e-06  1.10000000e+00  1.09635232e+00 
 1.08944760e-06  1.10000000e+00  1.09637662e+00 
 1.09054760e-06  1.10000000e+00  1.09640075e+00 
 1.09164760e-06  1.10000000e+00  1.09642471e+00 
 1.09274760e-06  1.10000000e+00  1.09644851e+00 
 1.09384760e-06  1.10000000e+00  1.09647214e+00 
 1.09494760e-06  1.10000000e+00  1.09649561e+00 
 1.09604760e-06  1.10000000e+00  1.09651891e+00 
 1.09714760e-06  1.10000000e+00  1.09654205e+00 
 1.09824760e-06  1.10000000e+00  1.09656503e+00 
 1.09934760e-06  1.10000000e+00  1.09658785e+00 
 1.10000000e-06  1.10000000e+00  1.09660131e+00 
