 frequency       AmagdB          Aphdeg         
 1.00000000e-01  1.13538702e+02 -2.33455453e+00 
 1.05776756e-01  1.13537845e+02 -2.46925368e+00 
 1.11887221e-01  1.13536887e+02 -2.61170432e+00 
 1.18350673e-01  1.13535815e+02 -2.76234879e+00 
 1.25187503e-01  1.13534617e+02 -2.92165399e+00 
 1.32419279e-01  1.13533276e+02 -3.09011263e+00 
 1.40068818e-01  1.13531776e+02 -3.26824447e+00 
 1.48160252e-01  1.13530098e+02 -3.45659767e+00 
 1.56719108e-01  1.13528222e+02 -3.65575011e+00 
 1.65772389e-01  1.13526123e+02 -3.86631078e+00 
 1.75348655e-01  1.13523777e+02 -4.08892114e+00 
 1.85478119e-01  1.13521153e+02 -4.32425652e+00 
 1.96192737e-01  1.13518219e+02 -4.57302749e+00 
 2.07526313e-01  1.13514938e+02 -4.83598124e+00 
 2.19514602e-01  1.13511271e+02 -5.11390291e+00 
 2.32195425e-01  1.13507171e+02 -5.40761679e+00 
 2.45608788e-01  1.13502588e+02 -5.71798756e+00 
 2.59797009e-01  1.13497467e+02 -6.04592130e+00 
 2.74804848e-01  1.13491743e+02 -6.39236636e+00 
 2.90679654e-01  1.13485349e+02 -6.75831407e+00 
 3.07471508e-01  1.13478205e+02 -7.14479912e+00 
 3.25233387e-01  1.13470226e+02 -7.55289968e+00 
 3.44021326e-01  1.13461316e+02 -7.98373708e+00 
 3.63894599e-01  1.13451368e+02 -8.43847505e+00 
 3.84915902e-01  1.13440265e+02 -8.91831836e+00 
 4.07151555e-01  1.13427876e+02 -9.42451076e+00 
 4.30671707e-01  1.13414055e+02 -9.95833219e+00 
 4.55550561e-01  1.13398644e+02 -1.05210949e+01 
 4.81866605e-01  1.13381465e+02 -1.11141389e+01 
 5.09702863e-01  1.13362324e+02 -1.17388251e+01 
 5.39147154e-01  1.13341008e+02 -1.23965289e+01 
 5.70292370e-01  1.13317280e+02 -1.30886297e+01 
 6.03236769e-01  1.13290886e+02 -1.38165011e+01 
 6.38084285e-01  1.13261542e+02 -1.45814972e+01 
 6.74944857e-01  1.13228944e+02 -1.53849376e+01 
 7.13934775e-01  1.13192758e+02 -1.62280902e+01 
 7.55177045e-01  1.13152625e+02 -1.71121509e+01 
 7.98801781e-01  1.13108157e+02 -1.80382211e+01 
 8.44946611e-01  1.13058937e+02 -1.90072831e+01 
 8.93757115e-01  1.13004518e+02 -2.00201719e+01 
 9.45387283e-01  1.12944429e+02 -2.10775460e+01 
 1.00000000e+00  1.12878167e+02 -2.21798554e+01 
 1.05776756e+00  1.12805208e+02 -2.33273086e+01 
 1.11887221e+00  1.12725003e+02 -2.45198387e+01 
 1.18350673e+00  1.12636986e+02 -2.57570700e+01 
 1.25187503e+00  1.12540575e+02 -2.70382855e+01 
 1.32419279e+00  1.12435181e+02 -2.83623974e+01 
 1.40068818e+00  1.12320214e+02 -2.97279214e+01 
 1.48160252e+00  1.12195087e+02 -3.11329569e+01 
 1.56719108e+00  1.12059232e+02 -3.25751746e+01 
 1.65772389e+00  1.11912100e+02 -3.40518123e+01 
 1.75348655e+00  1.11753180e+02 -3.55596815e+01 
 1.85478119e+00  1.11582000e+02 -3.70951850e+01 
 1.96192737e+00  1.11398145e+02 -3.86543461e+01 
 2.07526313e+00  1.11201259e+02 -4.02328496e+01 
 2.19514602e+00  1.10991058e+02 -4.18260943e+01 
 2.32195425e+00  1.10767333e+02 -4.34292555e+01 
 2.45608788e+00  1.10529959e+02 -4.50373548e+01 
 2.59797009e+00  1.10278894e+02 -4.66453370e+01 
 2.74804848e+00  1.10014184e+02 -4.82481484e+01 
 2.90679654e+00  1.09735958e+02 -4.98408164e+01 
 3.07471508e+00  1.09444428e+02 -5.14185248e+01 
 3.25233387e+00  1.09139883e+02 -5.29766846e+01 
 3.44021326e+00  1.08822680e+02 -5.45109951e+01 
 3.63894599e+00  1.08493238e+02 -5.60174966e+01 
 3.84915902e+00  1.08152031e+02 -5.74926100e+01 
 4.07151555e+00  1.07799572e+02 -5.89331664e+01 
 4.30671707e+00  1.07436410e+02 -6.03364236e+01 
 4.55550561e+00  1.07063116e+02 -6.17000724e+01 
 4.81866605e+00  1.06680275e+02 -6.30222317e+01 
 5.09702863e+00  1.06288479e+02 -6.43014362e+01 
 5.39147154e+00  1.05888317e+02 -6.55366160e+01 
 5.70292370e+00  1.05480369e+02 -6.67270705e+01 
 6.03236769e+00  1.05065201e+02 -6.78724391e+01 
 6.38084285e+00  1.04643360e+02 -6.89726683e+01 
 6.74944857e+00  1.04215371e+02 -7.00279787e+01 
 7.13934775e+00  1.03781733e+02 -7.10388308e+01 
 7.55177045e+00  1.03342919e+02 -7.20058917e+01 
 7.98801781e+00  1.02899372e+02 -7.29300043e+01 
 8.44946611e+00  1.02451509e+02 -7.38121567e+01 
 8.93757115e+00  1.01999716e+02 -7.46534555e+01 
 9.45387283e+00  1.01544351e+02 -7.54551003e+01 
 1.00000000e+01  1.01085747e+02 -7.62183619e+01 
 1.05776756e+01  1.00624207e+02 -7.69445619e+01 
 1.11887221e+01  1.00160012e+02 -7.76350558e+01 
 1.18350673e+01  9.96934176e+01 -7.82912175e+01 
 1.25187503e+01  9.92246580e+01 -7.89144270e+01 
 1.32419279e+01  9.87539459e+01 -7.95060587e+01 
 1.40068818e+01  9.82814750e+01 -8.00674732e+01 
 1.48160252e+01  9.78074209e+01 -8.06000092e+01 
 1.56719108e+01  9.73319428e+01 -8.11049777e+01 
 1.65772389e+01  9.68551848e+01 -8.15836572e+01 
 1.75348655e+01  9.63772770e+01 -8.20372896e+01 
 1.85478119e+01  9.58983368e+01 -8.24670780e+01 
 1.96192737e+01  9.54184702e+01 -8.28741843e+01 
 2.07526313e+01  9.49377724e+01 -8.32597279e+01 
 2.19514602e+01  9.44563295e+01 -8.36247850e+01 
 2.32195425e+01  9.39742185e+01 -8.39703886e+01 
 2.45608788e+01  9.34915089e+01 -8.42975279e+01 
 2.59797009e+01  9.30082631e+01 -8.46071496e+01 
 2.74804848e+01  9.25245369e+01 -8.49001579e+01 
 2.90679654e+01  9.20403806e+01 -8.51774157e+01 
 3.07471508e+01  9.15558393e+01 -8.54397456e+01 
 3.25233387e+01  9.10709534e+01 -8.56879311e+01 
 3.44021326e+01  9.05857590e+01 -8.59227179e+01 
 3.63894599e+01  9.01002885e+01 -8.61448151e+01 
 3.84915902e+01  8.96145712e+01 -8.63548965e+01 
 4.07151555e+01  8.91286328e+01 -8.65536023e+01 
 4.30671707e+01  8.86424969e+01 -8.67415402e+01 
 4.55550561e+01  8.81561842e+01 -8.69192870e+01 
 4.81866605e+01  8.76697134e+01 -8.70873896e+01 
 5.09702863e+01  8.71831012e+01 -8.72463668e+01 
 5.39147154e+01  8.66963625e+01 -8.73967104e+01 
 5.70292370e+01  8.62095109e+01 -8.75388863e+01 
 6.03236769e+01  8.57225581e+01 -8.76733361e+01 
 6.38084285e+01  8.52355149e+01 -8.78004780e+01 
 6.74944857e+01  8.47483909e+01 -8.79207082e+01 
 7.13934775e+01  8.42611947e+01 -8.80344016e+01 
 7.55177045e+01  8.37739338e+01 -8.81419135e+01 
 7.98801781e+01  8.32866153e+01 -8.82435799e+01 
 8.44946611e+01  8.27992451e+01 -8.83397190e+01 
 8.93757115e+01  8.23118287e+01 -8.84306320e+01 
 9.45387283e+01  8.18243712e+01 -8.85166039e+01 
 1.00000000e+02  8.13368767e+01 -8.85979043e+01 
 1.05776756e+02  8.08493493e+01 -8.86747885e+01 
 1.11887221e+02  8.03617924e+01 -8.87474978e+01 
 1.18350673e+02  7.98742092e+01 -8.88162608e+01 
 1.25187503e+02  7.93866024e+01 -8.88812936e+01 
 1.32419279e+02  7.88989746e+01 -8.89428006e+01 
 1.40068818e+02  7.84113280e+01 -8.90009754e+01 
 1.48160252e+02  7.79236646e+01 -8.90560011e+01 
 1.56719108e+02  7.74359861e+01 -8.91080508e+01 
 1.65772389e+02  7.69482943e+01 -8.91572883e+01 
 1.75348655e+02  7.64605904e+01 -8.92038688e+01 
 1.85478119e+02  7.59728758e+01 -8.92479390e+01 
 1.96192737e+02  7.54851516e+01 -8.92896376e+01 
 2.07526313e+02  7.49974188e+01 -8.93290961e+01 
 2.19514602e+02  7.45096784e+01 -8.93664388e+01 
 2.32195425e+02  7.40219311e+01 -8.94017834e+01 
 2.45608788e+02  7.35341777e+01 -8.94352413e+01 
 2.59797009e+02  7.30464188e+01 -8.94669180e+01 
 2.74804848e+02  7.25586551e+01 -8.94969132e+01 
 2.90679654e+02  7.20708870e+01 -8.95253217e+01 
 3.07471508e+02  7.15831149e+01 -8.95522329e+01 
 3.25233387e+02  7.10953394e+01 -8.95777317e+01 
 3.44021326e+02  7.06075608e+01 -8.96018985e+01 
 3.63894599e+02  7.01197793e+01 -8.96248095e+01 
 3.84915902e+02  6.96319954e+01 -8.96465371e+01 
 4.07151555e+02  6.91442093e+01 -8.96671496e+01 
 4.30671707e+02  6.86564211e+01 -8.96867121e+01 
 4.55550561e+02  6.81686312e+01 -8.97052864e+01 
 4.81866605e+02  6.76808397e+01 -8.97229310e+01 
 5.09702863e+02  6.71930468e+01 -8.97397015e+01 
 5.39147154e+02  6.67052526e+01 -8.97556508e+01 
 5.70292370e+02  6.62174572e+01 -8.97708294e+01 
 6.03236769e+02  6.57296609e+01 -8.97852850e+01 
 6.38084285e+02  6.52418636e+01 -8.97990632e+01 
 6.74944857e+02  6.47540655e+01 -8.98122075e+01 
 7.13934775e+02  6.42662667e+01 -8.98247594e+01 
 7.55177045e+02  6.37784673e+01 -8.98367584e+01 
 7.98801781e+02  6.32906672e+01 -8.98482425e+01 
 8.44946611e+02  6.28028667e+01 -8.98592478e+01 
 8.93757115e+02  6.23150656e+01 -8.98698090e+01 
 9.45387283e+02  6.18272642e+01 -8.98799596e+01 
 1.00000000e+03  6.13394624e+01 -8.98897314e+01 
 1.05776756e+03  6.08516602e+01 -8.98991554e+01 
 1.11887221e+03  6.03638578e+01 -8.99082612e+01 
 1.18350673e+03  5.98760550e+01 -8.99170776e+01 
 1.25187503e+03  5.93882521e+01 -8.99256324e+01 
 1.32419279e+03  5.89004489e+01 -8.99339526e+01 
 1.40068818e+03  5.84126455e+01 -8.99420645e+01 
 1.48160252e+03  5.79248419e+01 -8.99499935e+01 
 1.56719108e+03  5.74370382e+01 -8.99577648e+01 
 1.65772389e+03  5.69492343e+01 -8.99654029e+01 
 1.75348655e+03  5.64614303e+01 -8.99729318e+01 
 1.85478119e+03  5.59736262e+01 -8.99803753e+01 
 1.96192737e+03  5.54858219e+01 -8.99877569e+01 
 2.07526313e+03  5.49980176e+01 -8.99950998e+01 
 2.19514602e+03  5.45102131e+01 -9.00024273e+01 
 2.32195425e+03  5.40224086e+01 -9.00097625e+01 
 2.45608788e+03  5.35346039e+01 -9.00171285e+01 
 2.59797009e+03  5.30467992e+01 -9.00245485e+01 
 2.74804848e+03  5.25589944e+01 -9.00320459e+01 
 2.90679654e+03  5.20711895e+01 -9.00396445e+01 
 3.07471508e+03  5.15833845e+01 -9.00473681e+01 
 3.25233387e+03  5.10955794e+01 -9.00552412e+01 
 3.44021326e+03  5.06077743e+01 -9.00632885e+01 
 3.63894599e+03  5.01199690e+01 -9.00715355e+01 
 3.84915902e+03  4.96321637e+01 -9.00800082e+01 
 4.07151555e+03  4.91443582e+01 -9.00887333e+01 
 4.30671707e+03  4.86565526e+01 -9.00977384e+01 
 4.55550561e+03  4.81687470e+01 -9.01070517e+01 
 4.81866605e+03  4.76809411e+01 -9.01167029e+01 
 5.09702863e+03  4.71931352e+01 -9.01267222e+01 
 5.39147154e+03  4.67053291e+01 -9.01371412e+01 
 5.70292370e+03  4.62175228e+01 -9.01479930e+01 
 6.03236769e+03  4.57297163e+01 -9.01593116e+01 
 6.38084285e+03  4.52419097e+01 -9.01711328e+01 
 6.74944857e+03  4.47541027e+01 -9.01834940e+01 
 7.13934775e+03  4.42662956e+01 -9.01964340e+01 
 7.55177045e+03  4.37784881e+01 -9.02099937e+01 
 7.98801781e+03  4.32906804e+01 -9.02242159e+01 
 8.44946611e+03  4.28028722e+01 -9.02391455e+01 
 8.93757115e+03  4.23150637e+01 -9.02548295e+01 
 9.45387283e+03  4.18272548e+01 -9.02713175e+01 
 1.00000000e+04  4.13394453e+01 -9.02886614e+01 
 1.05776756e+04  4.08516353e+01 -9.03069160e+01 
 1.11887221e+04  4.03638247e+01 -9.03261388e+01 
 1.18350673e+04  3.98760134e+01 -9.03463906e+01 
 1.25187503e+04  3.93882013e+01 -9.03677351e+01 
 1.32419279e+04  3.89003883e+01 -9.03902397e+01 
 1.40068818e+04  3.84125744e+01 -9.04139754e+01 
 1.48160252e+04  3.79247595e+01 -9.04390172e+01 
 1.56719108e+04  3.74369433e+01 -9.04654439e+01 
 1.65772389e+04  3.69491258e+01 -9.04933389e+01 
 1.75348655e+04  3.64613067e+01 -9.05227903e+01 
 1.85478119e+04  3.59734860e+01 -9.05538909e+01 
 1.96192737e+04  3.54856634e+01 -9.05867388e+01 
 2.07526313e+04  3.49978387e+01 -9.06214377e+01 
 2.19514602e+04  3.45100116e+01 -9.06580970e+01 
 2.32195425e+04  3.40221819e+01 -9.06968323e+01 
 2.45608788e+04  3.35343492e+01 -9.07377659e+01 
 2.59797009e+04  3.30465133e+01 -9.07810267e+01 
 2.74804848e+04  3.25586736e+01 -9.08267512e+01 
 2.90679654e+04  3.20708298e+01 -9.08750837e+01 
 3.07471508e+04  3.15829814e+01 -9.09261766e+01 
 3.25233387e+04  3.10951278e+01 -9.09801909e+01 
 3.44021326e+04  3.06072684e+01 -9.10372970e+01 
 3.63894599e+04  3.01194025e+01 -9.10976750e+01 
 3.84915902e+04  2.96315294e+01 -9.11615152e+01 
 4.07151555e+04  2.91436481e+01 -9.12290190e+01 
 4.30671707e+04  2.86557578e+01 -9.13003990e+01 
 4.55550561e+04  2.81678573e+01 -9.13758802e+01 
 4.81866605e+04  2.76799455e+01 -9.14557007e+01 
 5.09702863e+04  2.71920209e+01 -9.15401119e+01 
 5.39147154e+04  2.67040822e+01 -9.16293798e+01 
 5.70292370e+04  2.62161275e+01 -9.17237856e+01 
 6.03236769e+04  2.57281550e+01 -9.18236267e+01 
 6.38084285e+04  2.52401626e+01 -9.19292177e+01 
 6.74944857e+04  2.47521479e+01 -9.20408908e+01 
 7.13934775e+04  2.42641083e+01 -9.21589978e+01 
 7.55177045e+04  2.37760408e+01 -9.22839102e+01 
 7.98801781e+04  2.32879421e+01 -9.24160212e+01 
 8.44946611e+04  2.27998084e+01 -9.25557462e+01 
 8.93757115e+04  2.23116358e+01 -9.27035246e+01 
 9.45387283e+04  2.18234194e+01 -9.28598209e+01 
 1.00000000e+05  2.13351542e+01 -9.30251260e+01 
 1.05776756e+05  2.08468342e+01 -9.31999589e+01 
 1.11887221e+05  2.03584532e+01 -9.33848685e+01 
 1.18350673e+05  1.98700037e+01 -9.35804344e+01 
 1.25187503e+05  1.93814777e+01 -9.37872697e+01 
 1.32419279e+05  1.88928660e+01 -9.40060221e+01 
 1.40068818e+05  1.84041587e+01 -9.42373759e+01 
 1.48160252e+05  1.79153442e+01 -9.44820544e+01 
 1.56719108e+05  1.74264100e+01 -9.47408213e+01 
 1.65772389e+05  1.69373418e+01 -9.50144837e+01 
 1.75348655e+05  1.64481238e+01 -9.53038937e+01 
 1.85478119e+05  1.59587383e+01 -9.56099511e+01 
 1.96192737e+05  1.54691655e+01 -9.59336058e+01 
 2.07526313e+05  1.49793833e+01 -9.62758604e+01 
 2.19514602e+05  1.44893669e+01 -9.66377729e+01 
 2.32195425e+05  1.39990888e+01 -9.70204591e+01 
 2.45608788e+05  1.35085182e+01 -9.74250957e+01 
 2.59797009e+05  1.30176205e+01 -9.78529233e+01 
 2.74804848e+05  1.25263575e+01 -9.83052488e+01 
 2.90679654e+05  1.20346862e+01 -9.87834489e+01 
 3.07471508e+05  1.15425587e+01 -9.92889726e+01 
 3.25233387e+05  1.10499218e+01 -9.98233444e+01 
 3.44021326e+05  1.05567160e+01 -1.00388167e+02 
 3.63894599e+05  1.00628749e+01 -1.00985125e+02 
 3.84915902e+05  9.56832491e+00 -1.01615985e+02 
 4.07151555e+05  9.07298370e+00 -1.02282602e+02 
 4.30671707e+05  8.57675992e+00 -1.02986917e+02 
 4.55550561e+05  8.07955194e+00 -1.03730963e+02 
 4.81866605e+05  7.58124688e+00 -1.04516864e+02 
 5.09702863e+05  7.08171940e+00 -1.05346837e+02 
 5.39147154e+05  6.58083056e+00 -1.06223191e+02 
 5.70292370e+05  6.07842640e+00 -1.07148327e+02 
 6.03236769e+05  5.57433658e+00 -1.08124736e+02 
 6.38084285e+05  5.06837288e+00 -1.09154999e+02 
 6.74944857e+05  4.56032757e+00 -1.10241776e+02 
 7.13934775e+05  4.04997185e+00 -1.11387807e+02 
 7.55177045e+05  3.53705410e+00 -1.12595903e+02 
 7.98801781e+05  3.02129817e+00 -1.13868932e+02 
 8.44946611e+05  2.50240173e+00 -1.15209810e+02 
 8.93757115e+05  1.98003454e+00 -1.16621487e+02 
 9.45387283e+05  1.45383695e+00 -1.18106927e+02 
 1.00000000e+06  9.23418463e-01 -1.19669083e+02 
 1.05776756e+06  3.88356602e-01 -1.21310881e+02 
 1.11887221e+06 -1.51803963e-01 -1.23035181e+02 
 1.18350673e+06 -6.97551825e-01 -1.24844749e+02 
 1.25187503e+06 -1.24940874e+00 -1.26742220e+02 
 1.32419279e+06 -1.80792888e+00 -1.28730054e+02 
 1.40068818e+06 -2.37369725e+00 -1.30810491e+02 
 1.48160252e+06 -2.94732727e+00 -1.32985502e+02 
 1.56719108e+06 -3.52945726e+00 -1.35256738e+02 
 1.65772389e+06 -4.12074572e+00 -1.37625469e+02 
 1.75348655e+06 -4.72186540e+00 -1.40092535e+02 
 1.85478119e+06 -5.33349598e+00 -1.42658283e+02 
 1.96192737e+06 -5.95631537e+00 -1.45322510e+02 
 2.07526313e+06 -6.59098963e+00 -1.48084414e+02 
 2.19514602e+06 -7.23816164e+00 -1.50942538e+02 
 2.32195425e+06 -7.89843857e+00 -1.53894729e+02 
 2.45608788e+06 -8.57237842e+00 -1.56938098e+02 
 2.59797009e+06 -9.26047593e+00 -1.60068991e+02 
 2.74804848e+06 -9.96314818e+00 -1.63282971e+02 
 2.90679654e+06 -1.06807202e+01 -1.66574808e+02 
 3.07471508e+06 -1.14134112e+01 -1.69938483e+02 
 3.25233387e+06 -1.21613215e+01 -1.73367196e+02 
 3.44021326e+06 -1.29244216e+01 -1.76853399e+02 
 3.63894599e+06 -1.37025416e+01  1.79611175e+02 
 3.84915902e+06 -1.44953644e+01  1.76035462e+02 
 4.07151555e+06 -1.53024204e+01  1.72429012e+02 
 4.30671707e+06 -1.61230853e+01  1.68801921e+02 
 4.55550561e+06 -1.69565805e+01  1.65164756e+02 
 4.81866605e+06 -1.78019773e+01  1.61528469e+02 
 5.09702863e+06 -1.86582029e+01  1.57904302e+02 
 5.39147154e+06 -1.95240510e+01  1.54303684e+02 
 5.70292370e+06 -2.03981942e+01  1.50738115e+02 
 6.03236769e+06 -2.12791993e+01  1.47219045e+02 
 6.38084285e+06 -2.21655451e+01  1.43757748e+02 
 6.74944857e+06 -2.30556425e+01  1.40365184e+02 
 7.13934775e+06 -2.39478555e+01  1.37051860e+02 
 7.55177045e+06 -2.48405232e+01  1.33827694e+02 
 7.98801781e+06 -2.57319830e+01  1.30701876e+02 
 8.44946611e+06 -2.66205924e+01  1.27682738e+02 
 8.93757115e+06 -2.75047508e+01  1.24777634e+02 
 9.45387283e+06 -2.83829199e+01  1.21992838e+02 
 1.00000000e+07 -2.92536426e+01  1.19333452e+02 
 1.05776756e+07 -3.01155590e+01  1.16803344e+02 
 1.11887221e+07 -3.09674212e+01  1.14405107e+02 
 1.18350673e+07 -3.18081054e+01  1.12140047e+02 
 1.25187503e+07 -3.26366207e+01  1.10008195e+02 
 1.32419279e+07 -3.34521165e+01  1.08008345e+02 
 1.40068818e+07 -3.42538863e+01  1.06138129e+02 
 1.48160252e+07 -3.50413698e+01  1.04394099e+02 
 1.56719108e+07 -3.58141519e+01  1.02771840e+02 
 1.65772389e+07 -3.65719599e+01  1.01266097e+02 
 1.75348655e+07 -3.73146578e+01  9.98709096e+01 
 1.85478119e+07 -3.80422394e+01  9.85797551e+01 
 1.96192737e+07 -3.87548183e+01  9.73856899e+01 
 2.07526313e+07 -3.94526179e+01  9.62814890e+01 
 2.19514602e+07 -4.01359590e+01  9.52597761e+01 
 2.32195425e+07 -4.08052466e+01  9.43131422e+01 
 2.45608788e+07 -4.14609568e+01  9.34342498e+01 
 2.59797009e+07 -4.21036230e+01  9.26159219e+01 
 2.74804848e+07 -4.27338226e+01  9.18512136e+01 
 2.90679654e+07 -4.33521641e+01  9.11334677e+01 
 3.07471508e+07 -4.39592746e+01  9.04563545e+01 
 3.25233387e+07 -4.45557895e+01  8.98138973e+01 
 3.44021326e+07 -4.51423419e+01  8.92004848e+01 
 3.63894599e+07 -4.57195541e+01  8.86108729e+01 
 3.84915902e+07 -4.62880303e+01  8.80401777e+01 
 4.07151555e+07 -4.68483501e+01  8.74838611e+01 
 4.30671707e+07 -4.74010638e+01  8.69377113e+01 
 4.55550561e+07 -4.79466880e+01  8.63978200e+01 
 4.81866605e+07 -4.84857029e+01  8.58605569e+01 
 5.09702863e+07 -4.90185499e+01  8.53225439e+01 
 5.39147154e+07 -4.95456300e+01  8.47806280e+01 
 5.70292370e+07 -5.00673033e+01  8.42318568e+01 
 6.03236769e+07 -5.05838879e+01  8.36734532e+01 
 6.38084285e+07 -5.10956602e+01  8.31027940e+01 
 6.74944857e+07 -5.16028547e+01  8.25173890e+01 
 7.13934775e+07 -5.21056643e+01  8.19148633e+01 
 7.55177045e+07 -5.26042409e+01  8.12929420e+01 
 7.98801781e+07 -5.30986953e+01  8.06494376e+01 
 8.44946611e+07 -5.35890975e+01  7.99822400e+01 
 8.93757115e+07 -5.40754777e+01  7.92893097e+01 
 9.45387283e+07 -5.45578256e+01  7.85686736e+01 
 1.00000000e+08 -5.50360911e+01  7.78184239e+01 
