 v-sweep         Vout           
-1.00000000e-03  2.55743225e-03 
-9.99000000e-04  2.56534970e-03 
-9.98000000e-04  2.57333608e-03 
-9.97000000e-04  2.58136946e-03 
-9.96000000e-04  2.58945019e-03 
-9.95000000e-04  2.59757869e-03 
-9.94000000e-04  2.60575537e-03 
-9.93000000e-04  2.61398066e-03 
-9.92000000e-04  2.62225499e-03 
-9.91000000e-04  2.63057879e-03 
-9.90000000e-04  2.63895250e-03 
-9.89000000e-04  2.64737658e-03 
-9.88000000e-04  2.65585146e-03 
-9.87000000e-04  2.66437760e-03 
-9.86000000e-04  2.67295547e-03 
-9.85000000e-04  2.68158553e-03 
-9.84000000e-04  2.69026824e-03 
-9.83000000e-04  2.69900410e-03 
-9.82000000e-04  2.70779357e-03 
-9.81000000e-04  2.71663716e-03 
-9.80000000e-04  2.72553534e-03 
-9.79000000e-04  2.73448863e-03 
-9.78000000e-04  2.74349753e-03 
-9.77000000e-04  2.75256255e-03 
-9.76000000e-04  2.76168421e-03 
-9.75000000e-04  2.77086304e-03 
-9.74000000e-04  2.78009956e-03 
-9.73000000e-04  2.78939431e-03 
-9.72000000e-04  2.79874784e-03 
-9.71000000e-04  2.80816070e-03 
-9.70000000e-04  2.81763345e-03 
-9.69000000e-04  2.82716664e-03 
-9.68000000e-04  2.83676086e-03 
-9.67000000e-04  2.84641667e-03 
-9.66000000e-04  2.85613467e-03 
-9.65000000e-04  2.86591545e-03 
-9.64000000e-04  2.87575961e-03 
-9.63000000e-04  2.88566775e-03 
-9.62000000e-04  2.89564049e-03 
-9.61000000e-04  2.90567846e-03 
-9.60000000e-04  2.91578228e-03 
-9.59000000e-04  2.92595260e-03 
-9.58000000e-04  2.93619005e-03 
-9.57000000e-04  2.94649531e-03 
-9.56000000e-04  2.95686902e-03 
-9.55000000e-04  2.96731186e-03 
-9.54000000e-04  2.97782452e-03 
-9.53000000e-04  2.98840768e-03 
-9.52000000e-04  2.99906203e-03 
-9.51000000e-04  3.00978830e-03 
-9.50000000e-04  3.02058718e-03 
-9.49000000e-04  3.03145942e-03 
-9.48000000e-04  3.04240574e-03 
-9.47000000e-04  3.05342688e-03 
-9.46000000e-04  3.06452361e-03 
-9.45000000e-04  3.07569669e-03 
-9.44000000e-04  3.08694689e-03 
-9.43000000e-04  3.09827500e-03 
-9.42000000e-04  3.10968180e-03 
-9.41000000e-04  3.12116811e-03 
-9.40000000e-04  3.13273475e-03 
-9.39000000e-04  3.14438254e-03 
-9.38000000e-04  3.15611231e-03 
-9.37000000e-04  3.16792492e-03 
-9.36000000e-04  3.17982123e-03 
-9.35000000e-04  3.19180212e-03 
-9.34000000e-04  3.20386845e-03 
-9.33000000e-04  3.21602114e-03 
-9.32000000e-04  3.22826109e-03 
-9.31000000e-04  3.24058922e-03 
-9.30000000e-04  3.25300647e-03 
-9.29000000e-04  3.26551378e-03 
-9.28000000e-04  3.27811211e-03 
-9.27000000e-04  3.29080243e-03 
-9.26000000e-04  3.30358573e-03 
-9.25000000e-04  3.31646301e-03 
-9.24000000e-04  3.32943528e-03 
-9.23000000e-04  3.34250357e-03 
-9.22000000e-04  3.35566892e-03 
-9.21000000e-04  3.36893240e-03 
-9.20000000e-04  3.38229506e-03 
-9.19000000e-04  3.39575801e-03 
-9.18000000e-04  3.40932233e-03 
-9.17000000e-04  3.42298915e-03 
-9.16000000e-04  3.43675960e-03 
-9.15000000e-04  3.45063484e-03 
-9.14000000e-04  3.46461602e-03 
-9.13000000e-04  3.47870434e-03 
-9.12000000e-04  3.49290099e-03 
-9.11000000e-04  3.50720719e-03 
-9.10000000e-04  3.52162417e-03 
-9.09000000e-04  3.53615319e-03 
-9.08000000e-04  3.55079552e-03 
-9.07000000e-04  3.56555245e-03 
-9.06000000e-04  3.58042529e-03 
-9.05000000e-04  3.59541536e-03 
-9.04000000e-04  3.61052402e-03 
-9.03000000e-04  3.62575263e-03 
-9.02000000e-04  3.64110258e-03 
-9.01000000e-04  3.65657529e-03 
-9.00000000e-04  3.67217217e-03 
-8.99000000e-04  3.68789467e-03 
-8.98000000e-04  3.70374429e-03 
-8.97000000e-04  3.71972250e-03 
-8.96000000e-04  3.73583082e-03 
-8.95000000e-04  3.75207080e-03 
-8.94000000e-04  3.76844400e-03 
-8.93000000e-04  3.78495200e-03 
-8.92000000e-04  3.80159643e-03 
-8.91000000e-04  3.81837890e-03 
-8.90000000e-04  3.83530110e-03 
-8.89000000e-04  3.85236470e-03 
-8.88000000e-04  3.86957142e-03 
-8.87000000e-04  3.88692299e-03 
-8.86000000e-04  3.90442119e-03 
-8.85000000e-04  3.92206781e-03 
-8.84000000e-04  3.93986467e-03 
-8.83000000e-04  3.95781362e-03 
-8.82000000e-04  3.97591654e-03 
-8.81000000e-04  3.99417535e-03 
-8.80000000e-04  4.01259197e-03 
-8.79000000e-04  4.03116839e-03 
-8.78000000e-04  4.04990660e-03 
-8.77000000e-04  4.06880864e-03 
-8.76000000e-04  4.08787658e-03 
-8.75000000e-04  4.10711251e-03 
-8.74000000e-04  4.12651856e-03 
-8.73000000e-04  4.14609691e-03 
-8.72000000e-04  4.16584976e-03 
-8.71000000e-04  4.18577935e-03 
-8.70000000e-04  4.20588794e-03 
-8.69000000e-04  4.22617786e-03 
-8.68000000e-04  4.24665145e-03 
-8.67000000e-04  4.26731111e-03 
-8.66000000e-04  4.28815925e-03 
-8.65000000e-04  4.30919835e-03 
-8.64000000e-04  4.33043092e-03 
-8.63000000e-04  4.35185950e-03 
-8.62000000e-04  4.37348669e-03 
-8.61000000e-04  4.39531512e-03 
-8.60000000e-04  4.41734748e-03 
-8.59000000e-04  4.43958649e-03 
-8.58000000e-04  4.46203493e-03 
-8.57000000e-04  4.48469560e-03 
-8.56000000e-04  4.50757137e-03 
-8.55000000e-04  4.53066516e-03 
-8.54000000e-04  4.55397994e-03 
-8.53000000e-04  4.57751871e-03 
-8.52000000e-04  4.60128455e-03 
-8.51000000e-04  4.62528057e-03 
-8.50000000e-04  4.64950994e-03 
-8.49000000e-04  4.67397590e-03 
-8.48000000e-04  4.69868171e-03 
-8.47000000e-04  4.72363074e-03 
-8.46000000e-04  4.74882637e-03 
-8.45000000e-04  4.77427206e-03 
-8.44000000e-04  4.79997132e-03 
-8.43000000e-04  4.82592775e-03 
-8.42000000e-04  4.85214498e-03 
-8.41000000e-04  4.87862672e-03 
-8.40000000e-04  4.90537674e-03 
-8.39000000e-04  4.93239889e-03 
-8.38000000e-04  4.95969706e-03 
-8.37000000e-04  4.98727525e-03 
-8.36000000e-04  5.01513749e-03 
-8.35000000e-04  5.04328791e-03 
-8.34000000e-04  5.07173071e-03 
-8.33000000e-04  5.10047015e-03 
-8.32000000e-04  5.12951059e-03 
-8.31000000e-04  5.15885645e-03 
-8.30000000e-04  5.18851225e-03 
-8.29000000e-04  5.21848257e-03 
-8.28000000e-04  5.24877209e-03 
-8.27000000e-04  5.27938556e-03 
-8.26000000e-04  5.31032783e-03 
-8.25000000e-04  5.34160385e-03 
-8.24000000e-04  5.37321863e-03 
-8.23000000e-04  5.40517730e-03 
-8.22000000e-04  5.43748508e-03 
-8.21000000e-04  5.47014727e-03 
-8.20000000e-04  5.50316928e-03 
-8.19000000e-04  5.53655664e-03 
-8.18000000e-04  5.57031495e-03 
-8.17000000e-04  5.60444994e-03 
-8.16000000e-04  5.63896744e-03 
-8.15000000e-04  5.67387337e-03 
-8.14000000e-04  5.70917381e-03 
-8.13000000e-04  5.74487490e-03 
-8.12000000e-04  5.78098293e-03 
-8.11000000e-04  5.81750431e-03 
-8.10000000e-04  5.85444556e-03 
-8.09000000e-04  5.89181332e-03 
-8.08000000e-04  5.92961438e-03 
-8.07000000e-04  5.96785564e-03 
-8.06000000e-04  6.00654413e-03 
-8.05000000e-04  6.04568703e-03 
-8.04000000e-04  6.08529166e-03 
-8.03000000e-04  6.12536547e-03 
-8.02000000e-04  6.16591606e-03 
-8.01000000e-04  6.20695117e-03 
-8.00000000e-04  6.24847870e-03 
-7.99000000e-04  6.29050670e-03 
-7.98000000e-04  6.33304338e-03 
-7.97000000e-04  6.37609711e-03 
-7.96000000e-04  6.41967643e-03 
-7.95000000e-04  6.46379002e-03 
-7.94000000e-04  6.50844677e-03 
-7.93000000e-04  6.55365571e-03 
-7.92000000e-04  6.59942607e-03 
-7.91000000e-04  6.64576727e-03 
-7.90000000e-04  6.69268888e-03 
-7.89000000e-04  6.74020070e-03 
-7.88000000e-04  6.78831270e-03 
-7.87000000e-04  6.83703505e-03 
-7.86000000e-04  6.88637813e-03 
-7.85000000e-04  6.93635253e-03 
-7.84000000e-04  6.98696904e-03 
-7.83000000e-04  7.03823866e-03 
-7.82000000e-04  7.09017264e-03 
-7.81000000e-04  7.14278242e-03 
-7.80000000e-04  7.19607969e-03 
-7.79000000e-04  7.25007636e-03 
-7.78000000e-04  7.30478460e-03 
-7.77000000e-04  7.36021680e-03 
-7.76000000e-04  7.41638562e-03 
-7.75000000e-04  7.47330396e-03 
-7.74000000e-04  7.53098497e-03 
-7.73000000e-04  7.58944211e-03 
-7.72000000e-04  7.64868905e-03 
-7.71000000e-04  7.70873978e-03 
-7.70000000e-04  7.76960855e-03 
-7.69000000e-04  7.83130990e-03 
-7.68000000e-04  7.89385868e-03 
-7.67000000e-04  7.95727002e-03 
-7.66000000e-04  8.02155936e-03 
-7.65000000e-04  8.08674246e-03 
-7.64000000e-04  8.15283537e-03 
-7.63000000e-04  8.21985450e-03 
-7.62000000e-04  8.28781656e-03 
-7.61000000e-04  8.35673863e-03 
-7.60000000e-04  8.42663809e-03 
-7.59000000e-04  8.49753271e-03 
-7.58000000e-04  8.56944059e-03 
-7.57000000e-04  8.64238021e-03 
-7.56000000e-04  8.71637041e-03 
-7.55000000e-04  8.79143041e-03 
-7.54000000e-04  8.86757981e-03 
-7.53000000e-04  8.94483862e-03 
-7.52000000e-04  9.02322723e-03 
-7.51000000e-04  9.10276645e-03 
-7.50000000e-04  9.18347748e-03 
-7.49000000e-04  9.26538198e-03 
-7.48000000e-04  9.34850200e-03 
-7.47000000e-04  9.43286006e-03 
-7.46000000e-04  9.51847909e-03 
-7.45000000e-04  9.60538251e-03 
-7.44000000e-04  9.69359417e-03 
-7.43000000e-04  9.78313840e-03 
-7.42000000e-04  9.87404002e-03 
-7.41000000e-04  9.96632430e-03 
-7.40000000e-04  1.00600170e-02 
-7.39000000e-04  1.01551445e-02 
-7.38000000e-04  1.02517335e-02 
-7.37000000e-04  1.03498113e-02 
-7.36000000e-04  1.04494057e-02 
-7.35000000e-04  1.05505452e-02 
-7.34000000e-04  1.06532586e-02 
-7.33000000e-04  1.07575753e-02 
-7.32000000e-04  1.08635254e-02 
-7.31000000e-04  1.09711395e-02 
-7.30000000e-04  1.10804487e-02 
-7.29000000e-04  1.11914847e-02 
-7.28000000e-04  1.13042798e-02 
-7.27000000e-04  1.14188670e-02 
-7.26000000e-04  1.15352798e-02 
-7.25000000e-04  1.16535522e-02 
-7.24000000e-04  1.17737191e-02 
-7.23000000e-04  1.18958158e-02 
-7.22000000e-04  1.20198783e-02 
-7.21000000e-04  1.21459434e-02 
-7.20000000e-04  1.22740482e-02 
-7.19000000e-04  1.24042308e-02 
-7.18000000e-04  1.25365297e-02 
-7.17000000e-04  1.26709844e-02 
-7.16000000e-04  1.28076347e-02 
-7.15000000e-04  1.29465213e-02 
-7.14000000e-04  1.30876856e-02 
-7.13000000e-04  1.32311696e-02 
-7.12000000e-04  1.33770161e-02 
-7.11000000e-04  1.35252685e-02 
-7.10000000e-04  1.36759710e-02 
-7.09000000e-04  1.38291684e-02 
-7.08000000e-04  1.39849065e-02 
-7.07000000e-04  1.41432316e-02 
-7.06000000e-04  1.43041907e-02 
-7.05000000e-04  1.44678317e-02 
-7.04000000e-04  1.46342031e-02 
-7.03000000e-04  1.48033542e-02 
-7.02000000e-04  1.49753351e-02 
-7.01000000e-04  1.51501966e-02 
-7.00000000e-04  1.53279904e-02 
-6.99000000e-04  1.55087686e-02 
-6.98000000e-04  1.56925844e-02 
-6.97000000e-04  1.58794917e-02 
-6.96000000e-04  1.60695450e-02 
-6.95000000e-04  1.62627998e-02 
-6.94000000e-04  1.64593122e-02 
-6.93000000e-04  1.66591392e-02 
-6.92000000e-04  1.68623383e-02 
-6.91000000e-04  1.70689682e-02 
-6.90000000e-04  1.72790879e-02 
-6.89000000e-04  1.74927576e-02 
-6.88000000e-04  1.77100380e-02 
-6.87000000e-04  1.79309906e-02 
-6.86000000e-04  1.81556777e-02 
-6.85000000e-04  1.83841624e-02 
-6.84000000e-04  1.86165085e-02 
-6.83000000e-04  1.88527806e-02 
-6.82000000e-04  1.90930441e-02 
-6.81000000e-04  1.93373652e-02 
-6.80000000e-04  1.95858105e-02 
-6.79000000e-04  1.98384479e-02 
-6.78000000e-04  2.00953456e-02 
-6.77000000e-04  2.03565727e-02 
-6.76000000e-04  2.06221992e-02 
-6.75000000e-04  2.08922957e-02 
-6.74000000e-04  2.11669334e-02 
-6.73000000e-04  2.14461845e-02 
-6.72000000e-04  2.17301218e-02 
-6.71000000e-04  2.20188189e-02 
-6.70000000e-04  2.23123499e-02 
-6.69000000e-04  2.26107899e-02 
-6.68000000e-04  2.29142147e-02 
-6.67000000e-04  2.32227006e-02 
-6.66000000e-04  2.35363248e-02 
-6.65000000e-04  2.38551652e-02 
-6.64000000e-04  2.41793003e-02 
-6.63000000e-04  2.45088096e-02 
-6.62000000e-04  2.48437728e-02 
-6.61000000e-04  2.51842709e-02 
-6.60000000e-04  2.55303851e-02 
-6.59000000e-04  2.58821977e-02 
-6.58000000e-04  2.62397915e-02 
-6.57000000e-04  2.66032500e-02 
-6.56000000e-04  2.69726576e-02 
-6.55000000e-04  2.73480991e-02 
-6.54000000e-04  2.77296603e-02 
-6.53000000e-04  2.81174277e-02 
-6.52000000e-04  2.85114883e-02 
-6.51000000e-04  2.89119301e-02 
-6.50000000e-04  2.93188417e-02 
-6.49000000e-04  2.97323124e-02 
-6.48000000e-04  3.01524324e-02 
-6.47000000e-04  3.05792926e-02 
-6.46000000e-04  3.10129845e-02 
-6.45000000e-04  3.14536007e-02 
-6.44000000e-04  3.19012343e-02 
-6.43000000e-04  3.23559794e-02 
-6.42000000e-04  3.28179307e-02 
-6.41000000e-04  3.32871841e-02 
-6.40000000e-04  3.37638360e-02 
-6.39000000e-04  3.42479838e-02 
-6.38000000e-04  3.47397259e-02 
-6.37000000e-04  3.52391612e-02 
-6.36000000e-04  3.57463901e-02 
-6.35000000e-04  3.62615136e-02 
-6.34000000e-04  3.67846336e-02 
-6.33000000e-04  3.73158532e-02 
-6.32000000e-04  3.78552766e-02 
-6.31000000e-04  3.84030088e-02 
-6.30000000e-04  3.89591560e-02 
-6.29000000e-04  3.95238256e-02 
-6.28000000e-04  4.00971260e-02 
-6.27000000e-04  4.06791670e-02 
-6.26000000e-04  4.12700593e-02 
-6.25000000e-04  4.18699180e-02 
-6.24000000e-04  4.24788525e-02 
-6.23000000e-04  4.30969787e-02 
-6.22000000e-04  4.37244131e-02 
-6.21000000e-04  4.43612735e-02 
-6.20000000e-04  4.50076790e-02 
-6.19000000e-04  4.56637506e-02 
-6.18000000e-04  4.63296106e-02 
-6.17000000e-04  4.70053830e-02 
-6.16000000e-04  4.76911936e-02 
-6.15000000e-04  4.83871700e-02 
-6.14000000e-04  4.90934416e-02 
-6.13000000e-04  4.98101397e-02 
-6.12000000e-04  5.05373978e-02 
-6.11000000e-04  5.12753513e-02 
-6.10000000e-04  5.20241377e-02 
-6.09000000e-04  5.27838970e-02 
-6.08000000e-04  5.35547713e-02 
-6.07000000e-04  5.43369052e-02 
-6.06000000e-04  5.51304459e-02 
-6.05000000e-04  5.59355430e-02 
-6.04000000e-04  5.67523491e-02 
-6.03000000e-04  5.75810195e-02 
-6.02000000e-04  5.84217123e-02 
-6.01000000e-04  5.92745888e-02 
-6.00000000e-04  6.01398135e-02 
-5.99000000e-04  6.10175543e-02 
-5.98000000e-04  6.19079822e-02 
-5.97000000e-04  6.28112722e-02 
-5.96000000e-04  6.37276028e-02 
-5.95000000e-04  6.46571565e-02 
-5.94000000e-04  6.56001197e-02 
-5.93000000e-04  6.65566833e-02 
-5.92000000e-04  6.75270423e-02 
-5.91000000e-04  6.85113966e-02 
-5.90000000e-04  6.95099506e-02 
-5.89000000e-04  7.05229140e-02 
-5.88000000e-04  7.15505015e-02 
-5.87000000e-04  7.25929334e-02 
-5.86000000e-04  7.36504356e-02 
-5.85000000e-04  7.47232401e-02 
-5.84000000e-04  7.58115849e-02 
-5.83000000e-04  7.69157146e-02 
-5.82000000e-04  7.80358808e-02 
-5.81000000e-04  7.91723419e-02 
-5.80000000e-04  8.03253640e-02 
-5.79000000e-04  8.14952210e-02 
-5.78000000e-04  8.26821948e-02 
-5.77000000e-04  8.38865760e-02 
-5.76000000e-04  8.51086642e-02 
-5.75000000e-04  8.63487686e-02 
-5.74000000e-04  8.76072079e-02 
-5.73000000e-04  8.88843116e-02 
-5.72000000e-04  9.01804200e-02 
-5.71000000e-04  9.14958849e-02 
-5.70000000e-04  9.28310703e-02 
-5.69000000e-04  9.41863528e-02 
-5.68000000e-04  9.55621227e-02 
-5.67000000e-04  9.69587842e-02 
-5.66000000e-04  9.83767567e-02 
-5.65000000e-04  9.98164752e-02 
-5.64000000e-04  1.01278392e-01 
-5.63000000e-04  1.02762975e-01 
-5.62000000e-04  1.04270714e-01 
-5.61000000e-04  1.05802116e-01 
-5.60000000e-04  1.07357711e-01 
-5.59000000e-04  1.08938049e-01 
-5.58000000e-04  1.10543705e-01 
-5.57000000e-04  1.12175280e-01 
-5.56000000e-04  1.13833400e-01 
-5.55000000e-04  1.15518721e-01 
-5.54000000e-04  1.17231928e-01 
-5.53000000e-04  1.18973740e-01 
-5.52000000e-04  1.20744911e-01 
-5.51000000e-04  1.22546229e-01 
-5.50000000e-04  1.24378527e-01 
-5.49000000e-04  1.26242676e-01 
-5.48000000e-04  1.28139596e-01 
-5.47000000e-04  1.30070256e-01 
-5.46000000e-04  1.32035678e-01 
-5.45000000e-04  1.34036942e-01 
-5.44000000e-04  1.36075190e-01 
-5.43000000e-04  1.38151633e-01 
-5.42000000e-04  1.40267552e-01 
-5.41000000e-04  1.42424313e-01 
-5.40000000e-04  1.44623363e-01 
-5.39000000e-04  1.46866250e-01 
-5.38000000e-04  1.49154622e-01 
-5.37000000e-04  1.51490241e-01 
-5.36000000e-04  1.53874997e-01 
-5.35000000e-04  1.56310916e-01 
-5.34000000e-04  1.58800176e-01 
-5.33000000e-04  1.61345128e-01 
-5.32000000e-04  1.63948306e-01 
-5.31000000e-04  1.66612459e-01 
-5.30000000e-04  1.69340567e-01 
-5.29000000e-04  1.72135876e-01 
-5.28000000e-04  1.75001929e-01 
-5.27000000e-04  1.77942606e-01 
-5.26000000e-04  1.80962169e-01 
-5.25000000e-04  1.84065318e-01 
-5.24000000e-04  1.87257255e-01 
-5.23000000e-04  1.90543761e-01 
-5.22000000e-04  1.93931292e-01 
-5.21000000e-04  1.97427087e-01 
-5.20000000e-04  2.01039313e-01 
-5.19000000e-04  2.04777229e-01 
-5.18000000e-04  2.08651407e-01 
-5.17000000e-04  2.12673993e-01 
-5.16000000e-04  2.16859056e-01 
-5.15000000e-04  2.21223024e-01 
-5.14000000e-04  2.25785265e-01 
-5.13000000e-04  2.30568854e-01 
-5.12000000e-04  2.35601606e-01 
-5.11000000e-04  2.40917506e-01 
-5.10000000e-04  2.46558704e-01 
-5.09000000e-04  2.52578396e-01 
-5.08000000e-04  2.59045056e-01 
-5.07000000e-04  2.66362011e-01 
-5.06000000e-04  2.74104171e-01 
-5.05000000e-04  2.82710427e-01 
-5.04000000e-04  2.92451063e-01 
-5.03000000e-04  3.03754038e-01 
-5.02000000e-04  3.17387162e-01 
-5.01000000e-04  3.35053822e-01 
-5.00000000e-04  3.62531738e-01 
-4.99000000e-04  4.63532195e-01 
-4.98000000e-04  8.67740393e-01 
-4.97000000e-04  1.35828590e+00 
-4.96000000e-04  1.62291411e+00 
-4.95000000e-04  1.65156126e+00 
-4.94000000e-04  1.66507212e+00 
-4.93000000e-04  1.67552703e+00 
-4.92000000e-04  1.68120639e+00 
-4.91000000e-04  1.68653714e+00 
-4.90000000e-04  1.69087402e+00 
-4.89000000e-04  1.69464112e+00 
-4.88000000e-04  1.69794623e+00 
-4.87000000e-04  1.70089219e+00 
-4.86000000e-04  1.70354796e+00 
-4.85000000e-04  1.70596488e+00 
-4.84000000e-04  1.70818174e+00 
-4.83000000e-04  1.71022860e+00 
-4.82000000e-04  1.71212921e+00 
-4.81000000e-04  1.71390263e+00 
-4.80000000e-04  1.71556445e+00 
-4.79000000e-04  1.71712750e+00 
-4.78000000e-04  1.71860254e+00 
-4.77000000e-04  1.71999864e+00 
-4.76000000e-04  1.72132352e+00 
-4.75000000e-04  1.72258383e+00 
-4.74000000e-04  1.72378531e+00 
-4.73000000e-04  1.72493297e+00 
-4.72000000e-04  1.72603121e+00 
-4.71000000e-04  1.72708390e+00 
-4.70000000e-04  1.72809448e+00 
-4.69000000e-04  1.72906599e+00 
-4.68000000e-04  1.73000118e+00 
-4.67000000e-04  1.73090250e+00 
-4.66000000e-04  1.73177216e+00 
-4.65000000e-04  1.73261218e+00 
-4.64000000e-04  1.73342436e+00 
-4.63000000e-04  1.73421036e+00 
-4.62000000e-04  1.73497170e+00 
-4.61000000e-04  1.73570976e+00 
-4.60000000e-04  1.73642581e+00 
-4.59000000e-04  1.73712102e+00 
-4.58000000e-04  1.73779646e+00 
-4.57000000e-04  1.73845314e+00 
-4.56000000e-04  1.73909198e+00 
-4.55000000e-04  1.73971382e+00 
-4.54000000e-04  1.74031948e+00 
-4.53000000e-04  1.74090969e+00 
-4.52000000e-04  1.74148515e+00 
-4.51000000e-04  1.74204649e+00 
-4.50000000e-04  1.74259433e+00 
-4.49000000e-04  1.74312923e+00 
-4.48000000e-04  1.74365172e+00 
-4.47000000e-04  1.74416231e+00 
-4.46000000e-04  1.74466146e+00 
-4.45000000e-04  1.74514962e+00 
-4.44000000e-04  1.74562721e+00 
-4.43000000e-04  1.74609462e+00 
-4.42000000e-04  1.74655222e+00 
-4.41000000e-04  1.74700037e+00 
-4.40000000e-04  1.74743941e+00 
-4.39000000e-04  1.74786964e+00 
-4.38000000e-04  1.74829138e+00 
-4.37000000e-04  1.74870491e+00 
-4.36000000e-04  1.74911049e+00 
-4.35000000e-04  1.74950840e+00 
-4.34000000e-04  1.74989887e+00 
-4.33000000e-04  1.75028214e+00 
-4.32000000e-04  1.75065844e+00 
-4.31000000e-04  1.75102798e+00 
-4.30000000e-04  1.75139097e+00 
-4.29000000e-04  1.75174759e+00 
-4.28000000e-04  1.75209805e+00 
-4.27000000e-04  1.75244251e+00 
-4.26000000e-04  1.75278114e+00 
-4.25000000e-04  1.75311412e+00 
-4.24000000e-04  1.75344161e+00 
-4.23000000e-04  1.75376374e+00 
-4.22000000e-04  1.75408067e+00 
-4.21000000e-04  1.75439254e+00 
-4.20000000e-04  1.75469948e+00 
-4.19000000e-04  1.75500162e+00 
-4.18000000e-04  1.75529909e+00 
-4.17000000e-04  1.75559200e+00 
-4.16000000e-04  1.75588047e+00 
-4.15000000e-04  1.75616461e+00 
-4.14000000e-04  1.75644452e+00 
-4.13000000e-04  1.75672032e+00 
-4.12000000e-04  1.75699210e+00 
-4.11000000e-04  1.75725996e+00 
-4.10000000e-04  1.75752398e+00 
-4.09000000e-04  1.75778426e+00 
-4.08000000e-04  1.75804089e+00 
-4.07000000e-04  1.75829395e+00 
-4.06000000e-04  1.75854352e+00 
-4.05000000e-04  1.75878967e+00 
-4.04000000e-04  1.75903249e+00 
-4.03000000e-04  1.75927205e+00 
-4.02000000e-04  1.75950842e+00 
-4.01000000e-04  1.75974166e+00 
-4.00000000e-04  1.75997185e+00 
-3.99000000e-04  1.76019905e+00 
-3.98000000e-04  1.76042332e+00 
-3.97000000e-04  1.76064473e+00 
-3.96000000e-04  1.76086332e+00 
-3.95000000e-04  1.76107917e+00 
-3.94000000e-04  1.76129232e+00 
-3.93000000e-04  1.76150283e+00 
-3.92000000e-04  1.76171075e+00 
-3.91000000e-04  1.76191614e+00 
-3.90000000e-04  1.76211904e+00 
-3.89000000e-04  1.76231950e+00 
-3.88000000e-04  1.76251756e+00 
-3.87000000e-04  1.76271328e+00 
-3.86000000e-04  1.76290670e+00 
-3.85000000e-04  1.76309786e+00 
-3.84000000e-04  1.76328680e+00 
-3.83000000e-04  1.76347356e+00 
-3.82000000e-04  1.76365819e+00 
-3.81000000e-04  1.76384072e+00 
-3.80000000e-04  1.76402120e+00 
-3.79000000e-04  1.76419965e+00 
-3.78000000e-04  1.76437611e+00 
-3.77000000e-04  1.76455062e+00 
-3.76000000e-04  1.76472321e+00 
-3.75000000e-04  1.76489392e+00 
-3.74000000e-04  1.76506278e+00 
-3.73000000e-04  1.76522982e+00 
-3.72000000e-04  1.76539507e+00 
-3.71000000e-04  1.76555856e+00 
-3.70000000e-04  1.76572032e+00 
-3.69000000e-04  1.76588038e+00 
-3.68000000e-04  1.76603877e+00 
-3.67000000e-04  1.76619552e+00 
-3.66000000e-04  1.76635064e+00 
-3.65000000e-04  1.76650418e+00 
-3.64000000e-04  1.76665615e+00 
-3.63000000e-04  1.76680658e+00 
-3.62000000e-04  1.76695549e+00 
-3.61000000e-04  1.76710291e+00 
-3.60000000e-04  1.76724886e+00 
-3.59000000e-04  1.76739336e+00 
-3.58000000e-04  1.76753644e+00 
-3.57000000e-04  1.76767812e+00 
-3.56000000e-04  1.76781842e+00 
-3.55000000e-04  1.76795735e+00 
-3.54000000e-04  1.76809495e+00 
-3.53000000e-04  1.76823123e+00 
-3.52000000e-04  1.76836621e+00 
-3.51000000e-04  1.76849991e+00 
-3.50000000e-04  1.76863236e+00 
-3.49000000e-04  1.76876355e+00 
-3.48000000e-04  1.76889353e+00 
-3.47000000e-04  1.76902229e+00 
-3.46000000e-04  1.76914987e+00 
-3.45000000e-04  1.76927628e+00 
-3.44000000e-04  1.76940153e+00 
-3.43000000e-04  1.76952564e+00 
-3.42000000e-04  1.76964862e+00 
-3.41000000e-04  1.76977051e+00 
-3.40000000e-04  1.76989129e+00 
-3.39000000e-04  1.77001101e+00 
-3.38000000e-04  1.77012966e+00 
-3.37000000e-04  1.77024726e+00 
-3.36000000e-04  1.77036383e+00 
-3.35000000e-04  1.77047938e+00 
-3.34000000e-04  1.77059392e+00 
-3.33000000e-04  1.77070747e+00 
-3.32000000e-04  1.77082005e+00 
-3.31000000e-04  1.77093166e+00 
-3.30000000e-04  1.77104231e+00 
-3.29000000e-04  1.77115203e+00 
-3.28000000e-04  1.77126082e+00 
-3.27000000e-04  1.77136869e+00 
-3.26000000e-04  1.77147565e+00 
-3.25000000e-04  1.77158173e+00 
-3.24000000e-04  1.77168692e+00 
-3.23000000e-04  1.77179124e+00 
-3.22000000e-04  1.77189471e+00 
-3.21000000e-04  1.77199733e+00 
-3.20000000e-04  1.77209911e+00 
-3.19000000e-04  1.77220006e+00 
-3.18000000e-04  1.77230019e+00 
-3.17000000e-04  1.77239952e+00 
-3.16000000e-04  1.77249806e+00 
-3.15000000e-04  1.77259580e+00 
-3.14000000e-04  1.77269277e+00 
-3.13000000e-04  1.77278897e+00 
-3.12000000e-04  1.77288442e+00 
-3.11000000e-04  1.77297911e+00 
-3.10000000e-04  1.77307306e+00 
-3.09000000e-04  1.77316629e+00 
-3.08000000e-04  1.77325879e+00 
-3.07000000e-04  1.77335057e+00 
-3.06000000e-04  1.77344165e+00 
-3.05000000e-04  1.77353203e+00 
-3.04000000e-04  1.77362173e+00 
-3.03000000e-04  1.77371074e+00 
-3.02000000e-04  1.77379907e+00 
-3.01000000e-04  1.77388675e+00 
-3.00000000e-04  1.77397376e+00 
-2.99000000e-04  1.77406012e+00 
-2.98000000e-04  1.77414584e+00 
-2.97000000e-04  1.77423093e+00 
-2.96000000e-04  1.77431538e+00 
-2.95000000e-04  1.77439922e+00 
-2.94000000e-04  1.77448243e+00 
-2.93000000e-04  1.77456505e+00 
-2.92000000e-04  1.77464706e+00 
-2.91000000e-04  1.77472847e+00 
-2.90000000e-04  1.77480930e+00 
-2.89000000e-04  1.77488954e+00 
-2.88000000e-04  1.77496922e+00 
-2.87000000e-04  1.77504832e+00 
-2.86000000e-04  1.77512686e+00 
-2.85000000e-04  1.77520484e+00 
-2.84000000e-04  1.77528227e+00 
-2.83000000e-04  1.77535916e+00 
-2.82000000e-04  1.77543550e+00 
-2.81000000e-04  1.77551132e+00 
-2.80000000e-04  1.77558660e+00 
-2.79000000e-04  1.77566137e+00 
-2.78000000e-04  1.77573562e+00 
-2.77000000e-04  1.77580935e+00 
-2.76000000e-04  1.77588258e+00 
-2.75000000e-04  1.77595531e+00 
-2.74000000e-04  1.77602755e+00 
-2.73000000e-04  1.77609929e+00 
-2.72000000e-04  1.77617055e+00 
-2.71000000e-04  1.77624133e+00 
-2.70000000e-04  1.77631163e+00 
-2.69000000e-04  1.77638146e+00 
-2.68000000e-04  1.77645083e+00 
-2.67000000e-04  1.77651973e+00 
-2.66000000e-04  1.77658818e+00 
-2.65000000e-04  1.77665617e+00 
-2.64000000e-04  1.77672372e+00 
-2.63000000e-04  1.77679083e+00 
-2.62000000e-04  1.77685749e+00 
-2.61000000e-04  1.77692372e+00 
-2.60000000e-04  1.77698952e+00 
-2.59000000e-04  1.77705490e+00 
-2.58000000e-04  1.77711985e+00 
-2.57000000e-04  1.77718439e+00 
-2.56000000e-04  1.77724851e+00 
-2.55000000e-04  1.77731222e+00 
-2.54000000e-04  1.77737553e+00 
-2.53000000e-04  1.77743843e+00 
-2.52000000e-04  1.77750094e+00 
-2.51000000e-04  1.77756305e+00 
-2.50000000e-04  1.77762477e+00 
-2.49000000e-04  1.77768610e+00 
-2.48000000e-04  1.77774705e+00 
-2.47000000e-04  1.77780763e+00 
-2.46000000e-04  1.77786782e+00 
-2.45000000e-04  1.77792764e+00 
-2.44000000e-04  1.77798710e+00 
-2.43000000e-04  1.77804618e+00 
-2.42000000e-04  1.77810491e+00 
-2.41000000e-04  1.77816327e+00 
-2.40000000e-04  1.77822129e+00 
-2.39000000e-04  1.77827894e+00 
-2.38000000e-04  1.77833625e+00 
-2.37000000e-04  1.77839321e+00 
-2.36000000e-04  1.77844983e+00 
-2.35000000e-04  1.77850611e+00 
-2.34000000e-04  1.77856206e+00 
-2.33000000e-04  1.77861767e+00 
-2.32000000e-04  1.77867294e+00 
-2.31000000e-04  1.77872789e+00 
-2.30000000e-04  1.77878252e+00 
-2.29000000e-04  1.77883682e+00 
-2.28000000e-04  1.77889081e+00 
-2.27000000e-04  1.77894447e+00 
-2.26000000e-04  1.77899783e+00 
-2.25000000e-04  1.77905087e+00 
-2.24000000e-04  1.77910360e+00 
-2.23000000e-04  1.77915603e+00 
-2.22000000e-04  1.77920816e+00 
-2.21000000e-04  1.77925999e+00 
-2.20000000e-04  1.77931151e+00 
-2.19000000e-04  1.77936275e+00 
-2.18000000e-04  1.77941369e+00 
-2.17000000e-04  1.77946434e+00 
-2.16000000e-04  1.77951470e+00 
-2.15000000e-04  1.77956478e+00 
-2.14000000e-04  1.77961457e+00 
-2.13000000e-04  1.77966408e+00 
-2.12000000e-04  1.77971332e+00 
-2.11000000e-04  1.77976228e+00 
-2.10000000e-04  1.77981097e+00 
-2.09000000e-04  1.77985938e+00 
-2.08000000e-04  1.77990753e+00 
-2.07000000e-04  1.77995541e+00 
-2.06000000e-04  1.78000302e+00 
-2.05000000e-04  1.78005038e+00 
-2.04000000e-04  1.78009747e+00 
-2.03000000e-04  1.78014430e+00 
-2.02000000e-04  1.78019088e+00 
-2.01000000e-04  1.78023721e+00 
-2.00000000e-04  1.78028328e+00 
-1.99000000e-04  1.78032911e+00 
-1.98000000e-04  1.78037468e+00 
-1.97000000e-04  1.78042001e+00 
-1.96000000e-04  1.78046510e+00 
-1.95000000e-04  1.78050994e+00 
-1.94000000e-04  1.78055455e+00 
-1.93000000e-04  1.78059891e+00 
-1.92000000e-04  1.78064304e+00 
-1.91000000e-04  1.78068694e+00 
-1.90000000e-04  1.78073060e+00 
-1.89000000e-04  1.78077403e+00 
-1.88000000e-04  1.78081724e+00 
-1.87000000e-04  1.78086022e+00 
-1.86000000e-04  1.78090297e+00 
-1.85000000e-04  1.78094550e+00 
-1.84000000e-04  1.78098780e+00 
-1.83000000e-04  1.78102989e+00 
-1.82000000e-04  1.78107176e+00 
-1.81000000e-04  1.78111341e+00 
-1.80000000e-04  1.78115485e+00 
-1.79000000e-04  1.78119607e+00 
-1.78000000e-04  1.78123709e+00 
-1.77000000e-04  1.78127789e+00 
-1.76000000e-04  1.78131848e+00 
-1.75000000e-04  1.78135887e+00 
-1.74000000e-04  1.78139905e+00 
-1.73000000e-04  1.78143903e+00 
-1.72000000e-04  1.78147881e+00 
-1.71000000e-04  1.78151838e+00 
-1.70000000e-04  1.78155776e+00 
-1.69000000e-04  1.78159693e+00 
-1.68000000e-04  1.78163592e+00 
-1.67000000e-04  1.78167470e+00 
-1.66000000e-04  1.78171330e+00 
-1.65000000e-04  1.78175170e+00 
-1.64000000e-04  1.78178991e+00 
-1.63000000e-04  1.78182793e+00 
-1.62000000e-04  1.78186577e+00 
-1.61000000e-04  1.78190341e+00 
-1.60000000e-04  1.78194088e+00 
-1.59000000e-04  1.78197816e+00 
-1.58000000e-04  1.78201525e+00 
-1.57000000e-04  1.78205217e+00 
-1.56000000e-04  1.78208891e+00 
-1.55000000e-04  1.78212547e+00 
-1.54000000e-04  1.78216185e+00 
-1.53000000e-04  1.78219805e+00 
-1.52000000e-04  1.78223408e+00 
-1.51000000e-04  1.78226994e+00 
-1.50000000e-04  1.78230563e+00 
-1.49000000e-04  1.78234114e+00 
-1.48000000e-04  1.78237648e+00 
-1.47000000e-04  1.78241166e+00 
-1.46000000e-04  1.78244667e+00 
-1.45000000e-04  1.78248151e+00 
-1.44000000e-04  1.78251619e+00 
-1.43000000e-04  1.78255070e+00 
-1.42000000e-04  1.78258506e+00 
-1.41000000e-04  1.78261925e+00 
-1.40000000e-04  1.78265328e+00 
-1.39000000e-04  1.78268715e+00 
-1.38000000e-04  1.78272086e+00 
-1.37000000e-04  1.78275441e+00 
-1.36000000e-04  1.78278781e+00 
-1.35000000e-04  1.78282106e+00 
-1.34000000e-04  1.78285415e+00 
-1.33000000e-04  1.78288709e+00 
-1.32000000e-04  1.78291987e+00 
-1.31000000e-04  1.78295251e+00 
-1.30000000e-04  1.78298499e+00 
-1.29000000e-04  1.78301733e+00 
-1.28000000e-04  1.78304952e+00 
-1.27000000e-04  1.78308156e+00 
-1.26000000e-04  1.78311346e+00 
-1.25000000e-04  1.78314521e+00 
-1.24000000e-04  1.78317682e+00 
-1.23000000e-04  1.78320828e+00 
-1.22000000e-04  1.78323961e+00 
-1.21000000e-04  1.78327079e+00 
-1.20000000e-04  1.78330183e+00 
-1.19000000e-04  1.78333273e+00 
-1.18000000e-04  1.78336350e+00 
-1.17000000e-04  1.78339413e+00 
-1.16000000e-04  1.78342462e+00 
-1.15000000e-04  1.78345498e+00 
-1.14000000e-04  1.78348520e+00 
-1.13000000e-04  1.78351529e+00 
-1.12000000e-04  1.78354524e+00 
-1.11000000e-04  1.78357507e+00 
-1.10000000e-04  1.78360476e+00 
-1.09000000e-04  1.78363432e+00 
-1.08000000e-04  1.78366375e+00 
-1.07000000e-04  1.78369306e+00 
-1.06000000e-04  1.78372224e+00 
-1.05000000e-04  1.78375129e+00 
-1.04000000e-04  1.78378021e+00 
-1.03000000e-04  1.78380901e+00 
-1.02000000e-04  1.78383768e+00 
-1.01000000e-04  1.78386623e+00 
-1.00000000e-04  1.78389466e+00 
-9.90000000e-05  1.78392297e+00 
-9.80000000e-05  1.78395115e+00 
-9.70000000e-05  1.78397921e+00 
-9.60000000e-05  1.78400716e+00 
-9.50000000e-05  1.78403498e+00 
-9.40000000e-05  1.78406269e+00 
-9.30000000e-05  1.78409028e+00 
-9.20000000e-05  1.78411775e+00 
-9.10000000e-05  1.78414510e+00 
-9.00000000e-05  1.78417234e+00 
-8.90000000e-05  1.78419947e+00 
-8.80000000e-05  1.78422648e+00 
-8.70000000e-05  1.78425338e+00 
-8.60000000e-05  1.78428017e+00 
-8.50000000e-05  1.78430684e+00 
-8.40000000e-05  1.78433340e+00 
-8.30000000e-05  1.78435986e+00 
-8.20000000e-05  1.78438620e+00 
-8.10000000e-05  1.78441243e+00 
-8.00000000e-05  1.78443856e+00 
-7.90000000e-05  1.78446457e+00 
-7.80000000e-05  1.78449048e+00 
-7.70000000e-05  1.78451629e+00 
-7.60000000e-05  1.78454198e+00 
-7.50000000e-05  1.78456758e+00 
-7.40000000e-05  1.78459306e+00 
-7.30000000e-05  1.78461845e+00 
-7.20000000e-05  1.78464373e+00 
-7.10000000e-05  1.78466891e+00 
-7.00000000e-05  1.78469398e+00 
-6.90000000e-05  1.78471895e+00 
-6.80000000e-05  1.78474383e+00 
-6.70000000e-05  1.78476860e+00 
-6.60000000e-05  1.78479327e+00 
-6.50000000e-05  1.78481785e+00 
-6.40000000e-05  1.78484232e+00 
-6.30000000e-05  1.78486670e+00 
-6.20000000e-05  1.78489098e+00 
-6.10000000e-05  1.78491516e+00 
-6.00000000e-05  1.78493925e+00 
-5.90000000e-05  1.78496324e+00 
-5.80000000e-05  1.78498714e+00 
-5.70000000e-05  1.78501094e+00 
-5.60000000e-05  1.78503464e+00 
-5.50000000e-05  1.78505826e+00 
-5.40000000e-05  1.78508178e+00 
-5.30000000e-05  1.78510521e+00 
-5.20000000e-05  1.78512854e+00 
-5.10000000e-05  1.78515179e+00 
-5.00000000e-05  1.78517494e+00 
-4.90000000e-05  1.78519801e+00 
-4.80000000e-05  1.78522098e+00 
-4.70000000e-05  1.78524387e+00 
-4.60000000e-05  1.78526666e+00 
-4.50000000e-05  1.78528937e+00 
-4.40000000e-05  1.78531199e+00 
-4.30000000e-05  1.78533452e+00 
-4.20000000e-05  1.78535697e+00 
-4.10000000e-05  1.78537933e+00 
-4.00000000e-05  1.78540160e+00 
-3.90000000e-05  1.78542379e+00 
-3.80000000e-05  1.78544590e+00 
-3.70000000e-05  1.78546792e+00 
-3.60000000e-05  1.78548985e+00 
-3.50000000e-05  1.78551171e+00 
-3.40000000e-05  1.78553347e+00 
-3.30000000e-05  1.78555516e+00 
-3.20000000e-05  1.78557677e+00 
-3.10000000e-05  1.78559829e+00 
-3.00000000e-05  1.78561973e+00 
-2.90000000e-05  1.78564109e+00 
-2.80000000e-05  1.78566237e+00 
-2.70000000e-05  1.78568357e+00 
-2.60000000e-05  1.78570470e+00 
-2.50000000e-05  1.78572574e+00 
-2.40000000e-05  1.78574670e+00 
-2.30000000e-05  1.78576759e+00 
-2.20000000e-05  1.78578840e+00 
-2.10000000e-05  1.78580913e+00 
-2.00000000e-05  1.78582979e+00 
-1.90000000e-05  1.78585036e+00 
-1.80000000e-05  1.78587087e+00 
-1.70000000e-05  1.78589129e+00 
-1.60000000e-05  1.78591165e+00 
-1.50000000e-05  1.78593192e+00 
-1.40000000e-05  1.78595212e+00 
-1.30000000e-05  1.78597225e+00 
-1.20000000e-05  1.78599231e+00 
-1.10000000e-05  1.78601229e+00 
-1.00000000e-05  1.78603220e+00 
-9.00000000e-06  1.78605204e+00 
-8.00000000e-06  1.78607180e+00 
-7.00000000e-06  1.78609149e+00 
-6.00000000e-06  1.78611112e+00 
-5.00000000e-06  1.78613067e+00 
-4.00000000e-06  1.78615015e+00 
-3.00000000e-06  1.78616956e+00 
-2.00000000e-06  1.78618890e+00 
-1.00000000e-06  1.78620817e+00 
 1.52504047e-17  1.78622737e+00 
