 v-sweep         Vout           
-5.00000000e-04  3.62383758e-01 
-4.99996000e-04  3.62684578e-01 
-4.99992000e-04  3.62837297e-01 
-4.99988000e-04  3.62989772e-01 
-4.99984000e-04  3.63142799e-01 
-4.99980000e-04  3.63296385e-01 
-4.99976000e-04  3.63450535e-01 
-4.99972000e-04  3.63605253e-01 
-4.99968000e-04  3.63760545e-01 
-4.99964000e-04  3.63916414e-01 
-4.99960000e-04  3.64072866e-01 
-4.99956000e-04  3.64229906e-01 
-4.99952000e-04  3.64387538e-01 
-4.99948000e-04  3.64545768e-01 
-4.99944000e-04  3.64704601e-01 
-4.99940000e-04  3.64864042e-01 
-4.99936000e-04  3.65024096e-01 
-4.99932000e-04  3.65184768e-01 
-4.99928000e-04  3.65346065e-01 
-4.99924000e-04  3.65507990e-01 
-4.99920000e-04  3.65670551e-01 
-4.99916000e-04  3.65833751e-01 
-4.99912000e-04  3.65997598e-01 
-4.99908000e-04  3.66162096e-01 
-4.99904000e-04  3.66327252e-01 
-4.99900000e-04  3.66493072e-01 
-4.99896000e-04  3.66659560e-01 
-4.99892000e-04  3.66826724e-01 
-4.99888000e-04  3.66994570e-01 
-4.99884000e-04  3.67163103e-01 
-4.99880000e-04  3.67332331e-01 
-4.99876000e-04  3.67502258e-01 
-4.99872000e-04  3.67672893e-01 
-4.99868000e-04  3.67844241e-01 
-4.99864000e-04  3.68016309e-01 
-4.99860000e-04  3.68189104e-01 
-4.99856000e-04  3.68362632e-01 
-4.99852000e-04  3.68536901e-01 
-4.99848000e-04  3.68711918e-01 
-4.99844000e-04  3.68887689e-01 
-4.99840000e-04  3.69064222e-01 
-4.99836000e-04  3.69241524e-01 
-4.99832000e-04  3.69419603e-01 
-4.99828000e-04  3.69598467e-01 
-4.99824000e-04  3.69778122e-01 
-4.99820000e-04  3.69958576e-01 
-4.99816000e-04  3.70139839e-01 
-4.99812000e-04  3.70321916e-01 
-4.99808000e-04  3.70504818e-01 
-4.99804000e-04  3.70688551e-01 
-4.99800000e-04  3.70873124e-01 
-4.99796000e-04  3.71058546e-01 
-4.99792000e-04  3.71244825e-01 
-4.99788000e-04  3.71431971e-01 
-4.99784000e-04  3.71619991e-01 
-4.99780000e-04  3.71808895e-01 
-4.99776000e-04  3.71998692e-01 
-4.99772000e-04  3.72189391e-01 
-4.99768000e-04  3.72381002e-01 
-4.99764000e-04  3.72573535e-01 
-4.99760000e-04  3.72766999e-01 
-4.99756000e-04  3.72961403e-01 
-4.99752000e-04  3.73156759e-01 
-4.99748000e-04  3.73353075e-01 
-4.99744000e-04  3.73550364e-01 
-4.99740000e-04  3.73748634e-01 
-4.99736000e-04  3.73947897e-01 
-4.99732000e-04  3.74148164e-01 
-4.99728000e-04  3.74349445e-01 
-4.99724000e-04  3.74551752e-01 
-4.99720000e-04  3.74755097e-01 
-4.99716000e-04  3.74959491e-01 
-4.99712000e-04  3.75164945e-01 
-4.99708000e-04  3.75371472e-01 
-4.99704000e-04  3.75579084e-01 
-4.99700000e-04  3.75787794e-01 
-4.99696000e-04  3.75997613e-01 
-4.99692000e-04  3.76208555e-01 
-4.99688000e-04  3.76420633e-01 
-4.99684000e-04  3.76633860e-01 
-4.99680000e-04  3.76848249e-01 
-4.99676000e-04  3.77063815e-01 
-4.99672000e-04  3.77280572e-01 
-4.99668000e-04  3.77498532e-01 
-4.99664000e-04  3.77717712e-01 
-4.99660000e-04  3.77938126e-01 
-4.99656000e-04  3.78159788e-01 
-4.99652000e-04  3.78382715e-01 
-4.99648000e-04  3.78606921e-01 
-4.99644000e-04  3.78832422e-01 
-4.99640000e-04  3.79059235e-01 
-4.99636000e-04  3.79287376e-01 
-4.99632000e-04  3.79516862e-01 
-4.99628000e-04  3.79747709e-01 
-4.99624000e-04  3.79979936e-01 
-4.99620000e-04  3.80213559e-01 
-4.99616000e-04  3.80448597e-01 
-4.99612000e-04  3.80685068e-01 
-4.99608000e-04  3.80922991e-01 
-4.99604000e-04  3.81162385e-01 
-4.99600000e-04  3.81403269e-01 
-4.99596000e-04  3.81645663e-01 
-4.99592000e-04  3.81889588e-01 
-4.99588000e-04  3.82135063e-01 
-4.99584000e-04  3.82382111e-01 
-4.99580000e-04  3.82630751e-01 
-4.99576000e-04  3.82881007e-01 
-4.99572000e-04  3.83132900e-01 
-4.99568000e-04  3.83386454e-01 
-4.99564000e-04  3.83641691e-01 
-4.99560000e-04  3.83898635e-01 
-4.99556000e-04  3.84157310e-01 
-4.99552000e-04  3.84417741e-01 
-4.99548000e-04  3.84679953e-01 
-4.99544000e-04  3.84943971e-01 
-4.99540000e-04  3.85209823e-01 
-4.99536000e-04  3.85477534e-01 
-4.99532000e-04  3.85747133e-01 
-4.99528000e-04  3.86018646e-01 
-4.99524000e-04  3.86292102e-01 
-4.99520000e-04  3.86567532e-01 
-4.99516000e-04  3.86844964e-01 
-4.99512000e-04  3.87124428e-01 
-4.99508000e-04  3.87405956e-01 
-4.99504000e-04  3.87689580e-01 
-4.99500000e-04  3.87975333e-01 
-4.99496000e-04  3.88263246e-01 
-4.99492000e-04  3.88553355e-01 
-4.99488000e-04  3.88845693e-01 
-4.99484000e-04  3.89140297e-01 
-4.99480000e-04  3.89437203e-01 
-4.99476000e-04  3.89736447e-01 
-4.99472000e-04  3.90038068e-01 
-4.99468000e-04  3.90342105e-01 
-4.99464000e-04  3.90648596e-01 
-4.99460000e-04  3.90957584e-01 
-4.99456000e-04  3.91269109e-01 
-4.99452000e-04  3.91583214e-01 
-4.99448000e-04  3.91899942e-01 
-4.99444000e-04  3.92219338e-01 
-4.99440000e-04  3.92541449e-01 
-4.99436000e-04  3.92866319e-01 
-4.99432000e-04  3.93193998e-01 
-4.99428000e-04  3.93524534e-01 
-4.99424000e-04  3.93857977e-01 
-4.99420000e-04  3.94194379e-01 
-4.99416000e-04  3.94533792e-01 
-4.99412000e-04  3.94876270e-01 
-4.99408000e-04  3.95221868e-01 
-4.99404000e-04  3.95570643e-01 
-4.99400000e-04  3.95922653e-01 
-4.99396000e-04  3.96277956e-01 
-4.99392000e-04  3.96636614e-01 
-4.99388000e-04  3.96998689e-01 
-4.99384000e-04  3.97364245e-01 
-4.99380000e-04  3.97733346e-01 
-4.99376000e-04  3.98106060e-01 
-4.99372000e-04  3.98482455e-01 
-4.99368000e-04  3.98862602e-01 
-4.99364000e-04  3.99246572e-01 
-4.99360000e-04  3.99634439e-01 
-4.99356000e-04  4.00026279e-01 
-4.99352000e-04  4.00422169e-01 
-4.99348000e-04  4.00822187e-01 
-4.99344000e-04  4.01226416e-01 
-4.99340000e-04  4.01634939e-01 
-4.99336000e-04  4.02047839e-01 
-4.99332000e-04  4.02465205e-01 
-4.99328000e-04  4.02887125e-01 
-4.99324000e-04  4.03313691e-01 
-4.99320000e-04  4.03744996e-01 
-4.99316000e-04  4.04181136e-01 
-4.99312000e-04  4.04622208e-01 
-4.99308000e-04  4.05068312e-01 
-4.99304000e-04  4.05519549e-01 
-4.99300000e-04  4.05976026e-01 
-4.99296000e-04  4.06437847e-01 
-4.99292000e-04  4.06905122e-01 
-4.99288000e-04  4.07377963e-01 
-4.99284000e-04  4.07856481e-01 
-4.99280000e-04  4.08340793e-01 
-4.99276000e-04  4.08831017e-01 
-4.99272000e-04  4.09327273e-01 
-4.99268000e-04  4.09829683e-01 
-4.99264000e-04  4.10338371e-01 
-4.99260000e-04  4.10853464e-01 
-4.99256000e-04  4.11375090e-01 
-4.99252000e-04  4.11903379e-01 
-4.99248000e-04  4.12438465e-01 
-4.99244000e-04  4.12980480e-01 
-4.99240000e-04  4.13529561e-01 
-4.99236000e-04  4.14085845e-01 
-4.99232000e-04  4.14649470e-01 
-4.99228000e-04  4.15220576e-01 
-4.99224000e-04  4.15799305e-01 
-4.99220000e-04  4.16385797e-01 
-4.99216000e-04  4.16980196e-01 
-4.99212000e-04  4.17582644e-01 
-4.99208000e-04  4.18193284e-01 
-4.99204000e-04  4.18812260e-01 
-4.99200000e-04  4.19439713e-01 
-4.99196000e-04  4.20075787e-01 
-4.99192000e-04  4.20720621e-01 
-4.99188000e-04  4.21374356e-01 
-4.99184000e-04  4.22037130e-01 
-4.99180000e-04  4.22709079e-01 
-4.99176000e-04  4.23390337e-01 
-4.99172000e-04  4.24081034e-01 
-4.99168000e-04  4.24781298e-01 
-4.99164000e-04  4.25491253e-01 
-4.99160000e-04  4.26211021e-01 
-4.99156000e-04  4.26940715e-01 
-4.99152000e-04  4.27680447e-01 
-4.99148000e-04  4.28430323e-01 
-4.99144000e-04  4.29190443e-01 
-4.99140000e-04  4.29960900e-01 
-4.99136000e-04  4.30741782e-01 
-4.99132000e-04  4.31533169e-01 
-4.99128000e-04  4.32335135e-01 
-4.99124000e-04  4.33147746e-01 
-4.99120000e-04  4.33971059e-01 
-4.99116000e-04  4.34805125e-01 
-4.99112000e-04  4.35649985e-01 
-4.99108000e-04  4.36505672e-01 
-4.99104000e-04  4.37372212e-01 
-4.99100000e-04  4.38249618e-01 
-4.99096000e-04  4.39137899e-01 
-4.99092000e-04  4.40037051e-01 
-4.99088000e-04  4.40947065e-01 
-4.99084000e-04  4.41867920e-01 
-4.99080000e-04  4.42799587e-01 
-4.99076000e-04  4.43742029e-01 
-4.99072000e-04  4.44695200e-01 
-4.99068000e-04  4.45659047e-01 
-4.99064000e-04  4.46633508e-01 
-4.99060000e-04  4.47618512e-01 
-4.99056000e-04  4.48613984e-01 
-4.99052000e-04  4.49619840e-01 
-4.99048000e-04  4.50635989e-01 
-4.99044000e-04  4.51662334e-01 
-4.99040000e-04  4.52698774e-01 
-4.99036000e-04  4.53745200e-01 
-4.99032000e-04  4.54801500e-01 
-4.99028000e-04  4.55867558e-01 
-4.99024000e-04  4.56943250e-01 
-4.99020000e-04  4.58028455e-01 
-4.99016000e-04  4.59123042e-01 
-4.99012000e-04  4.60226883e-01 
-4.99008000e-04  4.61339844e-01 
-4.99004000e-04  4.62461790e-01 
-4.99000000e-04  4.63592586e-01 
-4.98996000e-04  4.64732095e-01 
-4.98992000e-04  4.65880177e-01 
-4.98988000e-04  4.67036697e-01 
-4.98984000e-04  4.68201514e-01 
-4.98980000e-04  4.69374492e-01 
-4.98976000e-04  4.70555492e-01 
-4.98972000e-04  4.71744378e-01 
-4.98968000e-04  4.72941014e-01 
-4.98964000e-04  4.74145266e-01 
-4.98960000e-04  4.75357002e-01 
-4.98956000e-04  4.76576090e-01 
-4.98952000e-04  4.77802400e-01 
-4.98948000e-04  4.79035805e-01 
-4.98944000e-04  4.80276180e-01 
-4.98940000e-04  4.81523402e-01 
-4.98936000e-04  4.82777350e-01 
-4.98932000e-04  4.84037905e-01 
-4.98928000e-04  4.85304952e-01 
-4.98924000e-04  4.86578376e-01 
-4.98920000e-04  4.87858067e-01 
-4.98916000e-04  4.89143918e-01 
-4.98912000e-04  4.90435820e-01 
-4.98908000e-04  4.91733672e-01 
-4.98904000e-04  4.93037373e-01 
-4.98900000e-04  4.94346824e-01 
-4.98896000e-04  4.95661930e-01 
-4.98892000e-04  4.96982598e-01 
-4.98888000e-04  4.98308737e-01 
-4.98884000e-04  4.99640261e-01 
-4.98880000e-04  5.00977082e-01 
-4.98876000e-04  5.02319117e-01 
-4.98872000e-04  5.03666287e-01 
-4.98868000e-04  5.05018512e-01 
-4.98864000e-04  5.06375716e-01 
-4.98860000e-04  5.07737827e-01 
-4.98856000e-04  5.09104770e-01 
-4.98852000e-04  5.10476477e-01 
-4.98848000e-04  5.11852881e-01 
-4.98844000e-04  5.13233915e-01 
-4.98840000e-04  5.14619517e-01 
-4.98836000e-04  5.16009624e-01 
-4.98832000e-04  5.17404175e-01 
-4.98828000e-04  5.18803115e-01 
-4.98824000e-04  5.20206386e-01 
-4.98820000e-04  5.21613932e-01 
-4.98816000e-04  5.23025703e-01 
-4.98812000e-04  5.24441644e-01 
-4.98808000e-04  5.25861708e-01 
-4.98804000e-04  5.27285846e-01 
-4.98800000e-04  5.28714010e-01 
-4.98796000e-04  5.30146155e-01 
-4.98792000e-04  5.31582236e-01 
-4.98788000e-04  5.33022212e-01 
-4.98784000e-04  5.34466039e-01 
-4.98780000e-04  5.35913678e-01 
-4.98776000e-04  5.37365089e-01 
-4.98772000e-04  5.38820234e-01 
-4.98768000e-04  5.40279075e-01 
-4.98764000e-04  5.41741578e-01 
-4.98760000e-04  5.43207706e-01 
-4.98756000e-04  5.44677425e-01 
-4.98752000e-04  5.46150702e-01 
-4.98748000e-04  5.47627506e-01 
-4.98744000e-04  5.49107804e-01 
-4.98740000e-04  5.50591566e-01 
-4.98736000e-04  5.52078762e-01 
-4.98732000e-04  5.53569363e-01 
-4.98728000e-04  5.55063341e-01 
-4.98724000e-04  5.56560669e-01 
-4.98720000e-04  5.58061319e-01 
-4.98716000e-04  5.59565265e-01 
-4.98712000e-04  5.61072482e-01 
-4.98708000e-04  5.62582945e-01 
-4.98704000e-04  5.64096630e-01 
-4.98700000e-04  5.65613512e-01 
-4.98696000e-04  5.67133569e-01 
-4.98692000e-04  5.68656778e-01 
-4.98688000e-04  5.70183116e-01 
-4.98684000e-04  5.71712562e-01 
-4.98680000e-04  5.73245095e-01 
-4.98676000e-04  5.74780695e-01 
-4.98672000e-04  5.76319339e-01 
-4.98668000e-04  5.77861010e-01 
-4.98664000e-04  5.79405687e-01 
-4.98660000e-04  5.80953351e-01 
-4.98656000e-04  5.82503984e-01 
-4.98652000e-04  5.84057567e-01 
-4.98648000e-04  5.85614082e-01 
-4.98644000e-04  5.87173511e-01 
-4.98640000e-04  5.88735837e-01 
-4.98636000e-04  5.90301043e-01 
-4.98632000e-04  5.91869113e-01 
-4.98628000e-04  5.93440028e-01 
-4.98624000e-04  5.95013775e-01 
-4.98620000e-04  5.96590336e-01 
-4.98616000e-04  5.98169696e-01 
-4.98612000e-04  5.99751840e-01 
-4.98608000e-04  6.01336751e-01 
-4.98604000e-04  6.02924416e-01 
-4.98600000e-04  6.04514819e-01 
-4.98596000e-04  6.06107947e-01 
-4.98592000e-04  6.07703784e-01 
-4.98588000e-04  6.09302316e-01 
-4.98584000e-04  6.10903530e-01 
-4.98580000e-04  6.12507412e-01 
-4.98576000e-04  6.14113948e-01 
-4.98572000e-04  6.15723124e-01 
-4.98568000e-04  6.17334929e-01 
-4.98564000e-04  6.18949347e-01 
-4.98560000e-04  6.20566367e-01 
-4.98556000e-04  6.22185975e-01 
-4.98552000e-04  6.23808159e-01 
-4.98548000e-04  6.25432907e-01 
-4.98544000e-04  6.27060205e-01 
-4.98540000e-04  6.28690043e-01 
-4.98536000e-04  6.30322407e-01 
-4.98532000e-04  6.31957285e-01 
-4.98528000e-04  6.33594665e-01 
-4.98524000e-04  6.35234537e-01 
-4.98520000e-04  6.36876887e-01 
-4.98516000e-04  6.38521705e-01 
-4.98512000e-04  6.40168978e-01 
-4.98508000e-04  6.41818696e-01 
-4.98504000e-04  6.43470847e-01 
-4.98500000e-04  6.45125420e-01 
-4.98496000e-04  6.46782403e-01 
-4.98492000e-04  6.48441786e-01 
-4.98488000e-04  6.50103557e-01 
-4.98484000e-04  6.51767706e-01 
-4.98480000e-04  6.53434221e-01 
-4.98476000e-04  6.55103093e-01 
-4.98472000e-04  6.56774310e-01 
-4.98468000e-04  6.58447861e-01 
-4.98464000e-04  6.60123736e-01 
-4.98460000e-04  6.61801925e-01 
-4.98456000e-04  6.63482416e-01 
-4.98452000e-04  6.65165201e-01 
-4.98448000e-04  6.66850267e-01 
-4.98444000e-04  6.68537605e-01 
-4.98440000e-04  6.70227205e-01 
-4.98436000e-04  6.71919055e-01 
-4.98432000e-04  6.73613148e-01 
-4.98428000e-04  6.75309471e-01 
-4.98424000e-04  6.77008016e-01 
-4.98420000e-04  6.78708772e-01 
-4.98416000e-04  6.80411728e-01 
-4.98412000e-04  6.82116876e-01 
-4.98408000e-04  6.83824204e-01 
-4.98404000e-04  6.85533704e-01 
-4.98400000e-04  6.87245366e-01 
-4.98396000e-04  6.88959180e-01 
-4.98392000e-04  6.90675135e-01 
-4.98388000e-04  6.92393223e-01 
-4.98384000e-04  6.94113433e-01 
-4.98380000e-04  6.95835756e-01 
-4.98376000e-04  6.97560183e-01 
-4.98372000e-04  6.99286703e-01 
-4.98368000e-04  7.01015307e-01 
-4.98364000e-04  7.02745987e-01 
-4.98360000e-04  7.04478731e-01 
-4.98356000e-04  7.06213530e-01 
-4.98352000e-04  7.07950376e-01 
-4.98348000e-04  7.09689259e-01 
-4.98344000e-04  7.11430169e-01 
-4.98340000e-04  7.13173097e-01 
-4.98336000e-04  7.14918033e-01 
-4.98332000e-04  7.16664969e-01 
-4.98328000e-04  7.18413895e-01 
-4.98324000e-04  7.20164801e-01 
-4.98320000e-04  7.21917679e-01 
-4.98316000e-04  7.23672518e-01 
-4.98312000e-04  7.25429311e-01 
-4.98308000e-04  7.27188048e-01 
-4.98304000e-04  7.28948719e-01 
-4.98300000e-04  7.30711315e-01 
-4.98296000e-04  7.32475827e-01 
-4.98292000e-04  7.34242246e-01 
-4.98288000e-04  7.36010563e-01 
-4.98284000e-04  7.37780769e-01 
-4.98280000e-04  7.39552855e-01 
-4.98276000e-04  7.41326812e-01 
-4.98272000e-04  7.43102630e-01 
-4.98268000e-04  7.44880300e-01 
-4.98264000e-04  7.46659814e-01 
-4.98260000e-04  7.48441163e-01 
-4.98256000e-04  7.50224336e-01 
-4.98252000e-04  7.52009327e-01 
-4.98248000e-04  7.53796125e-01 
-4.98244000e-04  7.55584721e-01 
-4.98240000e-04  7.57375107e-01 
-4.98236000e-04  7.59167275e-01 
-4.98232000e-04  7.60961213e-01 
-4.98228000e-04  7.62756915e-01 
-4.98224000e-04  7.64554370e-01 
-4.98220000e-04  7.66353571e-01 
-4.98216000e-04  7.68154508e-01 
-4.98212000e-04  7.69957172e-01 
-4.98208000e-04  7.71761555e-01 
-4.98204000e-04  7.73567648e-01 
-4.98200000e-04  7.75375441e-01 
-4.98196000e-04  7.77184927e-01 
-4.98192000e-04  7.78996096e-01 
-4.98188000e-04  7.80808940e-01 
-4.98184000e-04  7.82623449e-01 
-4.98180000e-04  7.84439616e-01 
-4.98176000e-04  7.86257430e-01 
-4.98172000e-04  7.88076884e-01 
-4.98168000e-04  7.89897969e-01 
-4.98164000e-04  7.91720676e-01 
-4.98160000e-04  7.93544997e-01 
-4.98156000e-04  7.95370922e-01 
-4.98152000e-04  7.97198443e-01 
-4.98148000e-04  7.99027551e-01 
-4.98144000e-04  8.00858238e-01 
-4.98140000e-04  8.02690495e-01 
-4.98136000e-04  8.04524314e-01 
-4.98132000e-04  8.06359685e-01 
-4.98128000e-04  8.08196600e-01 
-4.98124000e-04  8.10035050e-01 
-4.98120000e-04  8.11875028e-01 
-4.98116000e-04  8.13716524e-01 
-4.98112000e-04  8.15559529e-01 
-4.98108000e-04  8.17404036e-01 
-4.98104000e-04  8.19250035e-01 
-4.98100000e-04  8.21097519e-01 
-4.98096000e-04  8.22946477e-01 
-4.98092000e-04  8.24796903e-01 
-4.98088000e-04  8.26648787e-01 
-4.98084000e-04  8.28502121e-01 
-4.98080000e-04  8.30356896e-01 
-4.98076000e-04  8.32213104e-01 
-4.98072000e-04  8.34070737e-01 
-4.98068000e-04  8.35929785e-01 
-4.98064000e-04  8.37790242e-01 
-4.98060000e-04  8.39652097e-01 
-4.98056000e-04  8.41515342e-01 
-4.98052000e-04  8.43379970e-01 
-4.98048000e-04  8.45245971e-01 
-4.98044000e-04  8.47113338e-01 
-4.98040000e-04  8.48982062e-01 
-4.98036000e-04  8.50852134e-01 
-4.98032000e-04  8.52723547e-01 
-4.98028000e-04  8.54596291e-01 
-4.98024000e-04  8.56470358e-01 
-4.98020000e-04  8.58345740e-01 
-4.98016000e-04  8.60222429e-01 
-4.98012000e-04  8.62100417e-01 
-4.98008000e-04  8.63979694e-01 
-4.98004000e-04  8.65860253e-01 
-4.98000000e-04  8.67742086e-01 
-4.97996000e-04  8.69625184e-01 
-4.97992000e-04  8.71509538e-01 
-4.97988000e-04  8.73395142e-01 
-4.97984000e-04  8.75281985e-01 
-4.97980000e-04  8.77170060e-01 
-4.97976000e-04  8.79059359e-01 
-4.97972000e-04  8.80949874e-01 
-4.97968000e-04  8.82841596e-01 
-4.97964000e-04  8.84734517e-01 
-4.97960000e-04  8.86628629e-01 
-4.97956000e-04  8.88523923e-01 
-4.97952000e-04  8.90420393e-01 
-4.97948000e-04  8.92318028e-01 
-4.97944000e-04  8.94216822e-01 
-4.97940000e-04  8.96116766e-01 
-4.97936000e-04  8.98017852e-01 
-4.97932000e-04  8.99920071e-01 
-4.97928000e-04  9.01823417e-01 
-4.97924000e-04  9.03727879e-01 
-4.97920000e-04  9.05633452e-01 
-4.97916000e-04  9.07540125e-01 
-4.97912000e-04  9.09447892e-01 
-4.97908000e-04  9.11356744e-01 
-4.97904000e-04  9.13266674e-01 
-4.97900000e-04  9.15177672e-01 
-4.97896000e-04  9.17089732e-01 
-4.97892000e-04  9.19002845e-01 
-4.97888000e-04  9.20917003e-01 
-4.97884000e-04  9.22832197e-01 
-4.97880000e-04  9.24748422e-01 
-4.97876000e-04  9.26665667e-01 
-4.97872000e-04  9.28583925e-01 
-4.97868000e-04  9.30503189e-01 
-4.97864000e-04  9.32423450e-01 
-4.97860000e-04  9.34344700e-01 
-4.97856000e-04  9.36266931e-01 
-4.97852000e-04  9.38190137e-01 
-4.97848000e-04  9.40114308e-01 
-4.97844000e-04  9.42039436e-01 
-4.97840000e-04  9.43965515e-01 
-4.97836000e-04  9.45892535e-01 
-4.97832000e-04  9.47820490e-01 
-4.97828000e-04  9.49749371e-01 
-4.97824000e-04  9.51679170e-01 
-4.97820000e-04  9.53609881e-01 
-4.97816000e-04  9.55541494e-01 
-4.97812000e-04  9.57474002e-01 
-4.97808000e-04  9.59407398e-01 
-4.97804000e-04  9.61341673e-01 
-4.97800000e-04  9.63276820e-01 
-4.97796000e-04  9.65212832e-01 
-4.97792000e-04  9.67149699e-01 
-4.97788000e-04  9.69087415e-01 
-4.97784000e-04  9.71025972e-01 
-4.97780000e-04  9.72965362e-01 
-4.97776000e-04  9.74905578e-01 
-4.97772000e-04  9.76846612e-01 
-4.97768000e-04  9.78788456e-01 
-4.97764000e-04  9.80731103e-01 
-4.97760000e-04  9.82674545e-01 
-4.97756000e-04  9.84618774e-01 
-4.97752000e-04  9.86563782e-01 
-4.97748000e-04  9.88509563e-01 
-4.97744000e-04  9.90456109e-01 
-4.97740000e-04  9.92403411e-01 
-4.97736000e-04  9.94351463e-01 
-4.97732000e-04  9.96300258e-01 
-4.97728000e-04  9.98249786e-01 
-4.97724000e-04  1.00020004e+00 
-4.97720000e-04  1.00215102e+00 
-4.97716000e-04  1.00410270e+00 
-4.97712000e-04  1.00605509e+00 
-4.97708000e-04  1.00800818e+00 
-4.97704000e-04  1.00996196e+00 
-4.97700000e-04  1.01191642e+00 
-4.97696000e-04  1.01387155e+00 
-4.97692000e-04  1.01582735e+00 
-4.97688000e-04  1.01778381e+00 
-4.97684000e-04  1.01974093e+00 
-4.97680000e-04  1.02169869e+00 
-4.97676000e-04  1.02365708e+00 
-4.97672000e-04  1.02561611e+00 
-4.97668000e-04  1.02757576e+00 
-4.97664000e-04  1.02953603e+00 
-4.97660000e-04  1.03149690e+00 
-4.97656000e-04  1.03345838e+00 
-4.97652000e-04  1.03542045e+00 
-4.97648000e-04  1.03738310e+00 
-4.97644000e-04  1.03934634e+00 
-4.97640000e-04  1.04131014e+00 
-4.97636000e-04  1.04327452e+00 
-4.97632000e-04  1.04523945e+00 
-4.97628000e-04  1.04720493e+00 
-4.97624000e-04  1.04917095e+00 
-4.97620000e-04  1.05113751e+00 
-4.97616000e-04  1.05310460e+00 
-4.97612000e-04  1.05507221e+00 
-4.97608000e-04  1.05704033e+00 
-4.97604000e-04  1.05900897e+00 
-4.97600000e-04  1.06097810e+00 
-4.97596000e-04  1.06294773e+00 
-4.97592000e-04  1.06491784e+00 
-4.97588000e-04  1.06688843e+00 
-4.97584000e-04  1.06885950e+00 
-4.97580000e-04  1.07083103e+00 
-4.97576000e-04  1.07280302e+00 
-4.97572000e-04  1.07477546e+00 
-4.97568000e-04  1.07674834e+00 
-4.97564000e-04  1.07872166e+00 
-4.97560000e-04  1.08069541e+00 
-4.97556000e-04  1.08266959e+00 
-4.97552000e-04  1.08464418e+00 
-4.97548000e-04  1.08661918e+00 
-4.97544000e-04  1.08859458e+00 
-4.97540000e-04  1.09057038e+00 
-4.97536000e-04  1.09254657e+00 
-4.97532000e-04  1.09452314e+00 
-4.97528000e-04  1.09650009e+00 
-4.97524000e-04  1.09847740e+00 
-4.97520000e-04  1.10045508e+00 
-4.97516000e-04  1.10243311e+00 
-4.97512000e-04  1.10441149e+00 
-4.97508000e-04  1.10639021e+00 
-4.97504000e-04  1.10836926e+00 
-4.97500000e-04  1.11034864e+00 
-4.97496000e-04  1.11232834e+00 
-4.97492000e-04  1.11430836e+00 
-4.97488000e-04  1.11628868e+00 
-4.97484000e-04  1.11826931e+00 
-4.97480000e-04  1.12025023e+00 
-4.97476000e-04  1.12223144e+00 
-4.97472000e-04  1.12421292e+00 
-4.97468000e-04  1.12619469e+00 
-4.97464000e-04  1.12817672e+00 
-4.97460000e-04  1.13015901e+00 
-4.97456000e-04  1.13214156e+00 
-4.97452000e-04  1.13412435e+00 
-4.97448000e-04  1.13610739e+00 
-4.97444000e-04  1.13809066e+00 
-4.97440000e-04  1.14007416e+00 
-4.97436000e-04  1.14205788e+00 
-4.97432000e-04  1.14404181e+00 
-4.97428000e-04  1.14602596e+00 
-4.97424000e-04  1.14801031e+00 
-4.97420000e-04  1.14999485e+00 
-4.97416000e-04  1.15197958e+00 
-4.97412000e-04  1.15396450e+00 
-4.97408000e-04  1.15594960e+00 
-4.97404000e-04  1.15793486e+00 
-4.97400000e-04  1.15992029e+00 
-4.97396000e-04  1.16190588e+00 
-4.97392000e-04  1.16389161e+00 
-4.97388000e-04  1.16587750e+00 
-4.97384000e-04  1.16786352e+00 
-4.97380000e-04  1.16984967e+00 
-4.97376000e-04  1.17183595e+00 
-4.97372000e-04  1.17382235e+00 
-4.97368000e-04  1.17580887e+00 
-4.97364000e-04  1.17779549e+00 
-4.97360000e-04  1.17978222e+00 
-4.97356000e-04  1.18176904e+00 
-4.97352000e-04  1.18375594e+00 
-4.97348000e-04  1.18574293e+00 
-4.97344000e-04  1.18773000e+00 
-4.97340000e-04  1.18971714e+00 
-4.97336000e-04  1.19170434e+00 
-4.97332000e-04  1.19369161e+00 
-4.97328000e-04  1.19567892e+00 
-4.97324000e-04  1.19766628e+00 
-4.97320000e-04  1.19965368e+00 
-4.97316000e-04  1.20164111e+00 
-4.97312000e-04  1.20362858e+00 
-4.97308000e-04  1.20561606e+00 
-4.97304000e-04  1.20760356e+00 
-4.97300000e-04  1.20959107e+00 
-4.97296000e-04  1.21157859e+00 
-4.97292000e-04  1.21356610e+00 
-4.97288000e-04  1.21555361e+00 
-4.97284000e-04  1.21754110e+00 
-4.97280000e-04  1.21952858e+00 
-4.97276000e-04  1.22151602e+00 
-4.97272000e-04  1.22350344e+00 
-4.97268000e-04  1.22549082e+00 
-4.97264000e-04  1.22747816e+00 
-4.97260000e-04  1.22946545e+00 
-4.97256000e-04  1.23145268e+00 
-4.97252000e-04  1.23343986e+00 
-4.97248000e-04  1.23542697e+00 
-4.97244000e-04  1.23741400e+00 
-4.97240000e-04  1.23940097e+00 
-4.97236000e-04  1.24138784e+00 
-4.97232000e-04  1.24337463e+00 
-4.97228000e-04  1.24536132e+00 
-4.97224000e-04  1.24734792e+00 
-4.97220000e-04  1.24933441e+00 
-4.97216000e-04  1.25132078e+00 
-4.97212000e-04  1.25330704e+00 
-4.97208000e-04  1.25529318e+00 
-4.97204000e-04  1.25727919e+00 
-4.97200000e-04  1.25926506e+00 
-4.97196000e-04  1.26125080e+00 
-4.97192000e-04  1.26323639e+00 
-4.97188000e-04  1.26522183e+00 
-4.97184000e-04  1.26720712e+00 
-4.97180000e-04  1.26919224e+00 
-4.97176000e-04  1.27117720e+00 
-4.97172000e-04  1.27316199e+00 
-4.97168000e-04  1.27514659e+00 
-4.97164000e-04  1.27713102e+00 
-4.97160000e-04  1.27911526e+00 
-4.97156000e-04  1.28109930e+00 
-4.97152000e-04  1.28308314e+00 
-4.97148000e-04  1.28506678e+00 
-4.97144000e-04  1.28705021e+00 
-4.97140000e-04  1.28903342e+00 
-4.97136000e-04  1.29101642e+00 
-4.97132000e-04  1.29299918e+00 
-4.97128000e-04  1.29498172e+00 
-4.97124000e-04  1.29696402e+00 
-4.97120000e-04  1.29894608e+00 
-4.97116000e-04  1.30092789e+00 
-4.97112000e-04  1.30290945e+00 
-4.97108000e-04  1.30489075e+00 
-4.97104000e-04  1.30687179e+00 
-4.97100000e-04  1.30885256e+00 
-4.97096000e-04  1.31083306e+00 
-4.97092000e-04  1.31281328e+00 
-4.97088000e-04  1.31479321e+00 
-4.97084000e-04  1.31677286e+00 
-4.97080000e-04  1.31875221e+00 
-4.97076000e-04  1.32073127e+00 
-4.97072000e-04  1.32271002e+00 
-4.97068000e-04  1.32468846e+00 
-4.97064000e-04  1.32666659e+00 
-4.97060000e-04  1.32864439e+00 
-4.97056000e-04  1.33062187e+00 
-4.97052000e-04  1.33259903e+00 
-4.97048000e-04  1.33457584e+00 
-4.97044000e-04  1.33655232e+00 
-4.97040000e-04  1.33852845e+00 
-4.97036000e-04  1.34050423e+00 
-4.97032000e-04  1.34247965e+00 
-4.97028000e-04  1.34445471e+00 
-4.97024000e-04  1.34642940e+00 
-4.97020000e-04  1.34840372e+00 
-4.97016000e-04  1.35037767e+00 
-4.97012000e-04  1.35235122e+00 
-4.97008000e-04  1.35432439e+00 
-4.97004000e-04  1.35629717e+00 
-4.97000000e-04  1.35826954e+00 
-4.96996000e-04  1.36024150e+00 
-4.96992000e-04  1.36221305e+00 
-4.96988000e-04  1.36418419e+00 
-4.96984000e-04  1.36615489e+00 
-4.96980000e-04  1.36812516e+00 
-4.96976000e-04  1.37009499e+00 
-4.96972000e-04  1.37206436e+00 
-4.96968000e-04  1.37403329e+00 
-4.96964000e-04  1.37600174e+00 
-4.96960000e-04  1.37796972e+00 
-4.96956000e-04  1.37993721e+00 
-4.96952000e-04  1.38190421e+00 
-4.96948000e-04  1.38387070e+00 
-4.96944000e-04  1.38583667e+00 
-4.96940000e-04  1.38780210e+00 
-4.96936000e-04  1.38976697e+00 
-4.96932000e-04  1.39173128e+00 
-4.96928000e-04  1.39369500e+00 
-4.96924000e-04  1.39565810e+00 
-4.96920000e-04  1.39762056e+00 
-4.96916000e-04  1.39958236e+00 
-4.96912000e-04  1.40154346e+00 
-4.96908000e-04  1.40350383e+00 
-4.96904000e-04  1.40546344e+00 
-4.96900000e-04  1.40742224e+00 
-4.96896000e-04  1.40938019e+00 
-4.96892000e-04  1.41133726e+00 
-4.96888000e-04  1.41329339e+00 
-4.96884000e-04  1.41524855e+00 
-4.96880000e-04  1.41720268e+00 
-4.96876000e-04  1.41915576e+00 
-4.96872000e-04  1.42110772e+00 
-4.96868000e-04  1.42305854e+00 
-4.96864000e-04  1.42500816e+00 
-4.96860000e-04  1.42695653e+00 
-4.96856000e-04  1.42890362e+00 
-4.96852000e-04  1.43084936e+00 
-4.96848000e-04  1.43279371e+00 
-4.96844000e-04  1.43473661e+00 
-4.96840000e-04  1.43667800e+00 
-4.96836000e-04  1.43861780e+00 
-4.96832000e-04  1.44055595e+00 
-4.96828000e-04  1.44249237e+00 
-4.96824000e-04  1.44442698e+00 
-4.96820000e-04  1.44635969e+00 
-4.96816000e-04  1.44829040e+00 
-4.96812000e-04  1.45021902e+00 
-4.96808000e-04  1.45214542e+00 
-4.96804000e-04  1.45406949e+00 
-4.96800000e-04  1.45599112e+00 
-4.96796000e-04  1.45791015e+00 
-4.96792000e-04  1.45982646e+00 
-4.96788000e-04  1.46173988e+00 
-4.96784000e-04  1.46365025e+00 
-4.96780000e-04  1.46555740e+00 
-4.96776000e-04  1.46746114e+00 
-4.96772000e-04  1.46936127e+00 
-4.96768000e-04  1.47125760e+00 
-4.96764000e-04  1.47314988e+00 
-4.96760000e-04  1.47503790e+00 
-4.96756000e-04  1.47692139e+00 
-4.96752000e-04  1.47880010e+00 
-4.96748000e-04  1.48067375e+00 
-4.96744000e-04  1.48254205e+00 
-4.96740000e-04  1.48440468e+00 
-4.96736000e-04  1.48626132e+00 
-4.96732000e-04  1.48811163e+00 
-4.96728000e-04  1.48995526e+00 
-4.96724000e-04  1.49179182e+00 
-4.96720000e-04  1.49362094e+00 
-4.96716000e-04  1.49544220e+00 
-4.96712000e-04  1.49725517e+00 
-4.96708000e-04  1.49905943e+00 
-4.96704000e-04  1.50085452e+00 
-4.96700000e-04  1.50263997e+00 
-4.96696000e-04  1.50441529e+00 
-4.96692000e-04  1.50618000e+00 
-4.96688000e-04  1.50793358e+00 
-4.96684000e-04  1.50967553e+00 
-4.96680000e-04  1.51140532e+00 
-4.96676000e-04  1.51312241e+00 
-4.96672000e-04  1.51482628e+00 
-4.96668000e-04  1.51651639e+00 
-4.96664000e-04  1.51819220e+00 
-4.96660000e-04  1.51985318e+00 
-4.96656000e-04  1.52149879e+00 
-4.96652000e-04  1.52312853e+00 
-4.96648000e-04  1.52474187e+00 
-4.96644000e-04  1.52633832e+00 
-4.96640000e-04  1.52791741e+00 
-4.96636000e-04  1.52947867e+00 
-4.96632000e-04  1.53102165e+00 
-4.96628000e-04  1.53254596e+00 
-4.96624000e-04  1.53405120e+00 
-4.96620000e-04  1.53553700e+00 
-4.96616000e-04  1.53700304e+00 
-4.96612000e-04  1.53844902e+00 
-4.96608000e-04  1.53987468e+00 
-4.96604000e-04  1.54127979e+00 
-4.96600000e-04  1.54266415e+00 
-4.96596000e-04  1.54402761e+00 
-4.96592000e-04  1.54537004e+00 
-4.96588000e-04  1.54669136e+00 
-4.96584000e-04  1.54799152e+00 
-4.96580000e-04  1.54927050e+00 
-4.96576000e-04  1.55052832e+00 
-4.96572000e-04  1.55176502e+00 
-4.96568000e-04  1.55298070e+00 
-4.96564000e-04  1.55417546e+00 
-4.96560000e-04  1.55534944e+00 
-4.96556000e-04  1.55650280e+00 
-4.96552000e-04  1.55763574e+00 
-4.96548000e-04  1.55874847e+00 
-4.96544000e-04  1.55984122e+00 
-4.96540000e-04  1.56091425e+00 
-4.96536000e-04  1.56196781e+00 
-4.96532000e-04  1.56300220e+00 
-4.96528000e-04  1.56401771e+00 
-4.96524000e-04  1.56501465e+00 
-4.96520000e-04  1.56599333e+00 
-4.96516000e-04  1.56695408e+00 
-4.96512000e-04  1.56789723e+00 
-4.96508000e-04  1.56882312e+00 
-4.96504000e-04  1.56973208e+00 
-4.96500000e-04  1.57062447e+00 
-4.96496000e-04  1.57150061e+00 
-4.96492000e-04  1.57236086e+00 
-4.96488000e-04  1.57320556e+00 
-4.96484000e-04  1.57403505e+00 
-4.96480000e-04  1.57484967e+00 
-4.96476000e-04  1.57564976e+00 
-4.96472000e-04  1.57643565e+00 
-4.96468000e-04  1.57720766e+00 
-4.96464000e-04  1.57796612e+00 
-4.96460000e-04  1.57871136e+00 
-4.96456000e-04  1.57944368e+00 
-4.96452000e-04  1.58016339e+00 
-4.96448000e-04  1.58087080e+00 
-4.96444000e-04  1.58156620e+00 
-4.96440000e-04  1.58224988e+00 
-4.96436000e-04  1.58292213e+00 
-4.96432000e-04  1.58358322e+00 
-4.96428000e-04  1.58423343e+00 
-4.96424000e-04  1.58487302e+00 
-4.96420000e-04  1.58550224e+00 
-4.96416000e-04  1.58612136e+00 
-4.96412000e-04  1.58673061e+00 
-4.96408000e-04  1.58733023e+00 
-4.96404000e-04  1.58792047e+00 
-4.96400000e-04  1.58850154e+00 
-4.96396000e-04  1.58907366e+00 
-4.96392000e-04  1.58963706e+00 
-4.96388000e-04  1.59019194e+00 
-4.96384000e-04  1.59073851e+00 
-4.96380000e-04  1.59127695e+00 
-4.96376000e-04  1.59180748e+00 
-4.96372000e-04  1.59233026e+00 
-4.96368000e-04  1.59284549e+00 
-4.96364000e-04  1.59335334e+00 
-4.96360000e-04  1.59385398e+00 
-4.96356000e-04  1.59434758e+00 
-4.96352000e-04  1.59483431e+00 
-4.96348000e-04  1.59531431e+00 
-4.96344000e-04  1.59578775e+00 
-4.96340000e-04  1.59625477e+00 
-4.96336000e-04  1.59671551e+00 
-4.96332000e-04  1.59717013e+00 
-4.96328000e-04  1.59761875e+00 
-4.96324000e-04  1.59806150e+00 
-4.96320000e-04  1.59849852e+00 
-4.96316000e-04  1.59892993e+00 
-4.96312000e-04  1.59935586e+00 
-4.96308000e-04  1.59977642e+00 
-4.96304000e-04  1.60019173e+00 
-4.96300000e-04  1.60060190e+00 
-4.96296000e-04  1.60100703e+00 
-4.96292000e-04  1.60140724e+00 
-4.96288000e-04  1.60180263e+00 
-4.96284000e-04  1.60219330e+00 
-4.96280000e-04  1.60257934e+00 
-4.96276000e-04  1.60296085e+00 
-4.96272000e-04  1.60333793e+00 
-4.96268000e-04  1.60371066e+00 
-4.96264000e-04  1.60407913e+00 
-4.96260000e-04  1.60444342e+00 
-4.96256000e-04  1.60480363e+00 
-4.96252000e-04  1.60515982e+00 
-4.96248000e-04  1.60551208e+00 
-4.96244000e-04  1.60586048e+00 
-4.96240000e-04  1.60620510e+00 
-4.96236000e-04  1.60654601e+00 
-4.96232000e-04  1.60688328e+00 
-4.96228000e-04  1.60721699e+00 
-4.96224000e-04  1.60754719e+00 
-4.96220000e-04  1.60787395e+00 
-4.96216000e-04  1.60819734e+00 
-4.96212000e-04  1.60851742e+00 
-4.96208000e-04  1.60883425e+00 
-4.96204000e-04  1.60914789e+00 
-4.96200000e-04  1.60945839e+00 
-4.96196000e-04  1.60976581e+00 
-4.96192000e-04  1.61007021e+00 
-4.96188000e-04  1.61037165e+00 
-4.96184000e-04  1.61067016e+00 
-4.96180000e-04  1.61096581e+00 
-4.96176000e-04  1.61125864e+00 
-4.96172000e-04  1.61154870e+00 
-4.96168000e-04  1.61183604e+00 
-4.96164000e-04  1.61212070e+00 
-4.96160000e-04  1.61240274e+00 
-4.96156000e-04  1.61268219e+00 
-4.96152000e-04  1.61295910e+00 
-4.96148000e-04  1.61323351e+00 
-4.96144000e-04  1.61350545e+00 
-4.96140000e-04  1.61377498e+00 
-4.96136000e-04  1.61404213e+00 
-4.96132000e-04  1.61430694e+00 
-4.96128000e-04  1.61456944e+00 
-4.96124000e-04  1.61482968e+00 
-4.96120000e-04  1.61508768e+00 
-4.96116000e-04  1.61534349e+00 
-4.96112000e-04  1.61559714e+00 
-4.96108000e-04  1.61584865e+00 
-4.96104000e-04  1.61609808e+00 
-4.96100000e-04  1.61634543e+00 
-4.96096000e-04  1.61659076e+00 
-4.96092000e-04  1.61683408e+00 
-4.96088000e-04  1.61707544e+00 
-4.96084000e-04  1.61731485e+00 
-4.96080000e-04  1.61755235e+00 
-4.96076000e-04  1.61778796e+00 
-4.96072000e-04  1.61802172e+00 
-4.96068000e-04  1.61825364e+00 
-4.96064000e-04  1.61848377e+00 
-4.96060000e-04  1.61871211e+00 
-4.96056000e-04  1.61893871e+00 
-4.96052000e-04  1.61916357e+00 
-4.96048000e-04  1.61938674e+00 
-4.96044000e-04  1.61960822e+00 
-4.96040000e-04  1.61982805e+00 
-4.96036000e-04  1.62004625e+00 
-4.96032000e-04  1.62026284e+00 
-4.96028000e-04  1.62047784e+00 
-4.96024000e-04  1.62069127e+00 
-4.96020000e-04  1.62090316e+00 
-4.96016000e-04  1.62111353e+00 
-4.96012000e-04  1.62132239e+00 
-4.96008000e-04  1.62152977e+00 
-4.96004000e-04  1.62173569e+00 
-4.96000000e-04  1.62194016e+00 
