 time            v(inp)          v(out)         
 0.00000000e+00  9.00000000e-01  9.00497993e-01 
 1.10000000e-11  9.00000000e-01  9.00497993e-01 
 2.20000000e-11  9.00000000e-01  9.00497993e-01 
 4.40000000e-11  9.00000000e-01  9.00497993e-01 
 8.80000000e-11  9.00000000e-01  9.00497993e-01 
 1.76000000e-10  9.00000000e-01  9.00497993e-01 
 3.52000000e-10  9.00000000e-01  9.00497993e-01 
 7.04000000e-10  9.00000000e-01  9.00497993e-01 
 1.40800000e-09  9.00000000e-01  9.00497993e-01 
 2.50800000e-09  9.00000000e-01  9.00497993e-01 
 3.60800000e-09  9.00000000e-01  9.00497993e-01 
 4.70800000e-09  9.00000000e-01  9.00497993e-01 
 5.80800000e-09  9.00000000e-01  9.00497993e-01 
 6.90800000e-09  9.00000000e-01  9.00497993e-01 
 8.00800000e-09  9.00000000e-01  9.00497993e-01 
 9.10800000e-09  9.00000000e-01  9.00497993e-01 
 1.02080000e-08  9.00000000e-01  9.00497993e-01 
 1.13080000e-08  9.00000000e-01  9.00497993e-01 
 1.24080000e-08  9.00000000e-01  9.00497993e-01 
 1.35080000e-08  9.00000000e-01  9.00497993e-01 
 1.46080000e-08  9.00000000e-01  9.00497993e-01 
 1.57080000e-08  9.00000000e-01  9.00497993e-01 
 1.68080000e-08  9.00000000e-01  9.00497993e-01 
 1.79080000e-08  9.00000000e-01  9.00497993e-01 
 1.90080000e-08  9.00000000e-01  9.00497993e-01 
 2.01080000e-08  9.00000000e-01  9.00497993e-01 
 2.12080000e-08  9.00000000e-01  9.00497993e-01 
 2.23080000e-08  9.00000000e-01  9.00497993e-01 
 2.34080000e-08  9.00000000e-01  9.00497993e-01 
 2.45080000e-08  9.00000000e-01  9.00497993e-01 
 2.56080000e-08  9.00000000e-01  9.00497993e-01 
 2.67080000e-08  9.00000000e-01  9.00497993e-01 
 2.78080000e-08  9.00000000e-01  9.00497993e-01 
 2.89080000e-08  9.00000000e-01  9.00497993e-01 
 3.00080000e-08  9.00000000e-01  9.00497993e-01 
 3.11080000e-08  9.00000000e-01  9.00497993e-01 
 3.22080000e-08  9.00000000e-01  9.00497993e-01 
 3.33080000e-08  9.00000000e-01  9.00497993e-01 
 3.44080000e-08  9.00000000e-01  9.00497993e-01 
 3.55080000e-08  9.00000000e-01  9.00497993e-01 
 3.66080000e-08  9.00000000e-01  9.00497993e-01 
 3.77080000e-08  9.00000000e-01  9.00497993e-01 
 3.88080000e-08  9.00000000e-01  9.00497993e-01 
 3.99080000e-08  9.00000000e-01  9.00497993e-01 
 4.10080000e-08  9.00000000e-01  9.00497993e-01 
 4.21080000e-08  9.00000000e-01  9.00497993e-01 
 4.32080000e-08  9.00000000e-01  9.00497993e-01 
 4.43080000e-08  9.00000000e-01  9.00497993e-01 
 4.54080000e-08  9.00000000e-01  9.00497993e-01 
 4.65080000e-08  9.00000000e-01  9.00497993e-01 
 4.76080000e-08  9.00000000e-01  9.00497993e-01 
 4.87080000e-08  9.00000000e-01  9.00497993e-01 
 4.98080000e-08  9.00000000e-01  9.00497993e-01 
 5.09080000e-08  9.00000000e-01  9.00497993e-01 
 5.20080000e-08  9.00000000e-01  9.00497993e-01 
 5.31080000e-08  9.00000000e-01  9.00497993e-01 
 5.42080000e-08  9.00000000e-01  9.00497993e-01 
 5.53080000e-08  9.00000000e-01  9.00497993e-01 
 5.64080000e-08  9.00000000e-01  9.00497993e-01 
 5.75080000e-08  9.00000000e-01  9.00497993e-01 
 5.86080000e-08  9.00000000e-01  9.00497993e-01 
 5.97080000e-08  9.00000000e-01  9.00497993e-01 
 6.08080000e-08  9.00000000e-01  9.00497993e-01 
 6.19080000e-08  9.00000000e-01  9.00497993e-01 
 6.30080000e-08  9.00000000e-01  9.00497993e-01 
 6.41080000e-08  9.00000000e-01  9.00497993e-01 
 6.52080000e-08  9.00000000e-01  9.00497993e-01 
 6.63080000e-08  9.00000000e-01  9.00497993e-01 
 6.74080000e-08  9.00000000e-01  9.00497993e-01 
 6.85080000e-08  9.00000000e-01  9.00497993e-01 
 6.96080000e-08  9.00000000e-01  9.00497993e-01 
 7.07080000e-08  9.00000000e-01  9.00497993e-01 
 7.18080000e-08  9.00000000e-01  9.00497993e-01 
 7.29080000e-08  9.00000000e-01  9.00497993e-01 
 7.40080000e-08  9.00000000e-01  9.00497993e-01 
 7.51080000e-08  9.00000000e-01  9.00497993e-01 
 7.62080000e-08  9.00000000e-01  9.00497993e-01 
 7.73080000e-08  9.00000000e-01  9.00497993e-01 
 7.84080000e-08  9.00000000e-01  9.00497993e-01 
 7.95080000e-08  9.00000000e-01  9.00497993e-01 
 8.06080000e-08  9.00000000e-01  9.00497993e-01 
 8.17080000e-08  9.00000000e-01  9.00497993e-01 
 8.28080000e-08  9.00000000e-01  9.00497993e-01 
 8.39080000e-08  9.00000000e-01  9.00497993e-01 
 8.50080000e-08  9.00000000e-01  9.00497993e-01 
 8.61080000e-08  9.00000000e-01  9.00497993e-01 
 8.72080000e-08  9.00000000e-01  9.00497993e-01 
 8.83080000e-08  9.00000000e-01  9.00497993e-01 
 8.94080000e-08  9.00000000e-01  9.00497993e-01 
 9.05080000e-08  9.00000000e-01  9.00497993e-01 
 9.16080000e-08  9.00000000e-01  9.00497993e-01 
 9.27080000e-08  9.00000000e-01  9.00497993e-01 
 9.38080000e-08  9.00000000e-01  9.00497993e-01 
 9.49080000e-08  9.00000000e-01  9.00497993e-01 
 9.60080000e-08  9.00000000e-01  9.00497993e-01 
 9.71080000e-08  9.00000000e-01  9.00497993e-01 
 9.82080000e-08  9.00000000e-01  9.00497993e-01 
 9.93080000e-08  9.00000000e-01  9.00497993e-01 
 1.00000000e-07  9.00000000e-01  9.00497993e-01 
 1.00001000e-07  9.30000000e-01  9.00545221e-01 
 1.00003000e-07  9.90000000e-01  9.00646596e-01 
 1.00007000e-07  1.11000000e+00  9.00849618e-01 
 1.00010000e-07  1.20000000e+00  9.01002653e-01 
 1.00010800e-07  1.20000000e+00  9.01001152e-01 
 1.00012400e-07  1.20000000e+00  9.00998159e-01 
 1.00015600e-07  1.20000000e+00  9.00992226e-01 
 1.00022000e-07  1.20000000e+00  9.00980579e-01 
 1.00034800e-07  1.20000000e+00  9.00958122e-01 
 1.00060400e-07  1.20000000e+00  9.00916264e-01 
 1.00111600e-07  1.20000000e+00  9.00842987e-01 
 1.00214000e-07  1.20000000e+00  9.00727845e-01 
 1.00418800e-07  1.20000000e+00  9.00575089e-01 
 1.00828400e-07  1.20000000e+00  9.00414428e-01 
 1.01647600e-07  1.20000000e+00  9.00282552e-01 
 1.02747600e-07  1.20000000e+00  9.00207698e-01 
 1.03847600e-07  1.20000000e+00  9.00154375e-01 
 1.04947600e-07  1.20000000e+00  9.00105863e-01 
 1.06047600e-07  1.20000000e+00  9.00060336e-01 
 1.07147600e-07  1.20000000e+00  9.00017907e-01 
 1.08247600e-07  1.20000000e+00  8.99978934e-01 
 1.09347600e-07  1.20000000e+00  8.99943797e-01 
 1.10447600e-07  1.20000000e+00  8.99912852e-01 
 1.11547600e-07  1.20000000e+00  8.99886424e-01 
 1.12647600e-07  1.20000000e+00  8.99864809e-01 
 1.13747600e-07  1.20000000e+00  8.99848276e-01 
 1.14847600e-07  1.20000000e+00  8.99837067e-01 
 1.15947600e-07  1.20000000e+00  8.99831403e-01 
 1.17047600e-07  1.20000000e+00  8.99831481e-01 
 1.18147600e-07  1.20000000e+00  8.99837478e-01 
 1.19247600e-07  1.20000000e+00  8.99849551e-01 
 1.20347600e-07  1.20000000e+00  8.99867842e-01 
 1.21447600e-07  1.20000000e+00  8.99892473e-01 
 1.22547600e-07  1.20000000e+00  8.99923555e-01 
 1.23647600e-07  1.20000000e+00  8.99961179e-01 
 1.24747600e-07  1.20000000e+00  9.00005428e-01 
 1.25847600e-07  1.20000000e+00  9.00056369e-01 
 1.26947600e-07  1.20000000e+00  9.00114060e-01 
 1.28047600e-07  1.20000000e+00  9.00178546e-01 
 1.29147600e-07  1.20000000e+00  9.00249863e-01 
 1.30247600e-07  1.20000000e+00  9.00328038e-01 
 1.31347600e-07  1.20000000e+00  9.00413088e-01 
 1.32447600e-07  1.20000000e+00  9.00505024e-01 
 1.33547600e-07  1.20000000e+00  9.00603846e-01 
 1.34647600e-07  1.20000000e+00  9.00709552e-01 
 1.35747600e-07  1.20000000e+00  9.00822128e-01 
 1.36847600e-07  1.20000000e+00  9.00941558e-01 
 1.37947600e-07  1.20000000e+00  9.01067818e-01 
 1.39047600e-07  1.20000000e+00  9.01200881e-01 
 1.40147600e-07  1.20000000e+00  9.01340713e-01 
 1.41247600e-07  1.20000000e+00  9.01487276e-01 
 1.42347600e-07  1.20000000e+00  9.01640530e-01 
 1.43447600e-07  1.20000000e+00  9.01800429e-01 
 1.44547600e-07  1.20000000e+00  9.01966923e-01 
 1.45647600e-07  1.20000000e+00  9.02139960e-01 
 1.46747600e-07  1.20000000e+00  9.02319487e-01 
 1.47847600e-07  1.20000000e+00  9.02505444e-01 
 1.48947600e-07  1.20000000e+00  9.02697772e-01 
 1.50047600e-07  1.20000000e+00  9.02896407e-01 
 1.51147600e-07  1.20000000e+00  9.03101287e-01 
 1.52247600e-07  1.20000000e+00  9.03312344e-01 
 1.53347600e-07  1.20000000e+00  9.03529511e-01 
 1.54447600e-07  1.20000000e+00  9.03752718e-01 
 1.55547600e-07  1.20000000e+00  9.03981895e-01 
 1.56647600e-07  1.20000000e+00  9.04216969e-01 
 1.57747600e-07  1.20000000e+00  9.04457869e-01 
 1.58847600e-07  1.20000000e+00  9.04704520e-01 
 1.59947600e-07  1.20000000e+00  9.04956848e-01 
 1.61047600e-07  1.20000000e+00  9.05214778e-01 
 1.62147600e-07  1.20000000e+00  9.05478234e-01 
 1.63247600e-07  1.20000000e+00  9.05747142e-01 
 1.64347600e-07  1.20000000e+00  9.06021424e-01 
 1.65447600e-07  1.20000000e+00  9.06301004e-01 
 1.66547600e-07  1.20000000e+00  9.06585806e-01 
 1.67647600e-07  1.20000000e+00  9.06875753e-01 
 1.68747600e-07  1.20000000e+00  9.07170769e-01 
 1.69847600e-07  1.20000000e+00  9.07470778e-01 
 1.70947600e-07  1.20000000e+00  9.07775702e-01 
 1.72047600e-07  1.20000000e+00  9.08085468e-01 
 1.73147600e-07  1.20000000e+00  9.08399998e-01 
 1.74247600e-07  1.20000000e+00  9.08719217e-01 
 1.75347600e-07  1.20000000e+00  9.09043051e-01 
 1.76447600e-07  1.20000000e+00  9.09371426e-01 
 1.77547600e-07  1.20000000e+00  9.09704267e-01 
 1.78647600e-07  1.20000000e+00  9.10041501e-01 
 1.79747600e-07  1.20000000e+00  9.10383055e-01 
 1.80847600e-07  1.20000000e+00  9.10728858e-01 
 1.81947600e-07  1.20000000e+00  9.11078837e-01 
 1.83047600e-07  1.20000000e+00  9.11432922e-01 
 1.84147600e-07  1.20000000e+00  9.11791043e-01 
 1.85247600e-07  1.20000000e+00  9.12153129e-01 
 1.86347600e-07  1.20000000e+00  9.12519114e-01 
 1.87447600e-07  1.20000000e+00  9.12888927e-01 
 1.88547600e-07  1.20000000e+00  9.13262503e-01 
 1.89647600e-07  1.20000000e+00  9.13639774e-01 
 1.90747600e-07  1.20000000e+00  9.14020676e-01 
 1.91847600e-07  1.20000000e+00  9.14405143e-01 
 1.92947600e-07  1.20000000e+00  9.14793111e-01 
 1.94047600e-07  1.20000000e+00  9.15184518e-01 
 1.95147600e-07  1.20000000e+00  9.15579300e-01 
 1.96247600e-07  1.20000000e+00  9.15977397e-01 
 1.97347600e-07  1.20000000e+00  9.16378748e-01 
 1.98447600e-07  1.20000000e+00  9.16783293e-01 
 1.99547600e-07  1.20000000e+00  9.17190974e-01 
 2.00647600e-07  1.20000000e+00  9.17601731e-01 
 2.01747600e-07  1.20000000e+00  9.18015508e-01 
 2.02847600e-07  1.20000000e+00  9.18432249e-01 
 2.03947600e-07  1.20000000e+00  9.18851899e-01 
 2.05047600e-07  1.20000000e+00  9.19274402e-01 
 2.06147600e-07  1.20000000e+00  9.19699704e-01 
 2.07247600e-07  1.20000000e+00  9.20127754e-01 
 2.08347600e-07  1.20000000e+00  9.20558499e-01 
 2.09447600e-07  1.20000000e+00  9.20991887e-01 
 2.10547600e-07  1.20000000e+00  9.21427868e-01 
 2.11647600e-07  1.20000000e+00  9.21866394e-01 
 2.12747600e-07  1.20000000e+00  9.22307414e-01 
 2.13847600e-07  1.20000000e+00  9.22750881e-01 
 2.14947600e-07  1.20000000e+00  9.23196749e-01 
 2.16047600e-07  1.20000000e+00  9.23644970e-01 
 2.17147600e-07  1.20000000e+00  9.24095500e-01 
 2.18247600e-07  1.20000000e+00  9.24548294e-01 
 2.19347600e-07  1.20000000e+00  9.25003307e-01 
 2.20447600e-07  1.20000000e+00  9.25460497e-01 
 2.21547600e-07  1.20000000e+00  9.25919821e-01 
 2.22647600e-07  1.20000000e+00  9.26381237e-01 
 2.23747600e-07  1.20000000e+00  9.26844706e-01 
 2.24847600e-07  1.20000000e+00  9.27310186e-01 
 2.25947600e-07  1.20000000e+00  9.27777639e-01 
 2.27047600e-07  1.20000000e+00  9.28247025e-01 
 2.28147600e-07  1.20000000e+00  9.28718307e-01 
 2.29247600e-07  1.20000000e+00  9.29191448e-01 
 2.30347600e-07  1.20000000e+00  9.29666411e-01 
 2.31447600e-07  1.20000000e+00  9.30143160e-01 
 2.32547600e-07  1.20000000e+00  9.30621659e-01 
 2.33647600e-07  1.20000000e+00  9.31101875e-01 
 2.34747600e-07  1.20000000e+00  9.31583774e-01 
 2.35847600e-07  1.20000000e+00  9.32067322e-01 
 2.36947600e-07  1.20000000e+00  9.32552487e-01 
 2.38047600e-07  1.20000000e+00  9.33039236e-01 
 2.39147600e-07  1.20000000e+00  9.33527539e-01 
 2.40247600e-07  1.20000000e+00  9.34017365e-01 
 2.41347600e-07  1.20000000e+00  9.34508683e-01 
 2.42447600e-07  1.20000000e+00  9.35001464e-01 
 2.43547600e-07  1.20000000e+00  9.35495679e-01 
 2.44647600e-07  1.20000000e+00  9.35991300e-01 
 2.45747600e-07  1.20000000e+00  9.36488298e-01 
 2.46847600e-07  1.20000000e+00  9.36986647e-01 
 2.47947600e-07  1.20000000e+00  9.37486319e-01 
 2.49047600e-07  1.20000000e+00  9.37987289e-01 
 2.50147600e-07  1.20000000e+00  9.38489530e-01 
 2.51247600e-07  1.20000000e+00  9.38993018e-01 
 2.52347600e-07  1.20000000e+00  9.39497728e-01 
 2.53447600e-07  1.20000000e+00  9.40003635e-01 
 2.54547600e-07  1.20000000e+00  9.40510716e-01 
 2.55647600e-07  1.20000000e+00  9.41018948e-01 
 2.56747600e-07  1.20000000e+00  9.41528307e-01 
 2.57847600e-07  1.20000000e+00  9.42038772e-01 
 2.58947600e-07  1.20000000e+00  9.42550320e-01 
 2.60047600e-07  1.20000000e+00  9.43062931e-01 
 2.61147600e-07  1.20000000e+00  9.43576582e-01 
 2.62247600e-07  1.20000000e+00  9.44091254e-01 
 2.63347600e-07  1.20000000e+00  9.44606927e-01 
 2.64447600e-07  1.20000000e+00  9.45123580e-01 
 2.65547600e-07  1.20000000e+00  9.45641194e-01 
 2.66647600e-07  1.20000000e+00  9.46159751e-01 
 2.67747600e-07  1.20000000e+00  9.46679231e-01 
 2.68847600e-07  1.20000000e+00  9.47199617e-01 
 2.69947600e-07  1.20000000e+00  9.47720891e-01 
 2.71047600e-07  1.20000000e+00  9.48243035e-01 
 2.72147600e-07  1.20000000e+00  9.48766032e-01 
 2.73247600e-07  1.20000000e+00  9.49289865e-01 
 2.74347600e-07  1.20000000e+00  9.49814518e-01 
 2.75447600e-07  1.20000000e+00  9.50339976e-01 
 2.76547600e-07  1.20000000e+00  9.50866221e-01 
 2.77647600e-07  1.20000000e+00  9.51393240e-01 
 2.78747600e-07  1.20000000e+00  9.51921016e-01 
 2.79847600e-07  1.20000000e+00  9.52449535e-01 
 2.80947600e-07  1.20000000e+00  9.52978782e-01 
 2.82047600e-07  1.20000000e+00  9.53508743e-01 
 2.83147600e-07  1.20000000e+00  9.54039405e-01 
 2.84247600e-07  1.20000000e+00  9.54570753e-01 
 2.85347600e-07  1.20000000e+00  9.55102775e-01 
 2.86447600e-07  1.20000000e+00  9.55635457e-01 
 2.87547600e-07  1.20000000e+00  9.56168786e-01 
 2.88647600e-07  1.20000000e+00  9.56702751e-01 
 2.89747600e-07  1.20000000e+00  9.57237338e-01 
 2.90847600e-07  1.20000000e+00  9.57772535e-01 
 2.91947600e-07  1.20000000e+00  9.58308332e-01 
 2.93047600e-07  1.20000000e+00  9.58844716e-01 
 2.94147600e-07  1.20000000e+00  9.59381676e-01 
 2.95247600e-07  1.20000000e+00  9.59919201e-01 
 2.96347600e-07  1.20000000e+00  9.60457280e-01 
 2.97447600e-07  1.20000000e+00  9.60995903e-01 
 2.98547600e-07  1.20000000e+00  9.61535058e-01 
 2.99647600e-07  1.20000000e+00  9.62074737e-01 
 3.00747600e-07  1.20000000e+00  9.62614929e-01 
 3.01847600e-07  1.20000000e+00  9.63155624e-01 
 3.02947600e-07  1.20000000e+00  9.63696813e-01 
 3.04047600e-07  1.20000000e+00  9.64238485e-01 
 3.05147600e-07  1.20000000e+00  9.64780633e-01 
 3.06247600e-07  1.20000000e+00  9.65323247e-01 
 3.07347600e-07  1.20000000e+00  9.65866319e-01 
 3.08447600e-07  1.20000000e+00  9.66409839e-01 
 3.09547600e-07  1.20000000e+00  9.66953799e-01 
 3.10647600e-07  1.20000000e+00  9.67498191e-01 
 3.11747600e-07  1.20000000e+00  9.68043006e-01 
 3.12847600e-07  1.20000000e+00  9.68588238e-01 
 3.13947600e-07  1.20000000e+00  9.69133877e-01 
 3.15047600e-07  1.20000000e+00  9.69679917e-01 
 3.16147600e-07  1.20000000e+00  9.70226350e-01 
 3.17247600e-07  1.20000000e+00  9.70773169e-01 
 3.18347600e-07  1.20000000e+00  9.71320365e-01 
 3.19447600e-07  1.20000000e+00  9.71867933e-01 
 3.20547600e-07  1.20000000e+00  9.72415866e-01 
 3.21647600e-07  1.20000000e+00  9.72964156e-01 
 3.22747600e-07  1.20000000e+00  9.73512797e-01 
 3.23847600e-07  1.20000000e+00  9.74061783e-01 
 3.24947600e-07  1.20000000e+00  9.74611107e-01 
 3.26047600e-07  1.20000000e+00  9.75160763e-01 
 3.27147600e-07  1.20000000e+00  9.75710745e-01 
 3.28247600e-07  1.20000000e+00  9.76261046e-01 
 3.29347600e-07  1.20000000e+00  9.76811662e-01 
 3.30447600e-07  1.20000000e+00  9.77362586e-01 
 3.31547600e-07  1.20000000e+00  9.77913812e-01 
 3.32647600e-07  1.20000000e+00  9.78465336e-01 
 3.33747600e-07  1.20000000e+00  9.79017150e-01 
 3.34847600e-07  1.20000000e+00  9.79569252e-01 
 3.35947600e-07  1.20000000e+00  9.80121634e-01 
 3.37047600e-07  1.20000000e+00  9.80674292e-01 
 3.38147600e-07  1.20000000e+00  9.81227221e-01 
 3.39247600e-07  1.20000000e+00  9.81780416e-01 
 3.40347600e-07  1.20000000e+00  9.82333873e-01 
 3.41447600e-07  1.20000000e+00  9.82887585e-01 
 3.42547600e-07  1.20000000e+00  9.83441550e-01 
 3.43647600e-07  1.20000000e+00  9.83995762e-01 
 3.44747600e-07  1.20000000e+00  9.84550216e-01 
 3.45847600e-07  1.20000000e+00  9.85104909e-01 
 3.46947600e-07  1.20000000e+00  9.85659836e-01 
 3.48047600e-07  1.20000000e+00  9.86214993e-01 
 3.49147600e-07  1.20000000e+00  9.86770375e-01 
 3.50247600e-07  1.20000000e+00  9.87325979e-01 
 3.51347600e-07  1.20000000e+00  9.87881801e-01 
 3.52447600e-07  1.20000000e+00  9.88437837e-01 
 3.53547600e-07  1.20000000e+00  9.88994082e-01 
 3.54647600e-07  1.20000000e+00  9.89550534e-01 
 3.55747600e-07  1.20000000e+00  9.90107188e-01 
 3.56847600e-07  1.20000000e+00  9.90664040e-01 
 3.57947600e-07  1.20000000e+00  9.91221088e-01 
 3.59047600e-07  1.20000000e+00  9.91778328e-01 
 3.60147600e-07  1.20000000e+00  9.92335756e-01 
 3.61247600e-07  1.20000000e+00  9.92893369e-01 
 3.62347600e-07  1.20000000e+00  9.93451163e-01 
 3.63447600e-07  1.20000000e+00  9.94009136e-01 
 3.64547600e-07  1.20000000e+00  9.94567283e-01 
 3.65647600e-07  1.20000000e+00  9.95125603e-01 
 3.66747600e-07  1.20000000e+00  9.95684091e-01 
 3.67847600e-07  1.20000000e+00  9.96242746e-01 
 3.68947600e-07  1.20000000e+00  9.96801563e-01 
 3.70047600e-07  1.20000000e+00  9.97360539e-01 
 3.71147600e-07  1.20000000e+00  9.97919673e-01 
 3.72247600e-07  1.20000000e+00  9.98478961e-01 
 3.73347600e-07  1.20000000e+00  9.99038400e-01 
 3.74447600e-07  1.20000000e+00  9.99597988e-01 
 3.75547600e-07  1.20000000e+00  1.00015772e+00 
 3.76647600e-07  1.20000000e+00  1.00071760e+00 
 3.77747600e-07  1.20000000e+00  1.00127762e+00 
 3.78847600e-07  1.20000000e+00  1.00183777e+00 
 3.79947600e-07  1.20000000e+00  1.00239806e+00 
 3.81047600e-07  1.20000000e+00  1.00295849e+00 
 3.82147600e-07  1.20000000e+00  1.00351904e+00 
 3.83247600e-07  1.20000000e+00  1.00407972e+00 
 3.84347600e-07  1.20000000e+00  1.00464053e+00 
 3.85447600e-07  1.20000000e+00  1.00520146e+00 
 3.86547600e-07  1.20000000e+00  1.00576251e+00 
 3.87647600e-07  1.20000000e+00  1.00632368e+00 
 3.88747600e-07  1.20000000e+00  1.00688497e+00 
 3.89847600e-07  1.20000000e+00  1.00744637e+00 
 3.90947600e-07  1.20000000e+00  1.00800789e+00 
 3.92047600e-07  1.20000000e+00  1.00856951e+00 
 3.93147600e-07  1.20000000e+00  1.00913124e+00 
 3.94247600e-07  1.20000000e+00  1.00969308e+00 
 3.95347600e-07  1.20000000e+00  1.01025502e+00 
 3.96447600e-07  1.20000000e+00  1.01081706e+00 
 3.97547600e-07  1.20000000e+00  1.01137921e+00 
 3.98647600e-07  1.20000000e+00  1.01194145e+00 
 3.99747600e-07  1.20000000e+00  1.01250378e+00 
 4.00847600e-07  1.20000000e+00  1.01306621e+00 
 4.01947600e-07  1.20000000e+00  1.01362873e+00 
 4.03047600e-07  1.20000000e+00  1.01419134e+00 
 4.04147600e-07  1.20000000e+00  1.01475404e+00 
 4.05247600e-07  1.20000000e+00  1.01531683e+00 
 4.06347600e-07  1.20000000e+00  1.01587970e+00 
 4.07447600e-07  1.20000000e+00  1.01644265e+00 
 4.08547600e-07  1.20000000e+00  1.01700569e+00 
 4.09647600e-07  1.20000000e+00  1.01756880e+00 
 4.10747600e-07  1.20000000e+00  1.01813199e+00 
 4.11847600e-07  1.20000000e+00  1.01869525e+00 
 4.12947600e-07  1.20000000e+00  1.01925859e+00 
 4.14047600e-07  1.20000000e+00  1.01982200e+00 
 4.15147600e-07  1.20000000e+00  1.02038549e+00 
 4.16247600e-07  1.20000000e+00  1.02094904e+00 
 4.17347600e-07  1.20000000e+00  1.02151266e+00 
 4.18447600e-07  1.20000000e+00  1.02207634e+00 
 4.19547600e-07  1.20000000e+00  1.02264009e+00 
 4.20647600e-07  1.20000000e+00  1.02320390e+00 
 4.21747600e-07  1.20000000e+00  1.02376777e+00 
 4.22847600e-07  1.20000000e+00  1.02433170e+00 
 4.23947600e-07  1.20000000e+00  1.02489569e+00 
 4.25047600e-07  1.20000000e+00  1.02545973e+00 
 4.26147600e-07  1.20000000e+00  1.02602383e+00 
 4.27247600e-07  1.20000000e+00  1.02658798e+00 
 4.28347600e-07  1.20000000e+00  1.02715218e+00 
 4.29447600e-07  1.20000000e+00  1.02771644e+00 
 4.30547600e-07  1.20000000e+00  1.02828074e+00 
 4.31647600e-07  1.20000000e+00  1.02884508e+00 
 4.32747600e-07  1.20000000e+00  1.02940948e+00 
 4.33847600e-07  1.20000000e+00  1.02997392e+00 
 4.34947600e-07  1.20000000e+00  1.03053840e+00 
 4.36047600e-07  1.20000000e+00  1.03110292e+00 
 4.37147600e-07  1.20000000e+00  1.03166748e+00 
 4.38247600e-07  1.20000000e+00  1.03223208e+00 
 4.39347600e-07  1.20000000e+00  1.03279671e+00 
 4.40447600e-07  1.20000000e+00  1.03336138e+00 
 4.41547600e-07  1.20000000e+00  1.03392609e+00 
 4.42647600e-07  1.20000000e+00  1.03449083e+00 
 4.43747600e-07  1.20000000e+00  1.03505559e+00 
 4.44847600e-07  1.20000000e+00  1.03562039e+00 
 4.45947600e-07  1.20000000e+00  1.03618522e+00 
 4.47047600e-07  1.20000000e+00  1.03675007e+00 
 4.48147600e-07  1.20000000e+00  1.03731494e+00 
 4.49247600e-07  1.20000000e+00  1.03787985e+00 
 4.50347600e-07  1.20000000e+00  1.03844477e+00 
 4.51447600e-07  1.20000000e+00  1.03900971e+00 
 4.52547600e-07  1.20000000e+00  1.03957468e+00 
 4.53647600e-07  1.20000000e+00  1.04013966e+00 
 4.54747600e-07  1.20000000e+00  1.04070466e+00 
 4.55847600e-07  1.20000000e+00  1.04126967e+00 
 4.56947600e-07  1.20000000e+00  1.04183470e+00 
 4.58047600e-07  1.20000000e+00  1.04239974e+00 
 4.59147600e-07  1.20000000e+00  1.04296479e+00 
 4.60247600e-07  1.20000000e+00  1.04352984e+00 
 4.61347600e-07  1.20000000e+00  1.04409491e+00 
 4.62447600e-07  1.20000000e+00  1.04465999e+00 
 4.63547600e-07  1.20000000e+00  1.04522507e+00 
 4.64647600e-07  1.20000000e+00  1.04579015e+00 
 4.65747600e-07  1.20000000e+00  1.04635523e+00 
 4.66847600e-07  1.20000000e+00  1.04692032e+00 
 4.67947600e-07  1.20000000e+00  1.04748540e+00 
 4.69047600e-07  1.20000000e+00  1.04805049e+00 
 4.70147600e-07  1.20000000e+00  1.04861557e+00 
 4.71247600e-07  1.20000000e+00  1.04918064e+00 
 4.72347600e-07  1.20000000e+00  1.04974571e+00 
 4.73447600e-07  1.20000000e+00  1.05031077e+00 
 4.74547600e-07  1.20000000e+00  1.05087581e+00 
 4.75647600e-07  1.20000000e+00  1.05144085e+00 
 4.76747600e-07  1.20000000e+00  1.05200588e+00 
 4.77847600e-07  1.20000000e+00  1.05257089e+00 
 4.78947600e-07  1.20000000e+00  1.05313588e+00 
 4.80047600e-07  1.20000000e+00  1.05370086e+00 
 4.81147600e-07  1.20000000e+00  1.05426582e+00 
 4.82247600e-07  1.20000000e+00  1.05483075e+00 
 4.83347600e-07  1.20000000e+00  1.05539567e+00 
 4.84447600e-07  1.20000000e+00  1.05596056e+00 
 4.85547600e-07  1.20000000e+00  1.05652543e+00 
 4.86647600e-07  1.20000000e+00  1.05709027e+00 
 4.87747600e-07  1.20000000e+00  1.05765508e+00 
 4.88847600e-07  1.20000000e+00  1.05821986e+00 
 4.89947600e-07  1.20000000e+00  1.05878460e+00 
 4.91047600e-07  1.20000000e+00  1.05934932e+00 
 4.92147600e-07  1.20000000e+00  1.05991400e+00 
 4.93247600e-07  1.20000000e+00  1.06047864e+00 
 4.94347600e-07  1.20000000e+00  1.06104324e+00 
 4.95447600e-07  1.20000000e+00  1.06160780e+00 
 4.96547600e-07  1.20000000e+00  1.06217232e+00 
 4.97647600e-07  1.20000000e+00  1.06273679e+00 
 4.98747600e-07  1.20000000e+00  1.06330122e+00 
 4.99847600e-07  1.20000000e+00  1.06386560e+00 
 5.00947600e-07  1.20000000e+00  1.06442993e+00 
 5.02047600e-07  1.20000000e+00  1.06499421e+00 
 5.03147600e-07  1.20000000e+00  1.06555844e+00 
 5.04247600e-07  1.20000000e+00  1.06612261e+00 
 5.05347600e-07  1.20000000e+00  1.06668672e+00 
 5.06447600e-07  1.20000000e+00  1.06725077e+00 
 5.07547600e-07  1.20000000e+00  1.06781477e+00 
 5.08647600e-07  1.20000000e+00  1.06837870e+00 
 5.09747600e-07  1.20000000e+00  1.06894256e+00 
 5.10847600e-07  1.20000000e+00  1.06950636e+00 
 5.11947600e-07  1.20000000e+00  1.07007008e+00 
 5.13047600e-07  1.20000000e+00  1.07063374e+00 
 5.14147600e-07  1.20000000e+00  1.07119732e+00 
 5.15247600e-07  1.20000000e+00  1.07176083e+00 
 5.16347600e-07  1.20000000e+00  1.07232426e+00 
 5.17447600e-07  1.20000000e+00  1.07288760e+00 
 5.18547600e-07  1.20000000e+00  1.07345087e+00 
 5.19647600e-07  1.20000000e+00  1.07401405e+00 
 5.20747600e-07  1.20000000e+00  1.07457715e+00 
 5.21847600e-07  1.20000000e+00  1.07514015e+00 
 5.22947600e-07  1.20000000e+00  1.07570307e+00 
 5.24047600e-07  1.20000000e+00  1.07626589e+00 
 5.25147600e-07  1.20000000e+00  1.07682861e+00 
 5.26247600e-07  1.20000000e+00  1.07739124e+00 
 5.27347600e-07  1.20000000e+00  1.07795376e+00 
 5.28447600e-07  1.20000000e+00  1.07851618e+00 
 5.29547600e-07  1.20000000e+00  1.07907850e+00 
 5.30647600e-07  1.20000000e+00  1.07964070e+00 
 5.31747600e-07  1.20000000e+00  1.08020280e+00 
 5.32847600e-07  1.20000000e+00  1.08076478e+00 
 5.33947600e-07  1.20000000e+00  1.08132664e+00 
 5.35047600e-07  1.20000000e+00  1.08188839e+00 
 5.36147600e-07  1.20000000e+00  1.08245001e+00 
 5.37247600e-07  1.20000000e+00  1.08301151e+00 
 5.38347600e-07  1.20000000e+00  1.08357288e+00 
 5.39447600e-07  1.20000000e+00  1.08413412e+00 
 5.40547600e-07  1.20000000e+00  1.08469523e+00 
 5.41647600e-07  1.20000000e+00  1.08525620e+00 
 5.42747600e-07  1.20000000e+00  1.08581703e+00 
 5.43847600e-07  1.20000000e+00  1.08637772e+00 
 5.44947600e-07  1.20000000e+00  1.08693826e+00 
 5.46047600e-07  1.20000000e+00  1.08749866e+00 
 5.47147600e-07  1.20000000e+00  1.08805890e+00 
 5.48247600e-07  1.20000000e+00  1.08861899e+00 
 5.49347600e-07  1.20000000e+00  1.08917892e+00 
 5.50447600e-07  1.20000000e+00  1.08973869e+00 
 5.51547600e-07  1.20000000e+00  1.09029829e+00 
 5.52647600e-07  1.20000000e+00  1.09085772e+00 
 5.53747600e-07  1.20000000e+00  1.09141699e+00 
 5.54847600e-07  1.20000000e+00  1.09197608e+00 
 5.55947600e-07  1.20000000e+00  1.09253499e+00 
 5.57047600e-07  1.20000000e+00  1.09309371e+00 
 5.58147600e-07  1.20000000e+00  1.09365225e+00 
 5.59247600e-07  1.20000000e+00  1.09421061e+00 
 5.60347600e-07  1.20000000e+00  1.09476876e+00 
 5.61447600e-07  1.20000000e+00  1.09532672e+00 
 5.62547600e-07  1.20000000e+00  1.09588448e+00 
 5.63647600e-07  1.20000000e+00  1.09644204e+00 
 5.64747600e-07  1.20000000e+00  1.09699938e+00 
 5.65847600e-07  1.20000000e+00  1.09755651e+00 
 5.66947600e-07  1.20000000e+00  1.09811342e+00 
 5.68047600e-07  1.20000000e+00  1.09867011e+00 
 5.69147600e-07  1.20000000e+00  1.09922658e+00 
 5.70247600e-07  1.20000000e+00  1.09978281e+00 
 5.71347600e-07  1.20000000e+00  1.10033881e+00 
 5.72447600e-07  1.20000000e+00  1.10089457e+00 
 5.73547600e-07  1.20000000e+00  1.10145009e+00 
 5.74647600e-07  1.20000000e+00  1.10200535e+00 
 5.75747600e-07  1.20000000e+00  1.10256036e+00 
 5.76847600e-07  1.20000000e+00  1.10311512e+00 
 5.77947600e-07  1.20000000e+00  1.10366961e+00 
 5.79047600e-07  1.20000000e+00  1.10422383e+00 
 5.80147600e-07  1.20000000e+00  1.10477778e+00 
 5.81247600e-07  1.20000000e+00  1.10533145e+00 
 5.82347600e-07  1.20000000e+00  1.10588484e+00 
 5.83447600e-07  1.20000000e+00  1.10643794e+00 
 5.84547600e-07  1.20000000e+00  1.10699075e+00 
 5.85647600e-07  1.20000000e+00  1.10754325e+00 
 5.86747600e-07  1.20000000e+00  1.10809545e+00 
 5.87847600e-07  1.20000000e+00  1.10864734e+00 
 5.88947600e-07  1.20000000e+00  1.10919891e+00 
 5.90047600e-07  1.20000000e+00  1.10975016e+00 
 5.91147600e-07  1.20000000e+00  1.11030108e+00 
 5.92247600e-07  1.20000000e+00  1.11085167e+00 
 5.93347600e-07  1.20000000e+00  1.11140191e+00 
 5.94447600e-07  1.20000000e+00  1.11195181e+00 
 5.95547600e-07  1.20000000e+00  1.11250135e+00 
 5.96647600e-07  1.20000000e+00  1.11305054e+00 
 5.97747600e-07  1.20000000e+00  1.11359936e+00 
 5.98847600e-07  1.20000000e+00  1.11414780e+00 
 5.99947600e-07  1.20000000e+00  1.11469587e+00 
 6.01047600e-07  1.20000000e+00  1.11524354e+00 
 6.02147600e-07  1.20000000e+00  1.11579083e+00 
 6.03247600e-07  1.20000000e+00  1.11633771e+00 
 6.04347600e-07  1.20000000e+00  1.11688419e+00 
 6.05447600e-07  1.20000000e+00  1.11743025e+00 
 6.06547600e-07  1.20000000e+00  1.11797589e+00 
 6.07647600e-07  1.20000000e+00  1.11852110e+00 
 6.08747600e-07  1.20000000e+00  1.11906587e+00 
 6.09847600e-07  1.20000000e+00  1.11961020e+00 
 6.10947600e-07  1.20000000e+00  1.12015407e+00 
 6.12047600e-07  1.20000000e+00  1.12069748e+00 
 6.13147600e-07  1.20000000e+00  1.12124042e+00 
 6.14247600e-07  1.20000000e+00  1.12178289e+00 
 6.15347600e-07  1.20000000e+00  1.12232486e+00 
 6.16447600e-07  1.20000000e+00  1.12286634e+00 
 6.17547600e-07  1.20000000e+00  1.12340732e+00 
 6.18647600e-07  1.20000000e+00  1.12394779e+00 
 6.19747600e-07  1.20000000e+00  1.12448773e+00 
 6.20847600e-07  1.20000000e+00  1.12502714e+00 
 6.21947600e-07  1.20000000e+00  1.12556602e+00 
 6.23047600e-07  1.20000000e+00  1.12610434e+00 
 6.24147600e-07  1.20000000e+00  1.12664210e+00 
 6.25247600e-07  1.20000000e+00  1.12717930e+00 
 6.26347600e-07  1.20000000e+00  1.12771591e+00 
 6.27447600e-07  1.20000000e+00  1.12825194e+00 
 6.28547600e-07  1.20000000e+00  1.12878737e+00 
 6.29647600e-07  1.20000000e+00  1.12932219e+00 
 6.30747600e-07  1.20000000e+00  1.12985638e+00 
 6.31847600e-07  1.20000000e+00  1.13038995e+00 
 6.32947600e-07  1.20000000e+00  1.13092288e+00 
 6.34047600e-07  1.20000000e+00  1.13145515e+00 
 6.35147600e-07  1.20000000e+00  1.13198676e+00 
 6.36247600e-07  1.20000000e+00  1.13251769e+00 
 6.37347600e-07  1.20000000e+00  1.13304794e+00 
 6.38447600e-07  1.20000000e+00  1.13357749e+00 
 6.39547600e-07  1.20000000e+00  1.13410633e+00 
 6.40647600e-07  1.20000000e+00  1.13463445e+00 
 6.41747600e-07  1.20000000e+00  1.13516183e+00 
 6.42847600e-07  1.20000000e+00  1.13568846e+00 
 6.43947600e-07  1.20000000e+00  1.13621434e+00 
 6.45047600e-07  1.20000000e+00  1.13673944e+00 
 6.46147600e-07  1.20000000e+00  1.13726376e+00 
 6.47247600e-07  1.20000000e+00  1.13778728e+00 
 6.48347600e-07  1.20000000e+00  1.13830999e+00 
 6.49447600e-07  1.20000000e+00  1.13883188e+00 
 6.50547600e-07  1.20000000e+00  1.13935292e+00 
 6.51647600e-07  1.20000000e+00  1.13987312e+00 
 6.52747600e-07  1.20000000e+00  1.14039244e+00 
 6.53847600e-07  1.20000000e+00  1.14091089e+00 
 6.54947600e-07  1.20000000e+00  1.14142844e+00 
 6.56047600e-07  1.20000000e+00  1.14194509e+00 
 6.57147600e-07  1.20000000e+00  1.14246081e+00 
 6.58247600e-07  1.20000000e+00  1.14297559e+00 
 6.59347600e-07  1.20000000e+00  1.14348942e+00 
 6.60447600e-07  1.20000000e+00  1.14400228e+00 
 6.61547600e-07  1.20000000e+00  1.14451415e+00 
 6.62647600e-07  1.20000000e+00  1.14502502e+00 
 6.63747600e-07  1.20000000e+00  1.14553488e+00 
 6.64847600e-07  1.20000000e+00  1.14604371e+00 
 6.65947600e-07  1.20000000e+00  1.14655149e+00 
 6.67047600e-07  1.20000000e+00  1.14705820e+00 
 6.68147600e-07  1.20000000e+00  1.14756384e+00 
 6.69247600e-07  1.20000000e+00  1.14806837e+00 
 6.70347600e-07  1.20000000e+00  1.14857180e+00 
 6.71447600e-07  1.20000000e+00  1.14907409e+00 
 6.72547600e-07  1.20000000e+00  1.14957523e+00 
 6.73647600e-07  1.20000000e+00  1.15007521e+00 
 6.74747600e-07  1.20000000e+00  1.15057401e+00 
 6.75847600e-07  1.20000000e+00  1.15107160e+00 
 6.76947600e-07  1.20000000e+00  1.15156798e+00 
 6.78047600e-07  1.20000000e+00  1.15206312e+00 
 6.79147600e-07  1.20000000e+00  1.15255701e+00 
 6.80247600e-07  1.20000000e+00  1.15304962e+00 
 6.81347600e-07  1.20000000e+00  1.15354094e+00 
 6.82447600e-07  1.20000000e+00  1.15403096e+00 
 6.83547600e-07  1.20000000e+00  1.15451964e+00 
 6.84647600e-07  1.20000000e+00  1.15500698e+00 
 6.85747600e-07  1.20000000e+00  1.15549296e+00 
 6.86847600e-07  1.20000000e+00  1.15597755e+00 
 6.87947600e-07  1.20000000e+00  1.15646073e+00 
 6.89047600e-07  1.20000000e+00  1.15694250e+00 
 6.90147600e-07  1.20000000e+00  1.15742282e+00 
 6.91247600e-07  1.20000000e+00  1.15790168e+00 
 6.92347600e-07  1.20000000e+00  1.15837906e+00 
 6.93447600e-07  1.20000000e+00  1.15885493e+00 
 6.94547600e-07  1.20000000e+00  1.15932929e+00 
 6.95647600e-07  1.20000000e+00  1.15980211e+00 
 6.96747600e-07  1.20000000e+00  1.16027336e+00 
 6.97847600e-07  1.20000000e+00  1.16074304e+00 
 6.98947600e-07  1.20000000e+00  1.16121112e+00 
 7.00047600e-07  1.20000000e+00  1.16167757e+00 
 7.01147600e-07  1.20000000e+00  1.16214239e+00 
 7.02247600e-07  1.20000000e+00  1.16260554e+00 
 7.03347600e-07  1.20000000e+00  1.16306702e+00 
 7.04447600e-07  1.20000000e+00  1.16352679e+00 
 7.05547600e-07  1.20000000e+00  1.16398484e+00 
 7.06647600e-07  1.20000000e+00  1.16444115e+00 
 7.07747600e-07  1.20000000e+00  1.16489569e+00 
 7.08847600e-07  1.20000000e+00  1.16534845e+00 
 7.09947600e-07  1.20000000e+00  1.16579941e+00 
 7.11047600e-07  1.20000000e+00  1.16624855e+00 
 7.12147600e-07  1.20000000e+00  1.16669584e+00 
 7.13247600e-07  1.20000000e+00  1.16714126e+00 
 7.14347600e-07  1.20000000e+00  1.16758480e+00 
 7.15447600e-07  1.20000000e+00  1.16802644e+00 
 7.16547600e-07  1.20000000e+00  1.16846614e+00 
 7.17647600e-07  1.20000000e+00  1.16890391e+00 
 7.18747600e-07  1.20000000e+00  1.16933970e+00 
 7.19847600e-07  1.20000000e+00  1.16977351e+00 
 7.20947600e-07  1.20000000e+00  1.17020531e+00 
 7.22047600e-07  1.20000000e+00  1.17063509e+00 
 7.23147600e-07  1.20000000e+00  1.17106282e+00 
 7.24247600e-07  1.20000000e+00  1.17148849e+00 
 7.25347600e-07  1.20000000e+00  1.17191207e+00 
 7.26447600e-07  1.20000000e+00  1.17233354e+00 
 7.27547600e-07  1.20000000e+00  1.17275289e+00 
 7.28647600e-07  1.20000000e+00  1.17317010e+00 
 7.29747600e-07  1.20000000e+00  1.17358515e+00 
 7.30847600e-07  1.20000000e+00  1.17399801e+00 
 7.31947600e-07  1.20000000e+00  1.17440867e+00 
 7.33047600e-07  1.20000000e+00  1.17481712e+00 
 7.34147600e-07  1.20000000e+00  1.17522332e+00 
 7.35247600e-07  1.20000000e+00  1.17562728e+00 
 7.36347600e-07  1.20000000e+00  1.17602896e+00 
 7.37447600e-07  1.20000000e+00  1.17642834e+00 
 7.38547600e-07  1.20000000e+00  1.17682542e+00 
 7.39647600e-07  1.20000000e+00  1.17722017e+00 
 7.40747600e-07  1.20000000e+00  1.17761258e+00 
 7.41847600e-07  1.20000000e+00  1.17800263e+00 
 7.42947600e-07  1.20000000e+00  1.17839030e+00 
 7.44047600e-07  1.20000000e+00  1.17877558e+00 
 7.45147600e-07  1.20000000e+00  1.17915845e+00 
 7.46247600e-07  1.20000000e+00  1.17953889e+00 
 7.47347600e-07  1.20000000e+00  1.17991689e+00 
 7.48447600e-07  1.20000000e+00  1.18029243e+00 
 7.49547600e-07  1.20000000e+00  1.18066551e+00 
 7.50647600e-07  1.20000000e+00  1.18103609e+00 
 7.51747600e-07  1.20000000e+00  1.18140417e+00 
 7.52847600e-07  1.20000000e+00  1.18176974e+00 
 7.53947600e-07  1.20000000e+00  1.18213278e+00 
 7.55047600e-07  1.20000000e+00  1.18249327e+00 
 7.56147600e-07  1.20000000e+00  1.18285121e+00 
 7.57247600e-07  1.20000000e+00  1.18320658e+00 
 7.58347600e-07  1.20000000e+00  1.18355936e+00 
 7.59447600e-07  1.20000000e+00  1.18390956e+00 
 7.60547600e-07  1.20000000e+00  1.18425714e+00 
 7.61647600e-07  1.20000000e+00  1.18460211e+00 
 7.62747600e-07  1.20000000e+00  1.18494444e+00 
 7.63847600e-07  1.20000000e+00  1.18528414e+00 
 7.64947600e-07  1.20000000e+00  1.18562118e+00 
 7.66047600e-07  1.20000000e+00  1.18595556e+00 
 7.67147600e-07  1.20000000e+00  1.18628727e+00 
 7.68247600e-07  1.20000000e+00  1.18661630e+00 
 7.69347600e-07  1.20000000e+00  1.18694264e+00 
 7.70447600e-07  1.20000000e+00  1.18726628e+00 
 7.71547600e-07  1.20000000e+00  1.18758721e+00 
 7.72647600e-07  1.20000000e+00  1.18790543e+00 
 7.73747600e-07  1.20000000e+00  1.18822092e+00 
 7.74847600e-07  1.20000000e+00  1.18853369e+00 
 7.75947600e-07  1.20000000e+00  1.18884371e+00 
 7.77047600e-07  1.20000000e+00  1.18915099e+00 
 7.78147600e-07  1.20000000e+00  1.18945553e+00 
 7.79247600e-07  1.20000000e+00  1.18975730e+00 
 7.80347600e-07  1.20000000e+00  1.19005632e+00 
 7.81447600e-07  1.20000000e+00  1.19035256e+00 
 7.82547600e-07  1.20000000e+00  1.19064604e+00 
 7.83647600e-07  1.20000000e+00  1.19093674e+00 
 7.84747600e-07  1.20000000e+00  1.19122467e+00 
 7.85847600e-07  1.20000000e+00  1.19150981e+00 
 7.86947600e-07  1.20000000e+00  1.19179217e+00 
 7.88047600e-07  1.20000000e+00  1.19207174e+00 
 7.89147600e-07  1.20000000e+00  1.19234852e+00 
 7.90247600e-07  1.20000000e+00  1.19262250e+00 
 7.91347600e-07  1.20000000e+00  1.19289370e+00 
 7.92447600e-07  1.20000000e+00  1.19316210e+00 
 7.93547600e-07  1.20000000e+00  1.19342770e+00 
 7.94647600e-07  1.20000000e+00  1.19369051e+00 
 7.95747600e-07  1.20000000e+00  1.19395053e+00 
 7.96847600e-07  1.20000000e+00  1.19420775e+00 
 7.97947600e-07  1.20000000e+00  1.19446218e+00 
 7.99047600e-07  1.20000000e+00  1.19471381e+00 
 8.00147600e-07  1.20000000e+00  1.19496265e+00 
 8.01247600e-07  1.20000000e+00  1.19520871e+00 
 8.02347600e-07  1.20000000e+00  1.19545198e+00 
 8.03447600e-07  1.20000000e+00  1.19569246e+00 
 8.04547600e-07  1.20000000e+00  1.19593017e+00 
 8.05647600e-07  1.20000000e+00  1.19616509e+00 
 8.06747600e-07  1.20000000e+00  1.19639725e+00 
 8.07847600e-07  1.20000000e+00  1.19662663e+00 
 8.08947600e-07  1.20000000e+00  1.19685325e+00 
 8.10047600e-07  1.20000000e+00  1.19707711e+00 
 8.11147600e-07  1.20000000e+00  1.19729822e+00 
 8.12247600e-07  1.20000000e+00  1.19751657e+00 
 8.13347600e-07  1.20000000e+00  1.19773219e+00 
 8.14447600e-07  1.20000000e+00  1.19794507e+00 
 8.15547600e-07  1.20000000e+00  1.19815521e+00 
 8.16647600e-07  1.20000000e+00  1.19836264e+00 
 8.17747600e-07  1.20000000e+00  1.19856735e+00 
 8.18847600e-07  1.20000000e+00  1.19876935e+00 
 8.19947600e-07  1.20000000e+00  1.19896864e+00 
 8.21047600e-07  1.20000000e+00  1.19916525e+00 
 8.22147600e-07  1.20000000e+00  1.19935918e+00 
 8.23247600e-07  1.20000000e+00  1.19955042e+00 
 8.24347600e-07  1.20000000e+00  1.19973901e+00 
 8.25447600e-07  1.20000000e+00  1.19992493e+00 
 8.26547600e-07  1.20000000e+00  1.20010821e+00 
 8.27647600e-07  1.20000000e+00  1.20028885e+00 
 8.28747600e-07  1.20000000e+00  1.20046687e+00 
 8.29847600e-07  1.20000000e+00  1.20064227e+00 
 8.30947600e-07  1.20000000e+00  1.20081506e+00 
 8.32047600e-07  1.20000000e+00  1.20098526e+00 
 8.33147600e-07  1.20000000e+00  1.20115287e+00 
 8.34247600e-07  1.20000000e+00  1.20131792e+00 
 8.35347600e-07  1.20000000e+00  1.20148040e+00 
 8.36447600e-07  1.20000000e+00  1.20164034e+00 
 8.37547600e-07  1.20000000e+00  1.20179773e+00 
 8.38647600e-07  1.20000000e+00  1.20195261e+00 
 8.39747600e-07  1.20000000e+00  1.20210498e+00 
 8.40847600e-07  1.20000000e+00  1.20225485e+00 
 8.41947600e-07  1.20000000e+00  1.20240223e+00 
 8.43047600e-07  1.20000000e+00  1.20254714e+00 
 8.44147600e-07  1.20000000e+00  1.20268960e+00 
 8.45247600e-07  1.20000000e+00  1.20282961e+00 
 8.46347600e-07  1.20000000e+00  1.20296719e+00 
 8.47447600e-07  1.20000000e+00  1.20310235e+00 
 8.48547600e-07  1.20000000e+00  1.20323512e+00 
 8.49647600e-07  1.20000000e+00  1.20336550e+00 
 8.50747600e-07  1.20000000e+00  1.20349350e+00 
 8.51847600e-07  1.20000000e+00  1.20361915e+00 
 8.52947600e-07  1.20000000e+00  1.20374245e+00 
 8.54047600e-07  1.20000000e+00  1.20386343e+00 
 8.55147600e-07  1.20000000e+00  1.20398209e+00 
 8.56247600e-07  1.20000000e+00  1.20409846e+00 
 8.57347600e-07  1.20000000e+00  1.20421255e+00 
 8.58447600e-07  1.20000000e+00  1.20432437e+00 
 8.59547600e-07  1.20000000e+00  1.20443395e+00 
 8.60647600e-07  1.20000000e+00  1.20454129e+00 
 8.61747600e-07  1.20000000e+00  1.20464641e+00 
 8.62847600e-07  1.20000000e+00  1.20474933e+00 
 8.63947600e-07  1.20000000e+00  1.20485007e+00 
 8.65047600e-07  1.20000000e+00  1.20494864e+00 
 8.66147600e-07  1.20000000e+00  1.20504506e+00 
 8.67247600e-07  1.20000000e+00  1.20513935e+00 
 8.68347600e-07  1.20000000e+00  1.20523151e+00 
 8.69447600e-07  1.20000000e+00  1.20532158e+00 
 8.70547600e-07  1.20000000e+00  1.20540956e+00 
 8.71647600e-07  1.20000000e+00  1.20549547e+00 
 8.72747600e-07  1.20000000e+00  1.20557934e+00 
 8.73847600e-07  1.20000000e+00  1.20566117e+00 
 8.74947600e-07  1.20000000e+00  1.20574099e+00 
 8.76047600e-07  1.20000000e+00  1.20581880e+00 
 8.77147600e-07  1.20000000e+00  1.20589464e+00 
 8.78247600e-07  1.20000000e+00  1.20596852e+00 
 8.79347600e-07  1.20000000e+00  1.20604045e+00 
 8.80447600e-07  1.20000000e+00  1.20611045e+00 
 8.81547600e-07  1.20000000e+00  1.20617854e+00 
 8.82647600e-07  1.20000000e+00  1.20624474e+00 
 8.83747600e-07  1.20000000e+00  1.20630906e+00 
 8.84847600e-07  1.20000000e+00  1.20637153e+00 
 8.85947600e-07  1.20000000e+00  1.20643215e+00 
 8.87047600e-07  1.20000000e+00  1.20649096e+00 
 8.88147600e-07  1.20000000e+00  1.20654796e+00 
 8.89247600e-07  1.20000000e+00  1.20660318e+00 
 8.90347600e-07  1.20000000e+00  1.20665662e+00 
 8.91447600e-07  1.20000000e+00  1.20670832e+00 
 8.92547600e-07  1.20000000e+00  1.20675829e+00 
 8.93647600e-07  1.20000000e+00  1.20680654e+00 
 8.94747600e-07  1.20000000e+00  1.20685309e+00 
 8.95847600e-07  1.20000000e+00  1.20689797e+00 
 8.96947600e-07  1.20000000e+00  1.20694118e+00 
 8.98047600e-07  1.20000000e+00  1.20698276e+00 
 8.99147600e-07  1.20000000e+00  1.20702270e+00 
 9.00247600e-07  1.20000000e+00  1.20706104e+00 
 9.01347600e-07  1.20000000e+00  1.20709780e+00 
 9.02447600e-07  1.20000000e+00  1.20713298e+00 
 9.03547600e-07  1.20000000e+00  1.20716660e+00 
 9.04647600e-07  1.20000000e+00  1.20719869e+00 
 9.05747600e-07  1.20000000e+00  1.20722927e+00 
 9.06847600e-07  1.20000000e+00  1.20725834e+00 
 9.07947600e-07  1.20000000e+00  1.20728593e+00 
 9.09047600e-07  1.20000000e+00  1.20731206e+00 
 9.10147600e-07  1.20000000e+00  1.20733674e+00 
 9.11247600e-07  1.20000000e+00  1.20735999e+00 
 9.12347600e-07  1.20000000e+00  1.20738183e+00 
 9.13447600e-07  1.20000000e+00  1.20740227e+00 
 9.14547600e-07  1.20000000e+00  1.20742134e+00 
 9.15647600e-07  1.20000000e+00  1.20743905e+00 
 9.16747600e-07  1.20000000e+00  1.20745542e+00 
 9.17847600e-07  1.20000000e+00  1.20747046e+00 
 9.18947600e-07  1.20000000e+00  1.20748420e+00 
 9.20047600e-07  1.20000000e+00  1.20749664e+00 
 9.21147600e-07  1.20000000e+00  1.20750782e+00 
 9.22247600e-07  1.20000000e+00  1.20751773e+00 
 9.23347600e-07  1.20000000e+00  1.20752641e+00 
 9.24447600e-07  1.20000000e+00  1.20753387e+00 
 9.25547600e-07  1.20000000e+00  1.20754013e+00 
 9.26647600e-07  1.20000000e+00  1.20754519e+00 
 9.27747600e-07  1.20000000e+00  1.20754909e+00 
 9.28847600e-07  1.20000000e+00  1.20755183e+00 
 9.29947600e-07  1.20000000e+00  1.20755343e+00 
 9.31047600e-07  1.20000000e+00  1.20755392e+00 
 9.32147600e-07  1.20000000e+00  1.20755330e+00 
 9.33247600e-07  1.20000000e+00  1.20755159e+00 
 9.34347600e-07  1.20000000e+00  1.20754881e+00 
 9.35447600e-07  1.20000000e+00  1.20754498e+00 
 9.36547600e-07  1.20000000e+00  1.20754010e+00 
 9.37647600e-07  1.20000000e+00  1.20753421e+00 
 9.38747600e-07  1.20000000e+00  1.20752731e+00 
 9.39847600e-07  1.20000000e+00  1.20751941e+00 
 9.40947600e-07  1.20000000e+00  1.20751055e+00 
 9.42047600e-07  1.20000000e+00  1.20750072e+00 
 9.43147600e-07  1.20000000e+00  1.20748995e+00 
 9.44247600e-07  1.20000000e+00  1.20747825e+00 
 9.45347600e-07  1.20000000e+00  1.20746565e+00 
 9.46447600e-07  1.20000000e+00  1.20745214e+00 
 9.47547600e-07  1.20000000e+00  1.20743776e+00 
 9.48647600e-07  1.20000000e+00  1.20742250e+00 
 9.49747600e-07  1.20000000e+00  1.20740640e+00 
 9.50847600e-07  1.20000000e+00  1.20738946e+00 
 9.51947600e-07  1.20000000e+00  1.20737170e+00 
 9.53047600e-07  1.20000000e+00  1.20735314e+00 
 9.54147600e-07  1.20000000e+00  1.20733379e+00 
 9.55247600e-07  1.20000000e+00  1.20731365e+00 
 9.56347600e-07  1.20000000e+00  1.20729276e+00 
 9.57447600e-07  1.20000000e+00  1.20727112e+00 
 9.58547600e-07  1.20000000e+00  1.20724875e+00 
 9.59647600e-07  1.20000000e+00  1.20722566e+00 
 9.60747600e-07  1.20000000e+00  1.20720187e+00 
 9.61847600e-07  1.20000000e+00  1.20717738e+00 
 9.62947600e-07  1.20000000e+00  1.20715222e+00 
 9.64047600e-07  1.20000000e+00  1.20712640e+00 
 9.65147600e-07  1.20000000e+00  1.20709993e+00 
 9.66247600e-07  1.20000000e+00  1.20707282e+00 
 9.67347600e-07  1.20000000e+00  1.20704510e+00 
 9.68447600e-07  1.20000000e+00  1.20701676e+00 
 9.69547600e-07  1.20000000e+00  1.20698783e+00 
 9.70647600e-07  1.20000000e+00  1.20695832e+00 
 9.71747600e-07  1.20000000e+00  1.20692825e+00 
 9.72847600e-07  1.20000000e+00  1.20689762e+00 
 9.73947600e-07  1.20000000e+00  1.20686644e+00 
 9.75047600e-07  1.20000000e+00  1.20683474e+00 
 9.76147600e-07  1.20000000e+00  1.20680252e+00 
 9.77247600e-07  1.20000000e+00  1.20676980e+00 
 9.78347600e-07  1.20000000e+00  1.20673659e+00 
 9.79447600e-07  1.20000000e+00  1.20670290e+00 
 9.80547600e-07  1.20000000e+00  1.20666874e+00 
 9.81647600e-07  1.20000000e+00  1.20663413e+00 
 9.82747600e-07  1.20000000e+00  1.20659908e+00 
 9.83847600e-07  1.20000000e+00  1.20656359e+00 
 9.84947600e-07  1.20000000e+00  1.20652769e+00 
 9.86047600e-07  1.20000000e+00  1.20649138e+00 
 9.87147600e-07  1.20000000e+00  1.20645468e+00 
 9.88247600e-07  1.20000000e+00  1.20641759e+00 
 9.89347600e-07  1.20000000e+00  1.20638014e+00 
 9.90447600e-07  1.20000000e+00  1.20634232e+00 
 9.91547600e-07  1.20000000e+00  1.20630415e+00 
 9.92647600e-07  1.20000000e+00  1.20626565e+00 
 9.93747600e-07  1.20000000e+00  1.20622681e+00 
 9.94847600e-07  1.20000000e+00  1.20618766e+00 
 9.95947600e-07  1.20000000e+00  1.20614821e+00 
 9.97047600e-07  1.20000000e+00  1.20610846e+00 
 9.98147600e-07  1.20000000e+00  1.20606843e+00 
 9.99247600e-07  1.20000000e+00  1.20602812e+00 
 1.00034760e-06  1.20000000e+00  1.20598755e+00 
 1.00144760e-06  1.20000000e+00  1.20594672e+00 
 1.00254760e-06  1.20000000e+00  1.20590566e+00 
 1.00364760e-06  1.20000000e+00  1.20586435e+00 
 1.00474760e-06  1.20000000e+00  1.20582283e+00 
 1.00584760e-06  1.20000000e+00  1.20578109e+00 
 1.00694760e-06  1.20000000e+00  1.20573915e+00 
 1.00804760e-06  1.20000000e+00  1.20569701e+00 
 1.00914760e-06  1.20000000e+00  1.20565469e+00 
 1.01024760e-06  1.20000000e+00  1.20561219e+00 
 1.01134760e-06  1.20000000e+00  1.20556953e+00 
 1.01244760e-06  1.20000000e+00  1.20552671e+00 
 1.01354760e-06  1.20000000e+00  1.20548374e+00 
 1.01464760e-06  1.20000000e+00  1.20544063e+00 
 1.01574760e-06  1.20000000e+00  1.20539739e+00 
 1.01684760e-06  1.20000000e+00  1.20535403e+00 
 1.01794760e-06  1.20000000e+00  1.20531056e+00 
 1.01904760e-06  1.20000000e+00  1.20526698e+00 
 1.02014760e-06  1.20000000e+00  1.20522330e+00 
 1.02124760e-06  1.20000000e+00  1.20517954e+00 
 1.02234760e-06  1.20000000e+00  1.20513569e+00 
 1.02344760e-06  1.20000000e+00  1.20509178e+00 
 1.02454760e-06  1.20000000e+00  1.20504780e+00 
 1.02564760e-06  1.20000000e+00  1.20500376e+00 
 1.02674760e-06  1.20000000e+00  1.20495967e+00 
 1.02784760e-06  1.20000000e+00  1.20491555e+00 
 1.02894760e-06  1.20000000e+00  1.20487139e+00 
 1.03004760e-06  1.20000000e+00  1.20482720e+00 
 1.03114760e-06  1.20000000e+00  1.20478300e+00 
 1.03224760e-06  1.20000000e+00  1.20473878e+00 
 1.03334760e-06  1.20000000e+00  1.20469456e+00 
 1.03444760e-06  1.20000000e+00  1.20465034e+00 
 1.03554760e-06  1.20000000e+00  1.20460614e+00 
 1.03664760e-06  1.20000000e+00  1.20456194e+00 
 1.03774760e-06  1.20000000e+00  1.20451778e+00 
 1.03884760e-06  1.20000000e+00  1.20447364e+00 
 1.03994760e-06  1.20000000e+00  1.20442953e+00 
 1.04104760e-06  1.20000000e+00  1.20438547e+00 
 1.04214760e-06  1.20000000e+00  1.20434146e+00 
 1.04324760e-06  1.20000000e+00  1.20429750e+00 
 1.04434760e-06  1.20000000e+00  1.20425361e+00 
 1.04544760e-06  1.20000000e+00  1.20420978e+00 
 1.04654760e-06  1.20000000e+00  1.20416602e+00 
 1.04764760e-06  1.20000000e+00  1.20412234e+00 
 1.04874760e-06  1.20000000e+00  1.20407875e+00 
 1.04984760e-06  1.20000000e+00  1.20403525e+00 
 1.05094760e-06  1.20000000e+00  1.20399184e+00 
 1.05204760e-06  1.20000000e+00  1.20394854e+00 
 1.05314760e-06  1.20000000e+00  1.20390534e+00 
 1.05424760e-06  1.20000000e+00  1.20386225e+00 
 1.05534760e-06  1.20000000e+00  1.20381928e+00 
 1.05644760e-06  1.20000000e+00  1.20377643e+00 
 1.05754760e-06  1.20000000e+00  1.20373370e+00 
 1.05864760e-06  1.20000000e+00  1.20369111e+00 
 1.05974760e-06  1.20000000e+00  1.20364866e+00 
 1.06084760e-06  1.20000000e+00  1.20360634e+00 
 1.06194760e-06  1.20000000e+00  1.20356417e+00 
 1.06304760e-06  1.20000000e+00  1.20352216e+00 
 1.06414760e-06  1.20000000e+00  1.20348029e+00 
 1.06524760e-06  1.20000000e+00  1.20343859e+00 
 1.06634760e-06  1.20000000e+00  1.20339705e+00 
 1.06744760e-06  1.20000000e+00  1.20335567e+00 
 1.06854760e-06  1.20000000e+00  1.20331447e+00 
 1.06964760e-06  1.20000000e+00  1.20327344e+00 
 1.07074760e-06  1.20000000e+00  1.20323259e+00 
 1.07184760e-06  1.20000000e+00  1.20319193e+00 
 1.07294760e-06  1.20000000e+00  1.20315145e+00 
 1.07404760e-06  1.20000000e+00  1.20311116e+00 
 1.07514760e-06  1.20000000e+00  1.20307107e+00 
 1.07624760e-06  1.20000000e+00  1.20303117e+00 
 1.07734760e-06  1.20000000e+00  1.20299147e+00 
 1.07844760e-06  1.20000000e+00  1.20295198e+00 
 1.07954760e-06  1.20000000e+00  1.20291270e+00 
 1.08064760e-06  1.20000000e+00  1.20287362e+00 
 1.08174760e-06  1.20000000e+00  1.20283476e+00 
 1.08284760e-06  1.20000000e+00  1.20279612e+00 
 1.08394760e-06  1.20000000e+00  1.20275770e+00 
 1.08504760e-06  1.20000000e+00  1.20271950e+00 
 1.08614760e-06  1.20000000e+00  1.20268152e+00 
 1.08724760e-06  1.20000000e+00  1.20264377e+00 
 1.08834760e-06  1.20000000e+00  1.20260625e+00 
 1.08944760e-06  1.20000000e+00  1.20256897e+00 
 1.09054760e-06  1.20000000e+00  1.20253192e+00 
 1.09164760e-06  1.20000000e+00  1.20249511e+00 
 1.09274760e-06  1.20000000e+00  1.20245853e+00 
 1.09384760e-06  1.20000000e+00  1.20242221e+00 
 1.09494760e-06  1.20000000e+00  1.20238612e+00 
 1.09604760e-06  1.20000000e+00  1.20235028e+00 
 1.09714760e-06  1.20000000e+00  1.20231469e+00 
 1.09824760e-06  1.20000000e+00  1.20227936e+00 
 1.09934760e-06  1.20000000e+00  1.20224427e+00 
 1.10000000e-06  1.20000000e+00  1.20222358e+00 
