 time            v(inp)          v(out)         
 0.00000000e+00  9.00000000e-01  9.00497993e-01 
 1.10000000e-11  9.00000000e-01  9.00497993e-01 
 2.20000000e-11  9.00000000e-01  9.00497993e-01 
 4.40000000e-11  9.00000000e-01  9.00497993e-01 
 8.80000000e-11  9.00000000e-01  9.00497993e-01 
 1.76000000e-10  9.00000000e-01  9.00497993e-01 
 3.52000000e-10  9.00000000e-01  9.00497993e-01 
 7.04000000e-10  9.00000000e-01  9.00497993e-01 
 1.40800000e-09  9.00000000e-01  9.00497993e-01 
 2.50800000e-09  9.00000000e-01  9.00497993e-01 
 3.60800000e-09  9.00000000e-01  9.00497993e-01 
 4.70800000e-09  9.00000000e-01  9.00497993e-01 
 5.80800000e-09  9.00000000e-01  9.00497993e-01 
 6.90800000e-09  9.00000000e-01  9.00497993e-01 
 8.00800000e-09  9.00000000e-01  9.00497993e-01 
 9.10800000e-09  9.00000000e-01  9.00497993e-01 
 1.02080000e-08  9.00000000e-01  9.00497993e-01 
 1.13080000e-08  9.00000000e-01  9.00497993e-01 
 1.24080000e-08  9.00000000e-01  9.00497993e-01 
 1.35080000e-08  9.00000000e-01  9.00497993e-01 
 1.46080000e-08  9.00000000e-01  9.00497993e-01 
 1.57080000e-08  9.00000000e-01  9.00497993e-01 
 1.68080000e-08  9.00000000e-01  9.00497993e-01 
 1.79080000e-08  9.00000000e-01  9.00497993e-01 
 1.90080000e-08  9.00000000e-01  9.00497993e-01 
 2.01080000e-08  9.00000000e-01  9.00497993e-01 
 2.12080000e-08  9.00000000e-01  9.00497993e-01 
 2.23080000e-08  9.00000000e-01  9.00497993e-01 
 2.34080000e-08  9.00000000e-01  9.00497993e-01 
 2.45080000e-08  9.00000000e-01  9.00497993e-01 
 2.56080000e-08  9.00000000e-01  9.00497993e-01 
 2.67080000e-08  9.00000000e-01  9.00497993e-01 
 2.78080000e-08  9.00000000e-01  9.00497993e-01 
 2.89080000e-08  9.00000000e-01  9.00497993e-01 
 3.00080000e-08  9.00000000e-01  9.00497993e-01 
 3.11080000e-08  9.00000000e-01  9.00497993e-01 
 3.22080000e-08  9.00000000e-01  9.00497993e-01 
 3.33080000e-08  9.00000000e-01  9.00497993e-01 
 3.44080000e-08  9.00000000e-01  9.00497993e-01 
 3.55080000e-08  9.00000000e-01  9.00497993e-01 
 3.66080000e-08  9.00000000e-01  9.00497993e-01 
 3.77080000e-08  9.00000000e-01  9.00497993e-01 
 3.88080000e-08  9.00000000e-01  9.00497993e-01 
 3.99080000e-08  9.00000000e-01  9.00497993e-01 
 4.10080000e-08  9.00000000e-01  9.00497993e-01 
 4.21080000e-08  9.00000000e-01  9.00497993e-01 
 4.32080000e-08  9.00000000e-01  9.00497993e-01 
 4.43080000e-08  9.00000000e-01  9.00497993e-01 
 4.54080000e-08  9.00000000e-01  9.00497993e-01 
 4.65080000e-08  9.00000000e-01  9.00497993e-01 
 4.76080000e-08  9.00000000e-01  9.00497993e-01 
 4.87080000e-08  9.00000000e-01  9.00497993e-01 
 4.98080000e-08  9.00000000e-01  9.00497993e-01 
 5.09080000e-08  9.00000000e-01  9.00497993e-01 
 5.20080000e-08  9.00000000e-01  9.00497993e-01 
 5.31080000e-08  9.00000000e-01  9.00497993e-01 
 5.42080000e-08  9.00000000e-01  9.00497993e-01 
 5.53080000e-08  9.00000000e-01  9.00497993e-01 
 5.64080000e-08  9.00000000e-01  9.00497993e-01 
 5.75080000e-08  9.00000000e-01  9.00497993e-01 
 5.86080000e-08  9.00000000e-01  9.00497993e-01 
 5.97080000e-08  9.00000000e-01  9.00497993e-01 
 6.08080000e-08  9.00000000e-01  9.00497993e-01 
 6.19080000e-08  9.00000000e-01  9.00497993e-01 
 6.30080000e-08  9.00000000e-01  9.00497993e-01 
 6.41080000e-08  9.00000000e-01  9.00497993e-01 
 6.52080000e-08  9.00000000e-01  9.00497993e-01 
 6.63080000e-08  9.00000000e-01  9.00497993e-01 
 6.74080000e-08  9.00000000e-01  9.00497993e-01 
 6.85080000e-08  9.00000000e-01  9.00497993e-01 
 6.96080000e-08  9.00000000e-01  9.00497993e-01 
 7.07080000e-08  9.00000000e-01  9.00497993e-01 
 7.18080000e-08  9.00000000e-01  9.00497993e-01 
 7.29080000e-08  9.00000000e-01  9.00497993e-01 
 7.40080000e-08  9.00000000e-01  9.00497993e-01 
 7.51080000e-08  9.00000000e-01  9.00497993e-01 
 7.62080000e-08  9.00000000e-01  9.00497993e-01 
 7.73080000e-08  9.00000000e-01  9.00497993e-01 
 7.84080000e-08  9.00000000e-01  9.00497993e-01 
 7.95080000e-08  9.00000000e-01  9.00497993e-01 
 8.06080000e-08  9.00000000e-01  9.00497993e-01 
 8.17080000e-08  9.00000000e-01  9.00497993e-01 
 8.28080000e-08  9.00000000e-01  9.00497993e-01 
 8.39080000e-08  9.00000000e-01  9.00497993e-01 
 8.50080000e-08  9.00000000e-01  9.00497993e-01 
 8.61080000e-08  9.00000000e-01  9.00497993e-01 
 8.72080000e-08  9.00000000e-01  9.00497993e-01 
 8.83080000e-08  9.00000000e-01  9.00497993e-01 
 8.94080000e-08  9.00000000e-01  9.00497993e-01 
 9.05080000e-08  9.00000000e-01  9.00497993e-01 
 9.16080000e-08  9.00000000e-01  9.00497993e-01 
 9.27080000e-08  9.00000000e-01  9.00497993e-01 
 9.38080000e-08  9.00000000e-01  9.00497993e-01 
 9.49080000e-08  9.00000000e-01  9.00497993e-01 
 9.60080000e-08  9.00000000e-01  9.00497993e-01 
 9.71080000e-08  9.00000000e-01  9.00497993e-01 
 9.82080000e-08  9.00000000e-01  9.00497993e-01 
 9.93080000e-08  9.00000000e-01  9.00497993e-01 
 1.00000000e-07  9.00000000e-01  9.00497993e-01 
 1.00001000e-07  9.01000000e-01  9.00499497e-01 
 1.00003000e-07  9.03000000e-01  9.00502519e-01 
 1.00007000e-07  9.07000000e-01  9.00508613e-01 
 1.00010000e-07  9.10000000e-01  9.00513218e-01 
 1.00010800e-07  9.10000000e-01  9.00513205e-01 
 1.00012400e-07  9.10000000e-01  9.00513181e-01 
 1.00015600e-07  9.10000000e-01  9.00513131e-01 
 1.00022000e-07  9.10000000e-01  9.00513031e-01 
 1.00034800e-07  9.10000000e-01  9.00512834e-01 
 1.00060400e-07  9.10000000e-01  9.00512442e-01 
 1.00111600e-07  9.10000000e-01  9.00511672e-01 
 1.00214000e-07  9.10000000e-01  9.00510183e-01 
 1.00418800e-07  9.10000000e-01  9.00507381e-01 
 1.00828400e-07  9.10000000e-01  9.00502291e-01 
 1.01647600e-07  9.10000000e-01  9.00493292e-01 
 1.02747600e-07  9.10000000e-01  9.00482347e-01 
 1.03847600e-07  9.10000000e-01  9.00471925e-01 
 1.04947600e-07  9.10000000e-01  9.00461843e-01 
 1.06047600e-07  9.10000000e-01  9.00452118e-01 
 1.07147600e-07  9.10000000e-01  9.00442806e-01 
 1.08247600e-07  9.10000000e-01  9.00433962e-01 
 1.09347600e-07  9.10000000e-01  9.00425639e-01 
 1.10447600e-07  9.10000000e-01  9.00417886e-01 
 1.11547600e-07  9.10000000e-01  9.00410749e-01 
 1.12647600e-07  9.10000000e-01  9.00404271e-01 
 1.13747600e-07  9.10000000e-01  9.00398492e-01 
 1.14847600e-07  9.10000000e-01  9.00393447e-01 
 1.15947600e-07  9.10000000e-01  9.00389170e-01 
 1.17047600e-07  9.10000000e-01  9.00385692e-01 
 1.18147600e-07  9.10000000e-01  9.00383042e-01 
 1.19247600e-07  9.10000000e-01  9.00381244e-01 
 1.20347600e-07  9.10000000e-01  9.00380323e-01 
 1.21447600e-07  9.10000000e-01  9.00380299e-01 
 1.22547600e-07  9.10000000e-01  9.00381192e-01 
 1.23647600e-07  9.10000000e-01  9.00383020e-01 
 1.24747600e-07  9.10000000e-01  9.00385797e-01 
 1.25847600e-07  9.10000000e-01  9.00389537e-01 
 1.26947600e-07  9.10000000e-01  9.00394252e-01 
 1.28047600e-07  9.10000000e-01  9.00399952e-01 
 1.29147600e-07  9.10000000e-01  9.00406647e-01 
 1.30247600e-07  9.10000000e-01  9.00414343e-01 
 1.31347600e-07  9.10000000e-01  9.00423048e-01 
 1.32447600e-07  9.10000000e-01  9.00432764e-01 
 1.33547600e-07  9.10000000e-01  9.00443497e-01 
 1.34647600e-07  9.10000000e-01  9.00455248e-01 
 1.35747600e-07  9.10000000e-01  9.00468019e-01 
 1.36847600e-07  9.10000000e-01  9.00481810e-01 
 1.37947600e-07  9.10000000e-01  9.00496620e-01 
 1.39047600e-07  9.10000000e-01  9.00512448e-01 
 1.40147600e-07  9.10000000e-01  9.00529292e-01 
 1.41247600e-07  9.10000000e-01  9.00547147e-01 
 1.42347600e-07  9.10000000e-01  9.00566010e-01 
 1.43447600e-07  9.10000000e-01  9.00585877e-01 
 1.44547600e-07  9.10000000e-01  9.00606741e-01 
 1.45647600e-07  9.10000000e-01  9.00628597e-01 
 1.46747600e-07  9.10000000e-01  9.00651438e-01 
 1.47847600e-07  9.10000000e-01  9.00675256e-01 
 1.48947600e-07  9.10000000e-01  9.00700044e-01 
 1.50047600e-07  9.10000000e-01  9.00725792e-01 
 1.51147600e-07  9.10000000e-01  9.00752493e-01 
 1.52247600e-07  9.10000000e-01  9.00780137e-01 
 1.53347600e-07  9.10000000e-01  9.00808715e-01 
 1.54447600e-07  9.10000000e-01  9.00838215e-01 
 1.55547600e-07  9.10000000e-01  9.00868628e-01 
 1.56647600e-07  9.10000000e-01  9.00899942e-01 
 1.57747600e-07  9.10000000e-01  9.00932147e-01 
 1.58847600e-07  9.10000000e-01  9.00965231e-01 
 1.59947600e-07  9.10000000e-01  9.00999182e-01 
 1.61047600e-07  9.10000000e-01  9.01033989e-01 
 1.62147600e-07  9.10000000e-01  9.01069638e-01 
 1.63247600e-07  9.10000000e-01  9.01106118e-01 
 1.64347600e-07  9.10000000e-01  9.01143415e-01 
 1.65447600e-07  9.10000000e-01  9.01181518e-01 
 1.66547600e-07  9.10000000e-01  9.01220412e-01 
 1.67647600e-07  9.10000000e-01  9.01260086e-01 
 1.68747600e-07  9.10000000e-01  9.01300524e-01 
 1.69847600e-07  9.10000000e-01  9.01341714e-01 
 1.70947600e-07  9.10000000e-01  9.01383643e-01 
 1.72047600e-07  9.10000000e-01  9.01426296e-01 
 1.73147600e-07  9.10000000e-01  9.01469660e-01 
 1.74247600e-07  9.10000000e-01  9.01513722e-01 
 1.75347600e-07  9.10000000e-01  9.01558466e-01 
 1.76447600e-07  9.10000000e-01  9.01603879e-01 
 1.77547600e-07  9.10000000e-01  9.01649948e-01 
 1.78647600e-07  9.10000000e-01  9.01696658e-01 
 1.79747600e-07  9.10000000e-01  9.01743995e-01 
 1.80847600e-07  9.10000000e-01  9.01791945e-01 
 1.81947600e-07  9.10000000e-01  9.01840493e-01 
 1.83047600e-07  9.10000000e-01  9.01889627e-01 
 1.84147600e-07  9.10000000e-01  9.01939331e-01 
 1.85247600e-07  9.10000000e-01  9.01989592e-01 
 1.86347600e-07  9.10000000e-01  9.02040396e-01 
 1.87447600e-07  9.10000000e-01  9.02091728e-01 
 1.88547600e-07  9.10000000e-01  9.02143575e-01 
 1.89647600e-07  9.10000000e-01  9.02195922e-01 
 1.90747600e-07  9.10000000e-01  9.02248757e-01 
 1.91847600e-07  9.10000000e-01  9.02302064e-01 
 1.92947600e-07  9.10000000e-01  9.02355830e-01 
 1.94047600e-07  9.10000000e-01  9.02410042e-01 
 1.95147600e-07  9.10000000e-01  9.02464685e-01 
 1.96247600e-07  9.10000000e-01  9.02519746e-01 
 1.97347600e-07  9.10000000e-01  9.02575213e-01 
 1.98447600e-07  9.10000000e-01  9.02631070e-01 
 1.99547600e-07  9.10000000e-01  9.02687305e-01 
 2.00647600e-07  9.10000000e-01  9.02743904e-01 
 2.01747600e-07  9.10000000e-01  9.02800855e-01 
 2.02847600e-07  9.10000000e-01  9.02858144e-01 
 2.03947600e-07  9.10000000e-01  9.02915758e-01 
 2.05047600e-07  9.10000000e-01  9.02973684e-01 
 2.06147600e-07  9.10000000e-01  9.03031910e-01 
 2.07247600e-07  9.10000000e-01  9.03090422e-01 
 2.08347600e-07  9.10000000e-01  9.03149208e-01 
 2.09447600e-07  9.10000000e-01  9.03208257e-01 
 2.10547600e-07  9.10000000e-01  9.03267554e-01 
 2.11647600e-07  9.10000000e-01  9.03327088e-01 
 2.12747600e-07  9.10000000e-01  9.03386847e-01 
 2.13847600e-07  9.10000000e-01  9.03446819e-01 
 2.14947600e-07  9.10000000e-01  9.03506991e-01 
 2.16047600e-07  9.10000000e-01  9.03567353e-01 
 2.17147600e-07  9.10000000e-01  9.03627891e-01 
 2.18247600e-07  9.10000000e-01  9.03688596e-01 
 2.19347600e-07  9.10000000e-01  9.03749454e-01 
 2.20447600e-07  9.10000000e-01  9.03810456e-01 
 2.21547600e-07  9.10000000e-01  9.03871589e-01 
 2.22647600e-07  9.10000000e-01  9.03932842e-01 
 2.23747600e-07  9.10000000e-01  9.03994205e-01 
 2.24847600e-07  9.10000000e-01  9.04055667e-01 
 2.25947600e-07  9.10000000e-01  9.04117217e-01 
 2.27047600e-07  9.10000000e-01  9.04178845e-01 
 2.28147600e-07  9.10000000e-01  9.04240539e-01 
 2.29247600e-07  9.10000000e-01  9.04302290e-01 
 2.30347600e-07  9.10000000e-01  9.04364088e-01 
 2.31447600e-07  9.10000000e-01  9.04425922e-01 
 2.32547600e-07  9.10000000e-01  9.04487782e-01 
 2.33647600e-07  9.10000000e-01  9.04549660e-01 
 2.34747600e-07  9.10000000e-01  9.04611544e-01 
 2.35847600e-07  9.10000000e-01  9.04673425e-01 
 2.36947600e-07  9.10000000e-01  9.04735295e-01 
 2.38047600e-07  9.10000000e-01  9.04797143e-01 
 2.39147600e-07  9.10000000e-01  9.04858961e-01 
 2.40247600e-07  9.10000000e-01  9.04920740e-01 
 2.41347600e-07  9.10000000e-01  9.04982470e-01 
 2.42447600e-07  9.10000000e-01  9.05044143e-01 
 2.43547600e-07  9.10000000e-01  9.05105751e-01 
 2.44647600e-07  9.10000000e-01  9.05167284e-01 
 2.45747600e-07  9.10000000e-01  9.05228735e-01 
 2.46847600e-07  9.10000000e-01  9.05290094e-01 
 2.47947600e-07  9.10000000e-01  9.05351355e-01 
 2.49047600e-07  9.10000000e-01  9.05412509e-01 
 2.50147600e-07  9.10000000e-01  9.05473548e-01 
 2.51247600e-07  9.10000000e-01  9.05534465e-01 
 2.52347600e-07  9.10000000e-01  9.05595251e-01 
 2.53447600e-07  9.10000000e-01  9.05655900e-01 
 2.54547600e-07  9.10000000e-01  9.05716404e-01 
 2.55647600e-07  9.10000000e-01  9.05776756e-01 
 2.56747600e-07  9.10000000e-01  9.05836949e-01 
 2.57847600e-07  9.10000000e-01  9.05896975e-01 
 2.58947600e-07  9.10000000e-01  9.05956829e-01 
 2.60047600e-07  9.10000000e-01  9.06016502e-01 
 2.61147600e-07  9.10000000e-01  9.06075990e-01 
 2.62247600e-07  9.10000000e-01  9.06135284e-01 
 2.63347600e-07  9.10000000e-01  9.06194380e-01 
 2.64447600e-07  9.10000000e-01  9.06253270e-01 
 2.65547600e-07  9.10000000e-01  9.06311948e-01 
 2.66647600e-07  9.10000000e-01  9.06370409e-01 
 2.67747600e-07  9.10000000e-01  9.06428647e-01 
 2.68847600e-07  9.10000000e-01  9.06486656e-01 
 2.69947600e-07  9.10000000e-01  9.06544430e-01 
 2.71047600e-07  9.10000000e-01  9.06601963e-01 
 2.72147600e-07  9.10000000e-01  9.06659252e-01 
 2.73247600e-07  9.10000000e-01  9.06716289e-01 
 2.74347600e-07  9.10000000e-01  9.06773070e-01 
 2.75447600e-07  9.10000000e-01  9.06829591e-01 
 2.76547600e-07  9.10000000e-01  9.06885845e-01 
 2.77647600e-07  9.10000000e-01  9.06941828e-01 
 2.78747600e-07  9.10000000e-01  9.06997536e-01 
 2.79847600e-07  9.10000000e-01  9.07052964e-01 
 2.80947600e-07  9.10000000e-01  9.07108107e-01 
 2.82047600e-07  9.10000000e-01  9.07162962e-01 
 2.83147600e-07  9.10000000e-01  9.07217523e-01 
 2.84247600e-07  9.10000000e-01  9.07271786e-01 
 2.85347600e-07  9.10000000e-01  9.07325749e-01 
 2.86447600e-07  9.10000000e-01  9.07379405e-01 
 2.87547600e-07  9.10000000e-01  9.07432753e-01 
 2.88647600e-07  9.10000000e-01  9.07485788e-01 
 2.89747600e-07  9.10000000e-01  9.07538506e-01 
 2.90847600e-07  9.10000000e-01  9.07590904e-01 
 2.91947600e-07  9.10000000e-01  9.07642978e-01 
 2.93047600e-07  9.10000000e-01  9.07694726e-01 
 2.94147600e-07  9.10000000e-01  9.07746143e-01 
 2.95247600e-07  9.10000000e-01  9.07797227e-01 
 2.96347600e-07  9.10000000e-01  9.07847975e-01 
 2.97447600e-07  9.10000000e-01  9.07898384e-01 
 2.98547600e-07  9.10000000e-01  9.07948451e-01 
 2.99647600e-07  9.10000000e-01  9.07998173e-01 
 3.00747600e-07  9.10000000e-01  9.08047547e-01 
 3.01847600e-07  9.10000000e-01  9.08096572e-01 
 3.02947600e-07  9.10000000e-01  9.08145244e-01 
 3.04047600e-07  9.10000000e-01  9.08193561e-01 
 3.05147600e-07  9.10000000e-01  9.08241521e-01 
 3.06247600e-07  9.10000000e-01  9.08289122e-01 
 3.07347600e-07  9.10000000e-01  9.08336362e-01 
 3.08447600e-07  9.10000000e-01  9.08383238e-01 
 3.09547600e-07  9.10000000e-01  9.08429748e-01 
 3.10647600e-07  9.10000000e-01  9.08475892e-01 
 3.11747600e-07  9.10000000e-01  9.08521667e-01 
 3.12847600e-07  9.10000000e-01  9.08567070e-01 
 3.13947600e-07  9.10000000e-01  9.08612102e-01 
 3.15047600e-07  9.10000000e-01  9.08656760e-01 
 3.16147600e-07  9.10000000e-01  9.08701043e-01 
 3.17247600e-07  9.10000000e-01  9.08744949e-01 
 3.18347600e-07  9.10000000e-01  9.08788478e-01 
 3.19447600e-07  9.10000000e-01  9.08831627e-01 
 3.20547600e-07  9.10000000e-01  9.08874396e-01 
 3.21647600e-07  9.10000000e-01  9.08916785e-01 
 3.22747600e-07  9.10000000e-01  9.08958791e-01 
 3.23847600e-07  9.10000000e-01  9.09000414e-01 
 3.24947600e-07  9.10000000e-01  9.09041653e-01 
 3.26047600e-07  9.10000000e-01  9.09082508e-01 
 3.27147600e-07  9.10000000e-01  9.09122977e-01 
 3.28247600e-07  9.10000000e-01  9.09163060e-01 
 3.29347600e-07  9.10000000e-01  9.09202757e-01 
 3.30447600e-07  9.10000000e-01  9.09242067e-01 
 3.31547600e-07  9.10000000e-01  9.09280990e-01 
 3.32647600e-07  9.10000000e-01  9.09319525e-01 
 3.33747600e-07  9.10000000e-01  9.09357673e-01 
 3.34847600e-07  9.10000000e-01  9.09395432e-01 
 3.35947600e-07  9.10000000e-01  9.09432803e-01 
 3.37047600e-07  9.10000000e-01  9.09469785e-01 
 3.38147600e-07  9.10000000e-01  9.09506380e-01 
 3.39247600e-07  9.10000000e-01  9.09542586e-01 
 3.40347600e-07  9.10000000e-01  9.09578403e-01 
 3.41447600e-07  9.10000000e-01  9.09613833e-01 
 3.42547600e-07  9.10000000e-01  9.09648875e-01 
 3.43647600e-07  9.10000000e-01  9.09683529e-01 
 3.44747600e-07  9.10000000e-01  9.09717796e-01 
 3.45847600e-07  9.10000000e-01  9.09751676e-01 
 3.46947600e-07  9.10000000e-01  9.09785170e-01 
 3.48047600e-07  9.10000000e-01  9.09818278e-01 
 3.49147600e-07  9.10000000e-01  9.09851001e-01 
 3.50247600e-07  9.10000000e-01  9.09883339e-01 
 3.51347600e-07  9.10000000e-01  9.09915293e-01 
 3.52447600e-07  9.10000000e-01  9.09946863e-01 
 3.53547600e-07  9.10000000e-01  9.09978051e-01 
 3.54647600e-07  9.10000000e-01  9.10008857e-01 
 3.55747600e-07  9.10000000e-01  9.10039282e-01 
 3.56847600e-07  9.10000000e-01  9.10069327e-01 
 3.57947600e-07  9.10000000e-01  9.10098993e-01 
 3.59047600e-07  9.10000000e-01  9.10128281e-01 
 3.60147600e-07  9.10000000e-01  9.10157191e-01 
 3.61247600e-07  9.10000000e-01  9.10185726e-01 
 3.62347600e-07  9.10000000e-01  9.10213886e-01 
 3.63447600e-07  9.10000000e-01  9.10241672e-01 
 3.64547600e-07  9.10000000e-01  9.10269085e-01 
 3.65647600e-07  9.10000000e-01  9.10296127e-01 
 3.66747600e-07  9.10000000e-01  9.10322799e-01 
 3.67847600e-07  9.10000000e-01  9.10349103e-01 
 3.68947600e-07  9.10000000e-01  9.10375039e-01 
 3.70047600e-07  9.10000000e-01  9.10400609e-01 
 3.71147600e-07  9.10000000e-01  9.10425814e-01 
 3.72247600e-07  9.10000000e-01  9.10450657e-01 
 3.73347600e-07  9.10000000e-01  9.10475138e-01 
 3.74447600e-07  9.10000000e-01  9.10499259e-01 
 3.75547600e-07  9.10000000e-01  9.10523021e-01 
 3.76647600e-07  9.10000000e-01  9.10546427e-01 
 3.77747600e-07  9.10000000e-01  9.10569478e-01 
 3.78847600e-07  9.10000000e-01  9.10592175e-01 
 3.79947600e-07  9.10000000e-01  9.10614520e-01 
 3.81047600e-07  9.10000000e-01  9.10636515e-01 
 3.82147600e-07  9.10000000e-01  9.10658162e-01 
 3.83247600e-07  9.10000000e-01  9.10679462e-01 
 3.84347600e-07  9.10000000e-01  9.10700418e-01 
 3.85447600e-07  9.10000000e-01  9.10721030e-01 
 3.86547600e-07  9.10000000e-01  9.10741302e-01 
 3.87647600e-07  9.10000000e-01  9.10761234e-01 
 3.88747600e-07  9.10000000e-01  9.10780830e-01 
 3.89847600e-07  9.10000000e-01  9.10800089e-01 
 3.90947600e-07  9.10000000e-01  9.10819016e-01 
 3.92047600e-07  9.10000000e-01  9.10837611e-01 
 3.93147600e-07  9.10000000e-01  9.10855877e-01 
 3.94247600e-07  9.10000000e-01  9.10873816e-01 
 3.95347600e-07  9.10000000e-01  9.10891429e-01 
 3.96447600e-07  9.10000000e-01  9.10908719e-01 
 3.97547600e-07  9.10000000e-01  9.10925689e-01 
 3.98647600e-07  9.10000000e-01  9.10942339e-01 
 3.99747600e-07  9.10000000e-01  9.10958672e-01 
 4.00847600e-07  9.10000000e-01  9.10974691e-01 
 4.01947600e-07  9.10000000e-01  9.10990397e-01 
 4.03047600e-07  9.10000000e-01  9.11005793e-01 
 4.04147600e-07  9.10000000e-01  9.11020880e-01 
 4.05247600e-07  9.10000000e-01  9.11035662e-01 
 4.06347600e-07  9.10000000e-01  9.11050140e-01 
 4.07447600e-07  9.10000000e-01  9.11064317e-01 
 4.08547600e-07  9.10000000e-01  9.11078194e-01 
 4.09647600e-07  9.10000000e-01  9.11091774e-01 
 4.10747600e-07  9.10000000e-01  9.11105060e-01 
 4.11847600e-07  9.10000000e-01  9.11118053e-01 
 4.12947600e-07  9.10000000e-01  9.11130757e-01 
 4.14047600e-07  9.10000000e-01  9.11143172e-01 
 4.15147600e-07  9.10000000e-01  9.11155303e-01 
 4.16247600e-07  9.10000000e-01  9.11167150e-01 
 4.17347600e-07  9.10000000e-01  9.11178716e-01 
 4.18447600e-07  9.10000000e-01  9.11190004e-01 
 4.19547600e-07  9.10000000e-01  9.11201016e-01 
 4.20647600e-07  9.10000000e-01  9.11211755e-01 
 4.21747600e-07  9.10000000e-01  9.11222222e-01 
 4.22847600e-07  9.10000000e-01  9.11232420e-01 
 4.23947600e-07  9.10000000e-01  9.11242352e-01 
 4.25047600e-07  9.10000000e-01  9.11252020e-01 
 4.26147600e-07  9.10000000e-01  9.11261426e-01 
 4.27247600e-07  9.10000000e-01  9.11270573e-01 
 4.28347600e-07  9.10000000e-01  9.11279463e-01 
 4.29447600e-07  9.10000000e-01  9.11288099e-01 
 4.30547600e-07  9.10000000e-01  9.11296483e-01 
 4.31647600e-07  9.10000000e-01  9.11304617e-01 
 4.32747600e-07  9.10000000e-01  9.11312504e-01 
 4.33847600e-07  9.10000000e-01  9.11320146e-01 
 4.34947600e-07  9.10000000e-01  9.11327546e-01 
 4.36047600e-07  9.10000000e-01  9.11334706e-01 
 4.37147600e-07  9.10000000e-01  9.11341629e-01 
 4.38247600e-07  9.10000000e-01  9.11348317e-01 
 4.39347600e-07  9.10000000e-01  9.11354772e-01 
 4.40447600e-07  9.10000000e-01  9.11360998e-01 
 4.41547600e-07  9.10000000e-01  9.11366995e-01 
 4.42647600e-07  9.10000000e-01  9.11372768e-01 
 4.43747600e-07  9.10000000e-01  9.11378318e-01 
 4.44847600e-07  9.10000000e-01  9.11383647e-01 
 4.45947600e-07  9.10000000e-01  9.11388759e-01 
 4.47047600e-07  9.10000000e-01  9.11393655e-01 
 4.48147600e-07  9.10000000e-01  9.11398338e-01 
 4.49247600e-07  9.10000000e-01  9.11402810e-01 
 4.50347600e-07  9.10000000e-01  9.11407075e-01 
 4.51447600e-07  9.10000000e-01  9.11411133e-01 
 4.52547600e-07  9.10000000e-01  9.11414989e-01 
 4.53647600e-07  9.10000000e-01  9.11418643e-01 
 4.54747600e-07  9.10000000e-01  9.11422099e-01 
 4.55847600e-07  9.10000000e-01  9.11425359e-01 
 4.56947600e-07  9.10000000e-01  9.11428425e-01 
 4.58047600e-07  9.10000000e-01  9.11431299e-01 
 4.59147600e-07  9.10000000e-01  9.11433985e-01 
 4.60247600e-07  9.10000000e-01  9.11436485e-01 
 4.61347600e-07  9.10000000e-01  9.11438800e-01 
 4.62447600e-07  9.10000000e-01  9.11440933e-01 
 4.63547600e-07  9.10000000e-01  9.11442887e-01 
 4.64647600e-07  9.10000000e-01  9.11444664e-01 
 4.65747600e-07  9.10000000e-01  9.11446266e-01 
 4.66847600e-07  9.10000000e-01  9.11447696e-01 
 4.67947600e-07  9.10000000e-01  9.11448955e-01 
 4.69047600e-07  9.10000000e-01  9.11450047e-01 
 4.70147600e-07  9.10000000e-01  9.11450974e-01 
 4.71247600e-07  9.10000000e-01  9.11451737e-01 
 4.72347600e-07  9.10000000e-01  9.11452340e-01 
 4.73447600e-07  9.10000000e-01  9.11452784e-01 
 4.74547600e-07  9.10000000e-01  9.11453072e-01 
 4.75647600e-07  9.10000000e-01  9.11453206e-01 
 4.76747600e-07  9.10000000e-01  9.11453188e-01 
 4.77847600e-07  9.10000000e-01  9.11453021e-01 
 4.78947600e-07  9.10000000e-01  9.11452707e-01 
 4.80047600e-07  9.10000000e-01  9.11452248e-01 
 4.81147600e-07  9.10000000e-01  9.11451646e-01 
 4.82247600e-07  9.10000000e-01  9.11450903e-01 
 4.83347600e-07  9.10000000e-01  9.11450022e-01 
 4.84447600e-07  9.10000000e-01  9.11449005e-01 
 4.85547600e-07  9.10000000e-01  9.11447854e-01 
 4.86647600e-07  9.10000000e-01  9.11446571e-01 
 4.87747600e-07  9.10000000e-01  9.11445159e-01 
 4.88847600e-07  9.10000000e-01  9.11443619e-01 
 4.89947600e-07  9.10000000e-01  9.11441954e-01 
 4.91047600e-07  9.10000000e-01  9.11440165e-01 
 4.92147600e-07  9.10000000e-01  9.11438255e-01 
 4.93247600e-07  9.10000000e-01  9.11436227e-01 
 4.94347600e-07  9.10000000e-01  9.11434081e-01 
 4.95447600e-07  9.10000000e-01  9.11431821e-01 
 4.96547600e-07  9.10000000e-01  9.11429447e-01 
 4.97647600e-07  9.10000000e-01  9.11426963e-01 
 4.98747600e-07  9.10000000e-01  9.11424370e-01 
 4.99847600e-07  9.10000000e-01  9.11421671e-01 
 5.00947600e-07  9.10000000e-01  9.11418866e-01 
 5.02047600e-07  9.10000000e-01  9.11415959e-01 
 5.03147600e-07  9.10000000e-01  9.11412952e-01 
 5.04247600e-07  9.10000000e-01  9.11409845e-01 
 5.05347600e-07  9.10000000e-01  9.11406642e-01 
 5.06447600e-07  9.10000000e-01  9.11403343e-01 
 5.07547600e-07  9.10000000e-01  9.11399952e-01 
 5.08647600e-07  9.10000000e-01  9.11396470e-01 
 5.09747600e-07  9.10000000e-01  9.11392898e-01 
 5.10847600e-07  9.10000000e-01  9.11389240e-01 
 5.11947600e-07  9.10000000e-01  9.11385495e-01 
 5.13047600e-07  9.10000000e-01  9.11381668e-01 
 5.14147600e-07  9.10000000e-01  9.11377758e-01 
 5.15247600e-07  9.10000000e-01  9.11373769e-01 
 5.16347600e-07  9.10000000e-01  9.11369701e-01 
 5.17447600e-07  9.10000000e-01  9.11365558e-01 
 5.18547600e-07  9.10000000e-01  9.11361340e-01 
 5.19647600e-07  9.10000000e-01  9.11357049e-01 
 5.20747600e-07  9.10000000e-01  9.11352687e-01 
 5.21847600e-07  9.10000000e-01  9.11348256e-01 
 5.22947600e-07  9.10000000e-01  9.11343757e-01 
 5.24047600e-07  9.10000000e-01  9.11339192e-01 
 5.25147600e-07  9.10000000e-01  9.11334564e-01 
 5.26247600e-07  9.10000000e-01  9.11329873e-01 
 5.27347600e-07  9.10000000e-01  9.11325121e-01 
 5.28447600e-07  9.10000000e-01  9.11320310e-01 
 5.29547600e-07  9.10000000e-01  9.11315441e-01 
 5.30647600e-07  9.10000000e-01  9.11310517e-01 
 5.31747600e-07  9.10000000e-01  9.11305538e-01 
 5.32847600e-07  9.10000000e-01  9.11300506e-01 
 5.33947600e-07  9.10000000e-01  9.11295424e-01 
 5.35047600e-07  9.10000000e-01  9.11290292e-01 
 5.36147600e-07  9.10000000e-01  9.11285111e-01 
 5.37247600e-07  9.10000000e-01  9.11279885e-01 
 5.38347600e-07  9.10000000e-01  9.11274613e-01 
 5.39447600e-07  9.10000000e-01  9.11269298e-01 
 5.40547600e-07  9.10000000e-01  9.11263940e-01 
 5.41647600e-07  9.10000000e-01  9.11258543e-01 
 5.42747600e-07  9.10000000e-01  9.11253106e-01 
 5.43847600e-07  9.10000000e-01  9.11247631e-01 
 5.44947600e-07  9.10000000e-01  9.11242120e-01 
 5.46047600e-07  9.10000000e-01  9.11236574e-01 
 5.47147600e-07  9.10000000e-01  9.11230995e-01 
 5.48247600e-07  9.10000000e-01  9.11225384e-01 
 5.49347600e-07  9.10000000e-01  9.11219742e-01 
 5.50447600e-07  9.10000000e-01  9.11214070e-01 
 5.51547600e-07  9.10000000e-01  9.11208370e-01 
 5.52647600e-07  9.10000000e-01  9.11202644e-01 
 5.53747600e-07  9.10000000e-01  9.11196892e-01 
 5.54847600e-07  9.10000000e-01  9.11191116e-01 
 5.55947600e-07  9.10000000e-01  9.11185317e-01 
 5.57047600e-07  9.10000000e-01  9.11179496e-01 
 5.58147600e-07  9.10000000e-01  9.11173655e-01 
 5.59247600e-07  9.10000000e-01  9.11167795e-01 
 5.60347600e-07  9.10000000e-01  9.11161917e-01 
 5.61447600e-07  9.10000000e-01  9.11156022e-01 
 5.62547600e-07  9.10000000e-01  9.11150111e-01 
 5.63647600e-07  9.10000000e-01  9.11144185e-01 
 5.64747600e-07  9.10000000e-01  9.11138247e-01 
 5.65847600e-07  9.10000000e-01  9.11132296e-01 
 5.66947600e-07  9.10000000e-01  9.11126334e-01 
 5.68047600e-07  9.10000000e-01  9.11120362e-01 
 5.69147600e-07  9.10000000e-01  9.11114381e-01 
 5.70247600e-07  9.10000000e-01  9.11108392e-01 
 5.71347600e-07  9.10000000e-01  9.11102397e-01 
 5.72447600e-07  9.10000000e-01  9.11096396e-01 
 5.73547600e-07  9.10000000e-01  9.11090390e-01 
 5.74647600e-07  9.10000000e-01  9.11084380e-01 
 5.75747600e-07  9.10000000e-01  9.11078368e-01 
 5.76847600e-07  9.10000000e-01  9.11072354e-01 
 5.77947600e-07  9.10000000e-01  9.11066339e-01 
 5.79047600e-07  9.10000000e-01  9.11060324e-01 
 5.80147600e-07  9.10000000e-01  9.11054311e-01 
 5.81247600e-07  9.10000000e-01  9.11048299e-01 
 5.82347600e-07  9.10000000e-01  9.11042291e-01 
 5.83447600e-07  9.10000000e-01  9.11036286e-01 
 5.84547600e-07  9.10000000e-01  9.11030286e-01 
 5.85647600e-07  9.10000000e-01  9.11024292e-01 
 5.86747600e-07  9.10000000e-01  9.11018305e-01 
 5.87847600e-07  9.10000000e-01  9.11012324e-01 
 5.88947600e-07  9.10000000e-01  9.11006352e-01 
 5.90047600e-07  9.10000000e-01  9.11000389e-01 
 5.91147600e-07  9.10000000e-01  9.10994436e-01 
 5.92247600e-07  9.10000000e-01  9.10988493e-01 
 5.93347600e-07  9.10000000e-01  9.10982562e-01 
 5.94447600e-07  9.10000000e-01  9.10976643e-01 
 5.95547600e-07  9.10000000e-01  9.10970736e-01 
 5.96647600e-07  9.10000000e-01  9.10964844e-01 
 5.97747600e-07  9.10000000e-01  9.10958965e-01 
 5.98847600e-07  9.10000000e-01  9.10953102e-01 
 5.99947600e-07  9.10000000e-01  9.10947254e-01 
 6.01047600e-07  9.10000000e-01  9.10941423e-01 
 6.02147600e-07  9.10000000e-01  9.10935609e-01 
 6.03247600e-07  9.10000000e-01  9.10929813e-01 
 6.04347600e-07  9.10000000e-01  9.10924035e-01 
 6.05447600e-07  9.10000000e-01  9.10918277e-01 
 6.06547600e-07  9.10000000e-01  9.10912537e-01 
 6.07647600e-07  9.10000000e-01  9.10906819e-01 
 6.08747600e-07  9.10000000e-01  9.10901121e-01 
 6.09847600e-07  9.10000000e-01  9.10895444e-01 
 6.10947600e-07  9.10000000e-01  9.10889790e-01 
 6.12047600e-07  9.10000000e-01  9.10884158e-01 
 6.13147600e-07  9.10000000e-01  9.10878549e-01 
 6.14247600e-07  9.10000000e-01  9.10872964e-01 
 6.15347600e-07  9.10000000e-01  9.10867404e-01 
 6.16447600e-07  9.10000000e-01  9.10861868e-01 
 6.17547600e-07  9.10000000e-01  9.10856357e-01 
 6.18647600e-07  9.10000000e-01  9.10850872e-01 
 6.19747600e-07  9.10000000e-01  9.10845413e-01 
 6.20847600e-07  9.10000000e-01  9.10839981e-01 
 6.21947600e-07  9.10000000e-01  9.10834576e-01 
 6.23047600e-07  9.10000000e-01  9.10829198e-01 
 6.24147600e-07  9.10000000e-01  9.10823849e-01 
 6.25247600e-07  9.10000000e-01  9.10818528e-01 
 6.26347600e-07  9.10000000e-01  9.10813236e-01 
 6.27447600e-07  9.10000000e-01  9.10807973e-01 
 6.28547600e-07  9.10000000e-01  9.10802740e-01 
 6.29647600e-07  9.10000000e-01  9.10797537e-01 
 6.30747600e-07  9.10000000e-01  9.10792364e-01 
 6.31847600e-07  9.10000000e-01  9.10787222e-01 
 6.32947600e-07  9.10000000e-01  9.10782111e-01 
 6.34047600e-07  9.10000000e-01  9.10777032e-01 
 6.35147600e-07  9.10000000e-01  9.10771985e-01 
 6.36247600e-07  9.10000000e-01  9.10766969e-01 
 6.37347600e-07  9.10000000e-01  9.10761986e-01 
 6.38447600e-07  9.10000000e-01  9.10757036e-01 
 6.39547600e-07  9.10000000e-01  9.10752119e-01 
 6.40647600e-07  9.10000000e-01  9.10747235e-01 
 6.41747600e-07  9.10000000e-01  9.10742385e-01 
 6.42847600e-07  9.10000000e-01  9.10737568e-01 
 6.43947600e-07  9.10000000e-01  9.10732786e-01 
 6.45047600e-07  9.10000000e-01  9.10728038e-01 
 6.46147600e-07  9.10000000e-01  9.10723325e-01 
 6.47247600e-07  9.10000000e-01  9.10718646e-01 
 6.48347600e-07  9.10000000e-01  9.10714003e-01 
 6.49447600e-07  9.10000000e-01  9.10709395e-01 
 6.50547600e-07  9.10000000e-01  9.10704822e-01 
 6.51647600e-07  9.10000000e-01  9.10700285e-01 
 6.52747600e-07  9.10000000e-01  9.10695784e-01 
 6.53847600e-07  9.10000000e-01  9.10691318e-01 
 6.54947600e-07  9.10000000e-01  9.10686889e-01 
 6.56047600e-07  9.10000000e-01  9.10682497e-01 
 6.57147600e-07  9.10000000e-01  9.10678140e-01 
 6.58247600e-07  9.10000000e-01  9.10673821e-01 
 6.59347600e-07  9.10000000e-01  9.10669538e-01 
 6.60447600e-07  9.10000000e-01  9.10665292e-01 
 6.61547600e-07  9.10000000e-01  9.10661083e-01 
 6.62647600e-07  9.10000000e-01  9.10656911e-01 
 6.63747600e-07  9.10000000e-01  9.10652777e-01 
 6.64847600e-07  9.10000000e-01  9.10648680e-01 
 6.65947600e-07  9.10000000e-01  9.10644620e-01 
 6.67047600e-07  9.10000000e-01  9.10640598e-01 
 6.68147600e-07  9.10000000e-01  9.10636613e-01 
 6.69247600e-07  9.10000000e-01  9.10632666e-01 
 6.70347600e-07  9.10000000e-01  9.10628757e-01 
 6.71447600e-07  9.10000000e-01  9.10624885e-01 
 6.72547600e-07  9.10000000e-01  9.10621052e-01 
 6.73647600e-07  9.10000000e-01  9.10617256e-01 
 6.74747600e-07  9.10000000e-01  9.10613498e-01 
 6.75847600e-07  9.10000000e-01  9.10609778e-01 
 6.76947600e-07  9.10000000e-01  9.10606096e-01 
 6.78047600e-07  9.10000000e-01  9.10602452e-01 
 6.79147600e-07  9.10000000e-01  9.10598846e-01 
 6.80247600e-07  9.10000000e-01  9.10595278e-01 
 6.81347600e-07  9.10000000e-01  9.10591748e-01 
 6.82447600e-07  9.10000000e-01  9.10588256e-01 
 6.83547600e-07  9.10000000e-01  9.10584801e-01 
 6.84647600e-07  9.10000000e-01  9.10581385e-01 
 6.85747600e-07  9.10000000e-01  9.10578007e-01 
 6.86847600e-07  9.10000000e-01  9.10574667e-01 
 6.87947600e-07  9.10000000e-01  9.10571364e-01 
 6.89047600e-07  9.10000000e-01  9.10568099e-01 
 6.90147600e-07  9.10000000e-01  9.10564872e-01 
 6.91247600e-07  9.10000000e-01  9.10561683e-01 
 6.92347600e-07  9.10000000e-01  9.10558532e-01 
 6.93447600e-07  9.10000000e-01  9.10555418e-01 
 6.94547600e-07  9.10000000e-01  9.10552341e-01 
 6.95647600e-07  9.10000000e-01  9.10549302e-01 
 6.96747600e-07  9.10000000e-01  9.10546301e-01 
 6.97847600e-07  9.10000000e-01  9.10543336e-01 
 6.98947600e-07  9.10000000e-01  9.10540409e-01 
 7.00047600e-07  9.10000000e-01  9.10537519e-01 
 7.01147600e-07  9.10000000e-01  9.10534666e-01 
 7.02247600e-07  9.10000000e-01  9.10531850e-01 
 7.03347600e-07  9.10000000e-01  9.10529071e-01 
 7.04447600e-07  9.10000000e-01  9.10526328e-01 
 7.05547600e-07  9.10000000e-01  9.10523622e-01 
 7.06647600e-07  9.10000000e-01  9.10520953e-01 
 7.07747600e-07  9.10000000e-01  9.10518319e-01 
 7.08847600e-07  9.10000000e-01  9.10515723e-01 
 7.09947600e-07  9.10000000e-01  9.10513162e-01 
 7.11047600e-07  9.10000000e-01  9.10510637e-01 
 7.12147600e-07  9.10000000e-01  9.10508148e-01 
 7.13247600e-07  9.10000000e-01  9.10505695e-01 
 7.14347600e-07  9.10000000e-01  9.10503277e-01 
 7.15447600e-07  9.10000000e-01  9.10500894e-01 
 7.16547600e-07  9.10000000e-01  9.10498547e-01 
 7.17647600e-07  9.10000000e-01  9.10496235e-01 
 7.18747600e-07  9.10000000e-01  9.10493958e-01 
 7.19847600e-07  9.10000000e-01  9.10491716e-01 
 7.20947600e-07  9.10000000e-01  9.10489508e-01 
 7.22047600e-07  9.10000000e-01  9.10487335e-01 
 7.23147600e-07  9.10000000e-01  9.10485196e-01 
 7.24247600e-07  9.10000000e-01  9.10483091e-01 
 7.25347600e-07  9.10000000e-01  9.10481021e-01 
 7.26447600e-07  9.10000000e-01  9.10478984e-01 
 7.27547600e-07  9.10000000e-01  9.10476980e-01 
 7.28647600e-07  9.10000000e-01  9.10475010e-01 
 7.29747600e-07  9.10000000e-01  9.10473073e-01 
 7.30847600e-07  9.10000000e-01  9.10471169e-01 
 7.31947600e-07  9.10000000e-01  9.10469298e-01 
 7.33047600e-07  9.10000000e-01  9.10467460e-01 
 7.34147600e-07  9.10000000e-01  9.10465654e-01 
 7.35247600e-07  9.10000000e-01  9.10463880e-01 
 7.36347600e-07  9.10000000e-01  9.10462138e-01 
 7.37447600e-07  9.10000000e-01  9.10460429e-01 
 7.38547600e-07  9.10000000e-01  9.10458751e-01 
 7.39647600e-07  9.10000000e-01  9.10457104e-01 
 7.40747600e-07  9.10000000e-01  9.10455488e-01 
 7.41847600e-07  9.10000000e-01  9.10453904e-01 
 7.42947600e-07  9.10000000e-01  9.10452350e-01 
 7.44047600e-07  9.10000000e-01  9.10450827e-01 
 7.45147600e-07  9.10000000e-01  9.10449335e-01 
 7.46247600e-07  9.10000000e-01  9.10447872e-01 
 7.47347600e-07  9.10000000e-01  9.10446440e-01 
 7.48447600e-07  9.10000000e-01  9.10445037e-01 
 7.49547600e-07  9.10000000e-01  9.10443664e-01 
 7.50647600e-07  9.10000000e-01  9.10442320e-01 
 7.51747600e-07  9.10000000e-01  9.10441005e-01 
 7.52847600e-07  9.10000000e-01  9.10439719e-01 
 7.53947600e-07  9.10000000e-01  9.10438462e-01 
 7.55047600e-07  9.10000000e-01  9.10437233e-01 
 7.56147600e-07  9.10000000e-01  9.10436032e-01 
 7.57247600e-07  9.10000000e-01  9.10434859e-01 
 7.58347600e-07  9.10000000e-01  9.10433714e-01 
 7.59447600e-07  9.10000000e-01  9.10432596e-01 
 7.60547600e-07  9.10000000e-01  9.10431506e-01 
 7.61647600e-07  9.10000000e-01  9.10430442e-01 
 7.62747600e-07  9.10000000e-01  9.10429406e-01 
 7.63847600e-07  9.10000000e-01  9.10428396e-01 
 7.64947600e-07  9.10000000e-01  9.10427412e-01 
 7.66047600e-07  9.10000000e-01  9.10426454e-01 
 7.67147600e-07  9.10000000e-01  9.10425522e-01 
 7.68247600e-07  9.10000000e-01  9.10424616e-01 
 7.69347600e-07  9.10000000e-01  9.10423735e-01 
 7.70447600e-07  9.10000000e-01  9.10422879e-01 
 7.71547600e-07  9.10000000e-01  9.10422048e-01 
 7.72647600e-07  9.10000000e-01  9.10421242e-01 
 7.73747600e-07  9.10000000e-01  9.10420460e-01 
 7.74847600e-07  9.10000000e-01  9.10419703e-01 
 7.75947600e-07  9.10000000e-01  9.10418969e-01 
 7.77047600e-07  9.10000000e-01  9.10418259e-01 
 7.78147600e-07  9.10000000e-01  9.10417573e-01 
 7.79247600e-07  9.10000000e-01  9.10416909e-01 
 7.80347600e-07  9.10000000e-01  9.10416269e-01 
 7.81447600e-07  9.10000000e-01  9.10415651e-01 
 7.82547600e-07  9.10000000e-01  9.10415056e-01 
 7.83647600e-07  9.10000000e-01  9.10414484e-01 
 7.84747600e-07  9.10000000e-01  9.10413933e-01 
 7.85847600e-07  9.10000000e-01  9.10413404e-01 
 7.86947600e-07  9.10000000e-01  9.10412896e-01 
 7.88047600e-07  9.10000000e-01  9.10412410e-01 
 7.89147600e-07  9.10000000e-01  9.10411945e-01 
 7.90247600e-07  9.10000000e-01  9.10411501e-01 
 7.91347600e-07  9.10000000e-01  9.10411077e-01 
 7.92447600e-07  9.10000000e-01  9.10410674e-01 
 7.93547600e-07  9.10000000e-01  9.10410290e-01 
 7.94647600e-07  9.10000000e-01  9.10409927e-01 
 7.95747600e-07  9.10000000e-01  9.10409583e-01 
 7.96847600e-07  9.10000000e-01  9.10409259e-01 
 7.97947600e-07  9.10000000e-01  9.10408954e-01 
 7.99047600e-07  9.10000000e-01  9.10408667e-01 
 8.00147600e-07  9.10000000e-01  9.10408400e-01 
 8.01247600e-07  9.10000000e-01  9.10408151e-01 
 8.02347600e-07  9.10000000e-01  9.10407920e-01 
 8.03447600e-07  9.10000000e-01  9.10407707e-01 
 8.04547600e-07  9.10000000e-01  9.10407511e-01 
 8.05647600e-07  9.10000000e-01  9.10407334e-01 
 8.06747600e-07  9.10000000e-01  9.10407173e-01 
 8.07847600e-07  9.10000000e-01  9.10407030e-01 
 8.08947600e-07  9.10000000e-01  9.10406903e-01 
 8.10047600e-07  9.10000000e-01  9.10406793e-01 
 8.11147600e-07  9.10000000e-01  9.10406700e-01 
 8.12247600e-07  9.10000000e-01  9.10406622e-01 
 8.13347600e-07  9.10000000e-01  9.10406561e-01 
 8.14447600e-07  9.10000000e-01  9.10406515e-01 
 8.15547600e-07  9.10000000e-01  9.10406485e-01 
 8.16647600e-07  9.10000000e-01  9.10406470e-01 
 8.17747600e-07  9.10000000e-01  9.10406469e-01 
 8.18847600e-07  9.10000000e-01  9.10406484e-01 
 8.19947600e-07  9.10000000e-01  9.10406513e-01 
 8.21047600e-07  9.10000000e-01  9.10406557e-01 
 8.22147600e-07  9.10000000e-01  9.10406614e-01 
 8.23247600e-07  9.10000000e-01  9.10406686e-01 
 8.24347600e-07  9.10000000e-01  9.10406771e-01 
 8.25447600e-07  9.10000000e-01  9.10406870e-01 
 8.26547600e-07  9.10000000e-01  9.10406982e-01 
 8.27647600e-07  9.10000000e-01  9.10407107e-01 
 8.28747600e-07  9.10000000e-01  9.10407245e-01 
 8.29847600e-07  9.10000000e-01  9.10407396e-01 
 8.30947600e-07  9.10000000e-01  9.10407559e-01 
 8.32047600e-07  9.10000000e-01  9.10407734e-01 
 8.33147600e-07  9.10000000e-01  9.10407921e-01 
 8.34247600e-07  9.10000000e-01  9.10408120e-01 
 8.35347600e-07  9.10000000e-01  9.10408330e-01 
 8.36447600e-07  9.10000000e-01  9.10408552e-01 
 8.37547600e-07  9.10000000e-01  9.10408785e-01 
 8.38647600e-07  9.10000000e-01  9.10409029e-01 
 8.39747600e-07  9.10000000e-01  9.10409284e-01 
 8.40847600e-07  9.10000000e-01  9.10409549e-01 
 8.41947600e-07  9.10000000e-01  9.10409825e-01 
 8.43047600e-07  9.10000000e-01  9.10410110e-01 
 8.44147600e-07  9.10000000e-01  9.10410406e-01 
 8.45247600e-07  9.10000000e-01  9.10410712e-01 
 8.46347600e-07  9.10000000e-01  9.10411027e-01 
 8.47447600e-07  9.10000000e-01  9.10411352e-01 
 8.48547600e-07  9.10000000e-01  9.10411685e-01 
 8.49647600e-07  9.10000000e-01  9.10412028e-01 
 8.50747600e-07  9.10000000e-01  9.10412380e-01 
 8.51847600e-07  9.10000000e-01  9.10412740e-01 
 8.52947600e-07  9.10000000e-01  9.10413109e-01 
 8.54047600e-07  9.10000000e-01  9.10413486e-01 
 8.55147600e-07  9.10000000e-01  9.10413871e-01 
 8.56247600e-07  9.10000000e-01  9.10414264e-01 
 8.57347600e-07  9.10000000e-01  9.10414665e-01 
 8.58447600e-07  9.10000000e-01  9.10415073e-01 
 8.59547600e-07  9.10000000e-01  9.10415489e-01 
 8.60647600e-07  9.10000000e-01  9.10415912e-01 
 8.61747600e-07  9.10000000e-01  9.10416342e-01 
 8.62847600e-07  9.10000000e-01  9.10416778e-01 
 8.63947600e-07  9.10000000e-01  9.10417222e-01 
 8.65047600e-07  9.10000000e-01  9.10417672e-01 
 8.66147600e-07  9.10000000e-01  9.10418128e-01 
 8.67247600e-07  9.10000000e-01  9.10418591e-01 
 8.68347600e-07  9.10000000e-01  9.10419059e-01 
 8.69447600e-07  9.10000000e-01  9.10419533e-01 
 8.70547600e-07  9.10000000e-01  9.10420014e-01 
 8.71647600e-07  9.10000000e-01  9.10420499e-01 
 8.72747600e-07  9.10000000e-01  9.10420990e-01 
 8.73847600e-07  9.10000000e-01  9.10421486e-01 
 8.74947600e-07  9.10000000e-01  9.10421988e-01 
 8.76047600e-07  9.10000000e-01  9.10422494e-01 
 8.77147600e-07  9.10000000e-01  9.10423005e-01 
 8.78247600e-07  9.10000000e-01  9.10423520e-01 
 8.79347600e-07  9.10000000e-01  9.10424040e-01 
 8.80447600e-07  9.10000000e-01  9.10424565e-01 
 8.81547600e-07  9.10000000e-01  9.10425093e-01 
 8.82647600e-07  9.10000000e-01  9.10425626e-01 
 8.83747600e-07  9.10000000e-01  9.10426162e-01 
 8.84847600e-07  9.10000000e-01  9.10426702e-01 
 8.85947600e-07  9.10000000e-01  9.10427246e-01 
 8.87047600e-07  9.10000000e-01  9.10427793e-01 
 8.88147600e-07  9.10000000e-01  9.10428344e-01 
 8.89247600e-07  9.10000000e-01  9.10428897e-01 
 8.90347600e-07  9.10000000e-01  9.10429454e-01 
 8.91447600e-07  9.10000000e-01  9.10430014e-01 
 8.92547600e-07  9.10000000e-01  9.10430576e-01 
 8.93647600e-07  9.10000000e-01  9.10431141e-01 
 8.94747600e-07  9.10000000e-01  9.10431709e-01 
 8.95847600e-07  9.10000000e-01  9.10432279e-01 
 8.96947600e-07  9.10000000e-01  9.10432851e-01 
 8.98047600e-07  9.10000000e-01  9.10433426e-01 
 8.99147600e-07  9.10000000e-01  9.10434002e-01 
 9.00247600e-07  9.10000000e-01  9.10434580e-01 
 9.01347600e-07  9.10000000e-01  9.10435161e-01 
 9.02447600e-07  9.10000000e-01  9.10435742e-01 
 9.03547600e-07  9.10000000e-01  9.10436326e-01 
 9.04647600e-07  9.10000000e-01  9.10436911e-01 
 9.05747600e-07  9.10000000e-01  9.10437497e-01 
 9.06847600e-07  9.10000000e-01  9.10438084e-01 
 9.07947600e-07  9.10000000e-01  9.10438673e-01 
 9.09047600e-07  9.10000000e-01  9.10439262e-01 
 9.10147600e-07  9.10000000e-01  9.10439852e-01 
 9.11247600e-07  9.10000000e-01  9.10440443e-01 
 9.12347600e-07  9.10000000e-01  9.10441035e-01 
 9.13447600e-07  9.10000000e-01  9.10441628e-01 
 9.14547600e-07  9.10000000e-01  9.10442220e-01 
 9.15647600e-07  9.10000000e-01  9.10442814e-01 
 9.16747600e-07  9.10000000e-01  9.10443407e-01 
 9.17847600e-07  9.10000000e-01  9.10444001e-01 
 9.18947600e-07  9.10000000e-01  9.10444595e-01 
 9.20047600e-07  9.10000000e-01  9.10445188e-01 
 9.21147600e-07  9.10000000e-01  9.10445782e-01 
 9.22247600e-07  9.10000000e-01  9.10446375e-01 
 9.23347600e-07  9.10000000e-01  9.10446969e-01 
 9.24447600e-07  9.10000000e-01  9.10447561e-01 
 9.25547600e-07  9.10000000e-01  9.10448154e-01 
 9.26647600e-07  9.10000000e-01  9.10448745e-01 
 9.27747600e-07  9.10000000e-01  9.10449336e-01 
 9.28847600e-07  9.10000000e-01  9.10449927e-01 
 9.29947600e-07  9.10000000e-01  9.10450516e-01 
 9.31047600e-07  9.10000000e-01  9.10451105e-01 
 9.32147600e-07  9.10000000e-01  9.10451693e-01 
 9.33247600e-07  9.10000000e-01  9.10452279e-01 
 9.34347600e-07  9.10000000e-01  9.10452865e-01 
 9.35447600e-07  9.10000000e-01  9.10453449e-01 
 9.36547600e-07  9.10000000e-01  9.10454033e-01 
 9.37647600e-07  9.10000000e-01  9.10454614e-01 
 9.38747600e-07  9.10000000e-01  9.10455195e-01 
 9.39847600e-07  9.10000000e-01  9.10455773e-01 
 9.40947600e-07  9.10000000e-01  9.10456351e-01 
 9.42047600e-07  9.10000000e-01  9.10456926e-01 
 9.43147600e-07  9.10000000e-01  9.10457501e-01 
 9.44247600e-07  9.10000000e-01  9.10458073e-01 
 9.45347600e-07  9.10000000e-01  9.10458643e-01 
 9.46447600e-07  9.10000000e-01  9.10459212e-01 
 9.47547600e-07  9.10000000e-01  9.10459778e-01 
 9.48647600e-07  9.10000000e-01  9.10460343e-01 
 9.49747600e-07  9.10000000e-01  9.10460906e-01 
 9.50847600e-07  9.10000000e-01  9.10461466e-01 
 9.51947600e-07  9.10000000e-01  9.10462024e-01 
 9.53047600e-07  9.10000000e-01  9.10462580e-01 
 9.54147600e-07  9.10000000e-01  9.10463134e-01 
 9.55247600e-07  9.10000000e-01  9.10463685e-01 
 9.56347600e-07  9.10000000e-01  9.10464235e-01 
 9.57447600e-07  9.10000000e-01  9.10464781e-01 
 9.58547600e-07  9.10000000e-01  9.10465325e-01 
 9.59647600e-07  9.10000000e-01  9.10465867e-01 
 9.60747600e-07  9.10000000e-01  9.10466406e-01 
 9.61847600e-07  9.10000000e-01  9.10466942e-01 
 9.62947600e-07  9.10000000e-01  9.10467476e-01 
 9.64047600e-07  9.10000000e-01  9.10468007e-01 
 9.65147600e-07  9.10000000e-01  9.10468535e-01 
 9.66247600e-07  9.10000000e-01  9.10469060e-01 
 9.67347600e-07  9.10000000e-01  9.10469583e-01 
 9.68447600e-07  9.10000000e-01  9.10470102e-01 
 9.69547600e-07  9.10000000e-01  9.10470619e-01 
 9.70647600e-07  9.10000000e-01  9.10471133e-01 
 9.71747600e-07  9.10000000e-01  9.10471644e-01 
 9.72847600e-07  9.10000000e-01  9.10472151e-01 
 9.73947600e-07  9.10000000e-01  9.10472656e-01 
 9.75047600e-07  9.10000000e-01  9.10473157e-01 
 9.76147600e-07  9.10000000e-01  9.10473656e-01 
 9.77247600e-07  9.10000000e-01  9.10474151e-01 
 9.78347600e-07  9.10000000e-01  9.10474643e-01 
 9.79447600e-07  9.10000000e-01  9.10475132e-01 
 9.80547600e-07  9.10000000e-01  9.10475617e-01 
 9.81647600e-07  9.10000000e-01  9.10476100e-01 
 9.82747600e-07  9.10000000e-01  9.10476578e-01 
 9.83847600e-07  9.10000000e-01  9.10477054e-01 
 9.84947600e-07  9.10000000e-01  9.10477526e-01 
 9.86047600e-07  9.10000000e-01  9.10477995e-01 
 9.87147600e-07  9.10000000e-01  9.10478460e-01 
 9.88247600e-07  9.10000000e-01  9.10478922e-01 
 9.89347600e-07  9.10000000e-01  9.10479381e-01 
 9.90447600e-07  9.10000000e-01  9.10479836e-01 
 9.91547600e-07  9.10000000e-01  9.10480287e-01 
 9.92647600e-07  9.10000000e-01  9.10480735e-01 
 9.93747600e-07  9.10000000e-01  9.10481180e-01 
 9.94847600e-07  9.10000000e-01  9.10481621e-01 
 9.95947600e-07  9.10000000e-01  9.10482058e-01 
 9.97047600e-07  9.10000000e-01  9.10482492e-01 
 9.98147600e-07  9.10000000e-01  9.10482922e-01 
 9.99247600e-07  9.10000000e-01  9.10483349e-01 
 1.00034760e-06  9.10000000e-01  9.10483772e-01 
 1.00144760e-06  9.10000000e-01  9.10484191e-01 
 1.00254760e-06  9.10000000e-01  9.10484606e-01 
 1.00364760e-06  9.10000000e-01  9.10485018e-01 
 1.00474760e-06  9.10000000e-01  9.10485427e-01 
 1.00584760e-06  9.10000000e-01  9.10485831e-01 
 1.00694760e-06  9.10000000e-01  9.10486232e-01 
 1.00804760e-06  9.10000000e-01  9.10486629e-01 
 1.00914760e-06  9.10000000e-01  9.10487023e-01 
 1.01024760e-06  9.10000000e-01  9.10487413e-01 
 1.01134760e-06  9.10000000e-01  9.10487799e-01 
 1.01244760e-06  9.10000000e-01  9.10488181e-01 
 1.01354760e-06  9.10000000e-01  9.10488560e-01 
 1.01464760e-06  9.10000000e-01  9.10488934e-01 
 1.01574760e-06  9.10000000e-01  9.10489305e-01 
 1.01684760e-06  9.10000000e-01  9.10489673e-01 
 1.01794760e-06  9.10000000e-01  9.10490036e-01 
 1.01904760e-06  9.10000000e-01  9.10490396e-01 
 1.02014760e-06  9.10000000e-01  9.10490752e-01 
 1.02124760e-06  9.10000000e-01  9.10491105e-01 
 1.02234760e-06  9.10000000e-01  9.10491453e-01 
 1.02344760e-06  9.10000000e-01  9.10491798e-01 
 1.02454760e-06  9.10000000e-01  9.10492139e-01 
 1.02564760e-06  9.10000000e-01  9.10492477e-01 
 1.02674760e-06  9.10000000e-01  9.10492810e-01 
 1.02784760e-06  9.10000000e-01  9.10493140e-01 
 1.02894760e-06  9.10000000e-01  9.10493466e-01 
 1.03004760e-06  9.10000000e-01  9.10493789e-01 
 1.03114760e-06  9.10000000e-01  9.10494107e-01 
 1.03224760e-06  9.10000000e-01  9.10494422e-01 
 1.03334760e-06  9.10000000e-01  9.10494734e-01 
 1.03444760e-06  9.10000000e-01  9.10495041e-01 
 1.03554760e-06  9.10000000e-01  9.10495345e-01 
 1.03664760e-06  9.10000000e-01  9.10495645e-01 
 1.03774760e-06  9.10000000e-01  9.10495942e-01 
 1.03884760e-06  9.10000000e-01  9.10496234e-01 
 1.03994760e-06  9.10000000e-01  9.10496524e-01 
 1.04104760e-06  9.10000000e-01  9.10496809e-01 
 1.04214760e-06  9.10000000e-01  9.10497091e-01 
 1.04324760e-06  9.10000000e-01  9.10497369e-01 
 1.04434760e-06  9.10000000e-01  9.10497643e-01 
 1.04544760e-06  9.10000000e-01  9.10497914e-01 
 1.04654760e-06  9.10000000e-01  9.10498182e-01 
 1.04764760e-06  9.10000000e-01  9.10498445e-01 
 1.04874760e-06  9.10000000e-01  9.10498705e-01 
 1.04984760e-06  9.10000000e-01  9.10498962e-01 
 1.05094760e-06  9.10000000e-01  9.10499215e-01 
 1.05204760e-06  9.10000000e-01  9.10499464e-01 
 1.05314760e-06  9.10000000e-01  9.10499710e-01 
 1.05424760e-06  9.10000000e-01  9.10499952e-01 
 1.05534760e-06  9.10000000e-01  9.10500191e-01 
 1.05644760e-06  9.10000000e-01  9.10500427e-01 
 1.05754760e-06  9.10000000e-01  9.10500658e-01 
 1.05864760e-06  9.10000000e-01  9.10500887e-01 
 1.05974760e-06  9.10000000e-01  9.10501112e-01 
 1.06084760e-06  9.10000000e-01  9.10501333e-01 
 1.06194760e-06  9.10000000e-01  9.10501551e-01 
 1.06304760e-06  9.10000000e-01  9.10501766e-01 
 1.06414760e-06  9.10000000e-01  9.10501977e-01 
 1.06524760e-06  9.10000000e-01  9.10502185e-01 
 1.06634760e-06  9.10000000e-01  9.10502390e-01 
 1.06744760e-06  9.10000000e-01  9.10502591e-01 
 1.06854760e-06  9.10000000e-01  9.10502789e-01 
 1.06964760e-06  9.10000000e-01  9.10502984e-01 
 1.07074760e-06  9.10000000e-01  9.10503175e-01 
 1.07184760e-06  9.10000000e-01  9.10503363e-01 
 1.07294760e-06  9.10000000e-01  9.10503548e-01 
 1.07404760e-06  9.10000000e-01  9.10503730e-01 
 1.07514760e-06  9.10000000e-01  9.10503908e-01 
 1.07624760e-06  9.10000000e-01  9.10504083e-01 
 1.07734760e-06  9.10000000e-01  9.10504255e-01 
 1.07844760e-06  9.10000000e-01  9.10504424e-01 
 1.07954760e-06  9.10000000e-01  9.10504590e-01 
 1.08064760e-06  9.10000000e-01  9.10504753e-01 
 1.08174760e-06  9.10000000e-01  9.10504913e-01 
 1.08284760e-06  9.10000000e-01  9.10505069e-01 
 1.08394760e-06  9.10000000e-01  9.10505223e-01 
 1.08504760e-06  9.10000000e-01  9.10505373e-01 
 1.08614760e-06  9.10000000e-01  9.10505521e-01 
 1.08724760e-06  9.10000000e-01  9.10505665e-01 
 1.08834760e-06  9.10000000e-01  9.10505807e-01 
 1.08944760e-06  9.10000000e-01  9.10505946e-01 
 1.09054760e-06  9.10000000e-01  9.10506081e-01 
 1.09164760e-06  9.10000000e-01  9.10506214e-01 
 1.09274760e-06  9.10000000e-01  9.10506344e-01 
 1.09384760e-06  9.10000000e-01  9.10506471e-01 
 1.09494760e-06  9.10000000e-01  9.10506595e-01 
 1.09604760e-06  9.10000000e-01  9.10506717e-01 
 1.09714760e-06  9.10000000e-01  9.10506836e-01 
 1.09824760e-06  9.10000000e-01  9.10506952e-01 
 1.09934760e-06  9.10000000e-01  9.10507065e-01 
 1.10000000e-06  9.10000000e-01  9.10507131e-01 
