 frequency       Hph1magdB       Hph2magdB      
 1.00000000e+01 -6.21620315e-04 -6.21620315e-04 
 1.02329299e+01 -6.42728252e-04 -6.42728252e-04 
 1.04712855e+01 -6.64830866e-04 -6.64830866e-04 
 1.07151931e+01 -6.87975023e-04 -6.87975023e-04 
 1.09647820e+01 -7.12209799e-04 -7.12209799e-04 
 1.12201845e+01 -7.37586580e-04 -7.37586580e-04 
 1.14815362e+01 -7.64159172e-04 -7.64159172e-04 
 1.17489755e+01 -7.91983918e-04 -7.91983918e-04 
 1.20226443e+01 -8.21119812e-04 -8.21119812e-04 
 1.23026877e+01 -8.51628630e-04 -8.51628630e-04 
 1.25892541e+01 -8.83575054e-04 -8.83575054e-04 
 1.28824955e+01 -9.17026814e-04 -9.17026814e-04 
 1.31825674e+01 -9.52054832e-04 -9.52054832e-04 
 1.34896288e+01 -9.88733366e-04 -9.88733366e-04 
 1.38038426e+01 -1.02714017e-03 -1.02714017e-03 
 1.41253754e+01 -1.06735668e-03 -1.06735668e-03 
 1.44543977e+01 -1.10946812e-03 -1.10946812e-03 
 1.47910839e+01 -1.15356378e-03 -1.15356378e-03 
 1.51356125e+01 -1.19973713e-03 -1.19973713e-03 
 1.54881662e+01 -1.24808603e-03 -1.24808603e-03 
 1.58489319e+01 -1.29871297e-03 -1.29871297e-03 
 1.62181010e+01 -1.35172525e-03 -1.35172525e-03 
 1.65958691e+01 -1.40723523e-03 -1.40723523e-03 
 1.69824365e+01 -1.46536055e-03 -1.46536055e-03 
 1.73780083e+01 -1.52622440e-03 -1.52622440e-03 
 1.77827941e+01 -1.58995576e-03 -1.58995576e-03 
 1.81970086e+01 -1.65668968e-03 -1.65668968e-03 
 1.86208714e+01 -1.72656758e-03 -1.72656758e-03 
 1.90546072e+01 -1.79973752e-03 -1.79973752e-03 
 1.94984460e+01 -1.87635453e-03 -1.87635453e-03 
 1.99526231e+01 -1.95658094e-03 -1.95658094e-03 
 2.04173794e+01 -2.04058671e-03 -2.04058671e-03 
 2.08929613e+01 -2.12854981e-03 -2.12854981e-03 
 2.13796209e+01 -2.22065658e-03 -2.22065658e-03 
 2.18776162e+01 -2.31710211e-03 -2.31710211e-03 
 2.23872114e+01 -2.41809068e-03 -2.41809068e-03 
 2.29086765e+01 -2.52383618e-03 -2.52383618e-03 
 2.34422882e+01 -2.63456255e-03 -2.63456255e-03 
 2.39883292e+01 -2.75050426e-03 -2.75050426e-03 
 2.45470892e+01 -2.87190683e-03 -2.87190683e-03 
 2.51188643e+01 -2.99902728e-03 -2.99902728e-03 
 2.57039578e+01 -3.13213475e-03 -3.13213475e-03 
 2.63026799e+01 -3.27151100e-03 -3.27151100e-03 
 2.69153480e+01 -3.41745107e-03 -3.41745107e-03 
 2.75422870e+01 -3.57026381e-03 -3.57026381e-03 
 2.81838293e+01 -3.73027264e-03 -3.73027264e-03 
 2.88403150e+01 -3.89781613e-03 -3.89781613e-03 
 2.95120923e+01 -4.07324877e-03 -4.07324877e-03 
 3.01995172e+01 -4.25694171e-03 -4.25694171e-03 
 3.09029543e+01 -4.44928349e-03 -4.44928349e-03 
 3.16227766e+01 -4.65068094e-03 -4.65068094e-03 
 3.23593657e+01 -4.86155994e-03 -4.86155994e-03 
 3.31131121e+01 -5.08236639e-03 -5.08236639e-03 
 3.38844156e+01 -5.31356709e-03 -5.31356709e-03 
 3.46736850e+01 -5.55565075e-03 -5.55565075e-03 
 3.54813389e+01 -5.80912899e-03 -5.80912899e-03 
 3.63078055e+01 -6.07453745e-03 -6.07453745e-03 
 3.71535229e+01 -6.35243683e-03 -6.35243683e-03 
 3.80189396e+01 -6.64341414e-03 -6.64341414e-03 
 3.89045145e+01 -6.94808389e-03 -6.94808389e-03 
 3.98107171e+01 -7.26708938e-03 -7.26708938e-03 
 4.07380278e+01 -7.60110401e-03 -7.60110401e-03 
 4.16869383e+01 -7.95083274e-03 -7.95083274e-03 
 4.26579519e+01 -8.31701348e-03 -8.31701348e-03 
 4.36515832e+01 -8.70041870e-03 -8.70041870e-03 
 4.46683592e+01 -9.10185697e-03 -9.10185697e-03 
 4.57088190e+01 -9.52217466e-03 -9.52217466e-03 
 4.67735141e+01 -9.96225772e-03 -9.96225772e-03 
 4.78630092e+01 -1.04230335e-02 -1.04230335e-02 
 4.89778819e+01 -1.09054725e-02 -1.09054725e-02 
 5.01187234e+01 -1.14105907e-02 -1.14105907e-02 
 5.12861384e+01 -1.19394515e-02 -1.19394515e-02 
 5.24807460e+01 -1.24931676e-02 -1.24931676e-02 
 5.37031796e+01 -1.30729039e-02 -1.30729039e-02 
 5.49540874e+01 -1.36798795e-02 -1.36798795e-02 
 5.62341325e+01 -1.43153699e-02 -1.43153699e-02 
 5.75439937e+01 -1.49807105e-02 -1.49807105e-02 
 5.88843655e+01 -1.56772983e-02 -1.56772983e-02 
 6.02559586e+01 -1.64065955e-02 -1.64065955e-02 
 6.16595002e+01 -1.71701322e-02 -1.71701322e-02 
 6.30957344e+01 -1.79695095e-02 -1.79695095e-02 
 6.45654229e+01 -1.88064025e-02 -1.88064025e-02 
 6.60693448e+01 -1.96825642e-02 -1.96825642e-02 
 6.76082975e+01 -2.05998287e-02 -2.05998287e-02 
 6.91830971e+01 -2.15601149e-02 -2.15601149e-02 
 7.07945784e+01 -2.25654304e-02 -2.25654304e-02 
 7.24435960e+01 -2.36178756e-02 -2.36178756e-02 
 7.41310241e+01 -2.47196477e-02 -2.47196477e-02 
 7.58577575e+01 -2.58730451e-02 -2.58730451e-02 
 7.76247117e+01 -2.70804722e-02 -2.70804722e-02 
 7.94328235e+01 -2.83444439e-02 -2.83444439e-02 
 8.12830516e+01 -2.96675905e-02 -2.96675905e-02 
 8.31763771e+01 -3.10526630e-02 -3.10526630e-02 
 8.51138038e+01 -3.25025387e-02 -3.25025387e-02 
 8.70963590e+01 -3.40202261e-02 -3.40202261e-02 
 8.91250938e+01 -3.56088717e-02 -3.56088717e-02 
 9.12010839e+01 -3.72717651e-02 -3.72717651e-02 
 9.33254301e+01 -3.90123460e-02 -3.90123460e-02 
 9.54992586e+01 -4.08342104e-02 -4.08342104e-02 
 9.77237221e+01 -4.27411177e-02 -4.27411177e-02 
 1.00000000e+02 -4.47369976e-02 -4.47369976e-02 
 1.02329299e+02 -4.68259577e-02 -4.68259577e-02 
 1.04712855e+02 -4.90122909e-02 -4.90122909e-02 
 1.07151931e+02 -5.13004835e-02 -5.13004835e-02 
 1.09647820e+02 -5.36952236e-02 -5.36952236e-02 
 1.12201845e+02 -5.62014096e-02 -5.62014096e-02 
 1.14815362e+02 -5.88241592e-02 -5.88241592e-02 
 1.17489755e+02 -6.15688182e-02 -6.15688182e-02 
 1.20226443e+02 -6.44409708e-02 -6.44409708e-02 
 1.23026877e+02 -6.74464491e-02 -6.74464491e-02 
 1.25892541e+02 -7.05913431e-02 -7.05913431e-02 
 1.28824955e+02 -7.38820120e-02 -7.38820120e-02 
 1.31825674e+02 -7.73250946e-02 -7.73250946e-02 
 1.34896288e+02 -8.09275209e-02 -8.09275209e-02 
 1.38038426e+02 -8.46965239e-02 -8.46965239e-02 
 1.41253754e+02 -8.86396512e-02 -8.86396512e-02 
 1.44543977e+02 -9.27647783e-02 -9.27647783e-02 
 1.47910839e+02 -9.70801204e-02 -9.70801204e-02 
 1.51356125e+02 -1.01594246e-01 -1.01594246e-01 
 1.54881662e+02 -1.06316092e-01 -1.06316092e-01 
 1.58489319e+02 -1.11254975e-01 -1.11254975e-01 
 1.62181010e+02 -1.16420606e-01 -1.16420606e-01 
 1.65958691e+02 -1.21823107e-01 -1.21823107e-01 
 1.69824365e+02 -1.27473026e-01 -1.27473026e-01 
 1.73780083e+02 -1.33381348e-01 -1.33381348e-01 
 1.77827941e+02 -1.39559516e-01 -1.39559516e-01 
 1.81970086e+02 -1.46019445e-01 -1.46019445e-01 
 1.86208714e+02 -1.52773536e-01 -1.52773536e-01 
 1.90546072e+02 -1.59834695e-01 -1.59834695e-01 
 1.94984460e+02 -1.67216351e-01 -1.67216351e-01 
 1.99526231e+02 -1.74932466e-01 -1.74932466e-01 
 2.04173794e+02 -1.82997563e-01 -1.82997563e-01 
 2.08929613e+02 -1.91426730e-01 -1.91426730e-01 
 2.13796209e+02 -2.00235650e-01 -2.00235650e-01 
 2.18776162e+02 -2.09440607e-01 -2.09440607e-01 
 2.23872114e+02 -2.19058512e-01 -2.19058512e-01 
 2.29086765e+02 -2.29106914e-01 -2.29106914e-01 
 2.34422882e+02 -2.39604019e-01 -2.39604019e-01 
 2.39883292e+02 -2.50568706e-01 -2.50568706e-01 
 2.45470892e+02 -2.62020545e-01 -2.62020545e-01 
 2.51188643e+02 -2.73979809e-01 -2.73979809e-01 
 2.57039578e+02 -2.86467493e-01 -2.86467493e-01 
 2.63026799e+02 -2.99505325e-01 -2.99505325e-01 
 2.69153480e+02 -3.13115783e-01 -3.13115783e-01 
 2.75422870e+02 -3.27322104e-01 -3.27322104e-01 
 2.81838293e+02 -3.42148300e-01 -3.42148300e-01 
 2.88403150e+02 -3.57619166e-01 -3.57619166e-01 
 2.95120923e+02 -3.73760288e-01 -3.73760288e-01 
 3.01995172e+02 -3.90598054e-01 -3.90598054e-01 
 3.09029543e+02 -4.08159657e-01 -4.08159657e-01 
 3.16227766e+02 -4.26473104e-01 -4.26473104e-01 
 3.23593657e+02 -4.45567210e-01 -4.45567210e-01 
 3.31131121e+02 -4.65471608e-01 -4.65471608e-01 
 3.38844156e+02 -4.86216739e-01 -4.86216739e-01 
 3.46736850e+02 -5.07833850e-01 -5.07833850e-01 
 3.54813389e+02 -5.30354986e-01 -5.30354986e-01 
 3.63078055e+02 -5.53812981e-01 -5.53812981e-01 
 3.71535229e+02 -5.78241441e-01 -5.78241441e-01 
 3.80189396e+02 -6.03674729e-01 -6.03674729e-01 
 3.89045145e+02 -6.30147941e-01 -6.30147941e-01 
 3.98107171e+02 -6.57696887e-01 -6.57696887e-01 
 4.07380278e+02 -6.86358056e-01 -6.86358056e-01 
 4.16869383e+02 -7.16168586e-01 -7.16168586e-01 
 4.26579519e+02 -7.47166228e-01 -7.47166228e-01 
 4.36515832e+02 -7.79389300e-01 -7.79389300e-01 
 4.46683592e+02 -8.12876645e-01 -8.12876645e-01 
 4.57088190e+02 -8.47667577e-01 -8.47667577e-01 
 4.67735141e+02 -8.83801825e-01 -8.83801825e-01 
 4.78630092e+02 -9.21319474e-01 -9.21319474e-01 
 4.89778819e+02 -9.60260895e-01 -9.60260895e-01 
 5.01187234e+02 -1.00066668e+00 -1.00066668e+00 
 5.12861384e+02 -1.04257756e+00 -1.04257756e+00 
 5.24807460e+02 -1.08603432e+00 -1.08603432e+00 
 5.37031796e+02 -1.13107774e+00 -1.13107774e+00 
 5.49540874e+02 -1.17774846e+00 -1.17774846e+00 
 5.62341325e+02 -1.22608693e+00 -1.22608693e+00 
 5.75439937e+02 -1.27613329e+00 -1.27613329e+00 
 5.88843655e+02 -1.32792726e+00 -1.32792726e+00 
 6.02559586e+02 -1.38150806e+00 -1.38150806e+00 
 6.16595002e+02 -1.43691426e+00 -1.43691426e+00 
 6.30957344e+02 -1.49418374e+00 -1.49418374e+00 
 6.45654229e+02 -1.55335348e+00 -1.55335348e+00 
 6.60693448e+02 -1.61445954e+00 -1.61445954e+00 
 6.76082975e+02 -1.67753690e+00 -1.67753690e+00 
 6.91830971e+02 -1.74261932e+00 -1.74261932e+00 
 7.07945784e+02 -1.80973929e+00 -1.80973929e+00 
 7.24435960e+02 -1.87892788e+00 -1.87892788e+00 
 7.41310241e+02 -1.95021460e+00 -1.95021460e+00 
 7.58577575e+02 -2.02362736e+00 -2.02362736e+00 
 7.76247117e+02 -2.09919233e+00 -2.09919233e+00 
 7.94328235e+02 -2.17693381e+00 -2.17693381e+00 
 8.12830516e+02 -2.25687422e+00 -2.25687422e+00 
 8.31763771e+02 -2.33903392e+00 -2.33903392e+00 
 8.51138038e+02 -2.42343118e+00 -2.42343118e+00 
 8.70963590e+02 -2.51008210e+00 -2.51008210e+00 
 8.91250938e+02 -2.59900054e+00 -2.59900054e+00 
 9.12010839e+02 -2.69019806e+00 -2.69019806e+00 
 9.33254301e+02 -2.78368387e+00 -2.78368387e+00 
 9.54992586e+02 -2.87946481e+00 -2.87946481e+00 
 9.77237221e+02 -2.97754530e+00 -2.97754530e+00 
 1.00000000e+03 -3.07792731e+00 -3.07792731e+00 
 1.02329299e+03 -3.18061039e+00 -3.18061039e+00 
 1.04712855e+03 -3.28559165e+00 -3.28559165e+00 
 1.07151931e+03 -3.39286576e+00 -3.39286576e+00 
 1.09647820e+03 -3.50242500e+00 -3.50242500e+00 
 1.12201845e+03 -3.61425927e+00 -3.61425927e+00 
 1.14815362e+03 -3.72835613e+00 -3.72835613e+00 
 1.17489755e+03 -3.84470088e+00 -3.84470088e+00 
 1.20226443e+03 -3.96327659e+00 -3.96327659e+00 
 1.23026877e+03 -4.08406417e+00 -4.08406417e+00 
 1.25892541e+03 -4.20704247e+00 -4.20704247e+00 
 1.28824955e+03 -4.33218835e+00 -4.33218835e+00 
 1.31825674e+03 -4.45947676e+00 -4.45947676e+00 
 1.34896288e+03 -4.58888085e+00 -4.58888085e+00 
 1.38038426e+03 -4.72037206e+00 -4.72037206e+00 
 1.41253754e+03 -4.85392024e+00 -4.85392024e+00 
 1.44543977e+03 -4.98949373e+00 -4.98949373e+00 
 1.47910839e+03 -5.12705951e+00 -5.12705951e+00 
 1.51356125e+03 -5.26658329e+00 -5.26658329e+00 
 1.54881662e+03 -5.40802961e+00 -5.40802961e+00 
 1.58489319e+03 -5.55136199e+00 -5.55136199e+00 
 1.62181010e+03 -5.69654301e+00 -5.69654301e+00 
 1.65958691e+03 -5.84353446e+00 -5.84353446e+00 
 1.69824365e+03 -5.99229741e+00 -5.99229741e+00 
 1.73780083e+03 -6.14279235e+00 -6.14279235e+00 
 1.77827941e+03 -6.29497929e+00 -6.29497929e+00 
 1.81970086e+03 -6.44881785e+00 -6.44881785e+00 
 1.86208714e+03 -6.60426738e+00 -6.60426738e+00 
 1.90546072e+03 -6.76128706e+00 -6.76128706e+00 
 1.94984460e+03 -6.91983596e+00 -6.91983596e+00 
 1.99526231e+03 -7.07987316e+00 -7.07987316e+00 
 2.04173794e+03 -7.24135784e+00 -7.24135784e+00 
 2.08929613e+03 -7.40424931e+00 -7.40424931e+00 
 2.13796209e+03 -7.56850714e+00 -7.56850714e+00 
 2.18776162e+03 -7.73409119e+00 -7.73409119e+00 
 2.23872114e+03 -7.90096171e+00 -7.90096171e+00 
 2.29086765e+03 -8.06907936e+00 -8.06907936e+00 
 2.34422882e+03 -8.23840529e+00 -8.23840529e+00 
 2.39883292e+03 -8.40890118e+00 -8.40890118e+00 
 2.45470892e+03 -8.58052927e+00 -8.58052927e+00 
 2.51188643e+03 -8.75325245e+00 -8.75325245e+00 
 2.57039578e+03 -8.92703423e+00 -8.92703423e+00 
 2.63026799e+03 -9.10183882e+00 -9.10183882e+00 
 2.69153480e+03 -9.27763114e+00 -9.27763114e+00 
 2.75422870e+03 -9.45437682e+00 -9.45437682e+00 
 2.81838293e+03 -9.63204226e+00 -9.63204226e+00 
 2.88403150e+03 -9.81059462e+00 -9.81059462e+00 
 2.95120923e+03 -9.99000185e+00 -9.99000185e+00 
 3.01995172e+03 -1.01702327e+01 -1.01702327e+01 
 3.09029543e+03 -1.03512566e+01 -1.03512566e+01 
 3.16227766e+03 -1.05330440e+01 -1.05330440e+01 
 3.23593657e+03 -1.07155660e+01 -1.07155660e+01 
 3.31131121e+03 -1.08987944e+01 -1.08987944e+01 
 3.38844156e+03 -1.10827020e+01 -1.10827020e+01 
 3.46736850e+03 -1.12672623e+01 -1.12672623e+01 
 3.54813389e+03 -1.14524495e+01 -1.14524495e+01 
 3.63078055e+03 -1.16382388e+01 -1.16382388e+01 
 3.71535229e+03 -1.18246058e+01 -1.18246058e+01 
 3.80189396e+03 -1.20115272e+01 -1.20115272e+01 
 3.89045145e+03 -1.21989802e+01 -1.21989802e+01 
 3.98107171e+03 -1.23869429e+01 -1.23869429e+01 
 4.07380278e+03 -1.25753940e+01 -1.25753940e+01 
 4.16869383e+03 -1.27643128e+01 -1.27643128e+01 
 4.26579519e+03 -1.29536795e+01 -1.29536795e+01 
 4.36515832e+03 -1.31434747e+01 -1.31434747e+01 
 4.46683592e+03 -1.33336799e+01 -1.33336799e+01 
 4.57088190e+03 -1.35242771e+01 -1.35242771e+01 
 4.67735141e+03 -1.37152487e+01 -1.37152487e+01 
 4.78630092e+03 -1.39065781e+01 -1.39065781e+01 
 4.89778819e+03 -1.40982489e+01 -1.40982489e+01 
 5.01187234e+03 -1.42902455e+01 -1.42902455e+01 
 5.12861384e+03 -1.44825526e+01 -1.44825526e+01 
 5.24807460e+03 -1.46751556e+01 -1.46751556e+01 
 5.37031796e+03 -1.48680402e+01 -1.48680402e+01 
 5.49540874e+03 -1.50611929e+01 -1.50611929e+01 
 5.62341325e+03 -1.52546002e+01 -1.52546002e+01 
 5.75439937e+03 -1.54482495e+01 -1.54482495e+01 
 5.88843655e+03 -1.56421282e+01 -1.56421282e+01 
 6.02559586e+03 -1.58362243e+01 -1.58362243e+01 
 6.16595002e+03 -1.60305262e+01 -1.60305262e+01 
 6.30957344e+03 -1.62250227e+01 -1.62250227e+01 
 6.45654229e+03 -1.64197027e+01 -1.64197027e+01 
 6.60693448e+03 -1.66145558e+01 -1.66145558e+01 
 6.76082975e+03 -1.68095715e+01 -1.68095715e+01 
 6.91830971e+03 -1.70047398e+01 -1.70047398e+01 
 7.07945784e+03 -1.72000511e+01 -1.72000511e+01 
 7.24435960e+03 -1.73954959e+01 -1.73954959e+01 
 7.41310241e+03 -1.75910649e+01 -1.75910649e+01 
 7.58577575e+03 -1.77867491e+01 -1.77867491e+01 
 7.76247117e+03 -1.79825397e+01 -1.79825397e+01 
 7.94328235e+03 -1.81784282e+01 -1.81784282e+01 
 8.12830516e+03 -1.83744060e+01 -1.83744060e+01 
 8.31763771e+03 -1.85704649e+01 -1.85704649e+01 
 8.51138038e+03 -1.87665969e+01 -1.87665969e+01 
 8.70963590e+03 -1.89627939e+01 -1.89627939e+01 
 8.91250938e+03 -1.91590481e+01 -1.91590481e+01 
 9.12010839e+03 -1.93553516e+01 -1.93553516e+01 
 9.33254301e+03 -1.95516969e+01 -1.95516969e+01 
 9.54992586e+03 -1.97480763e+01 -1.97480763e+01 
 9.77237221e+03 -1.99444823e+01 -1.99444823e+01 
 1.00000000e+04 -2.01409073e+01 -2.01409073e+01 
 1.02329299e+04 -2.03373439e+01 -2.03373439e+01 
 1.04712855e+04 -2.05337847e+01 -2.05337847e+01 
 1.07151931e+04 -2.07302221e+01 -2.07302221e+01 
 1.09647820e+04 -2.09266487e+01 -2.09266487e+01 
 1.12201845e+04 -2.11230569e+01 -2.11230569e+01 
 1.14815362e+04 -2.13194392e+01 -2.13194392e+01 
 1.17489755e+04 -2.15157880e+01 -2.15157880e+01 
 1.20226443e+04 -2.17120955e+01 -2.17120955e+01 
 1.23026877e+04 -2.19083539e+01 -2.19083539e+01 
 1.25892541e+04 -2.21045554e+01 -2.21045554e+01 
 1.28824955e+04 -2.23006918e+01 -2.23006918e+01 
 1.31825674e+04 -2.24967550e+01 -2.24967550e+01 
 1.34896288e+04 -2.26927366e+01 -2.26927366e+01 
 1.38038426e+04 -2.28886280e+01 -2.28886280e+01 
 1.41253754e+04 -2.30844206e+01 -2.30844206e+01 
 1.44543977e+04 -2.32801053e+01 -2.32801053e+01 
 1.47910839e+04 -2.34756730e+01 -2.34756730e+01 
 1.51356125e+04 -2.36711143e+01 -2.36711143e+01 
 1.54881662e+04 -2.38664193e+01 -2.38664193e+01 
 1.58489319e+04 -2.40615780e+01 -2.40615780e+01 
 1.62181010e+04 -2.42565801e+01 -2.42565801e+01 
 1.65958691e+04 -2.44514150e+01 -2.44514150e+01 
 1.69824365e+04 -2.46460714e+01 -2.46460714e+01 
 1.73780083e+04 -2.48405380e+01 -2.48405380e+01 
 1.77827941e+04 -2.50348029e+01 -2.50348029e+01 
 1.81970086e+04 -2.52288538e+01 -2.52288538e+01 
 1.86208714e+04 -2.54226778e+01 -2.54226778e+01 
 1.90546072e+04 -2.56162617e+01 -2.56162617e+01 
 1.94984460e+04 -2.58095917e+01 -2.58095917e+01 
 1.99526231e+04 -2.60026534e+01 -2.60026534e+01 
 2.04173794e+04 -2.61954318e+01 -2.61954318e+01 
 2.08929613e+04 -2.63879112e+01 -2.63879112e+01 
 2.13796209e+04 -2.65800755e+01 -2.65800755e+01 
 2.18776162e+04 -2.67719077e+01 -2.67719077e+01 
 2.23872114e+04 -2.69633900e+01 -2.69633900e+01 
 2.29086765e+04 -2.71545040e+01 -2.71545040e+01 
 2.34422882e+04 -2.73452304e+01 -2.73452304e+01 
 2.39883292e+04 -2.75355489e+01 -2.75355489e+01 
 2.45470892e+04 -2.77254385e+01 -2.77254385e+01 
 2.51188643e+04 -2.79148771e+01 -2.79148771e+01 
 2.57039578e+04 -2.81038416e+01 -2.81038416e+01 
 2.63026799e+04 -2.82923080e+01 -2.82923080e+01 
 2.69153480e+04 -2.84802508e+01 -2.84802508e+01 
 2.75422870e+04 -2.86676436e+01 -2.86676436e+01 
 2.81838293e+04 -2.88544588e+01 -2.88544588e+01 
 2.88403150e+04 -2.90406671e+01 -2.90406671e+01 
 2.95120923e+04 -2.92262383e+01 -2.92262383e+01 
 3.01995172e+04 -2.94111403e+01 -2.94111403e+01 
 3.09029543e+04 -2.95953397e+01 -2.95953397e+01 
 3.16227766e+04 -2.97788014e+01 -2.97788014e+01 
 3.23593657e+04 -2.99614885e+01 -2.99614885e+01 
 3.31131121e+04 -3.01433625e+01 -3.01433625e+01 
 3.38844156e+04 -3.03243827e+01 -3.03243827e+01 
 3.46736850e+04 -3.05045065e+01 -3.05045065e+01 
 3.54813389e+04 -3.06836893e+01 -3.06836893e+01 
 3.63078055e+04 -3.08618840e+01 -3.08618840e+01 
 3.71535229e+04 -3.10390413e+01 -3.10390413e+01 
 3.80189396e+04 -3.12151093e+01 -3.12151093e+01 
 3.89045145e+04 -3.13900336e+01 -3.13900336e+01 
 3.98107171e+04 -3.15637567e+01 -3.15637567e+01 
 4.07380278e+04 -3.17362184e+01 -3.17362184e+01 
 4.16869383e+04 -3.19073551e+01 -3.19073551e+01 
 4.26579519e+04 -3.20771003e+01 -3.20771003e+01 
 4.36515832e+04 -3.22453835e+01 -3.22453835e+01 
 4.46683592e+04 -3.24121307e+01 -3.24121307e+01 
 4.57088190e+04 -3.25772641e+01 -3.25772641e+01 
 4.67735141e+04 -3.27407014e+01 -3.27407014e+01 
 4.78630092e+04 -3.29023560e+01 -3.29023560e+01 
 4.89778819e+04 -3.30621366e+01 -3.30621366e+01 
 5.01187234e+04 -3.32199469e+01 -3.32199469e+01 
 5.12861384e+04 -3.33756852e+01 -3.33756852e+01 
 5.24807460e+04 -3.35292441e+01 -3.35292441e+01 
 5.37031796e+04 -3.36805103e+01 -3.36805103e+01 
 5.49540874e+04 -3.38293639e+01 -3.38293639e+01 
 5.62341325e+04 -3.39756782e+01 -3.39756782e+01 
 5.75439937e+04 -3.41193192e+01 -3.41193192e+01 
 5.88843655e+04 -3.42601450e+01 -3.42601450e+01 
 6.02559586e+04 -3.43980053e+01 -3.43980053e+01 
 6.16595002e+04 -3.45327409e+01 -3.45327409e+01 
 6.30957344e+04 -3.46641828e+01 -3.46641828e+01 
 6.45654229e+04 -3.47921519e+01 -3.47921519e+01 
 6.60693448e+04 -3.49164579e+01 -3.49164579e+01 
 6.76082975e+04 -3.50368983e+01 -3.50368983e+01 
 6.91830971e+04 -3.51532581e+01 -3.51532581e+01 
 7.07945784e+04 -3.52653081e+01 -3.52653081e+01 
 7.24435960e+04 -3.53728042e+01 -3.53728042e+01 
 7.41310241e+04 -3.54754858e+01 -3.54754858e+01 
 7.58577575e+04 -3.55730750e+01 -3.55730750e+01 
 7.76247117e+04 -3.56652742e+01 -3.56652742e+01 
 7.94328235e+04 -3.57517652e+01 -3.57517652e+01 
 8.12830516e+04 -3.58322069e+01 -3.58322069e+01 
 8.31763771e+04 -3.59062331e+01 -3.59062331e+01 
 8.51138038e+04 -3.59734501e+01 -3.59734501e+01 
 8.70963590e+04 -3.60334343e+01 -3.60334343e+01 
 8.91250938e+04 -3.60857288e+01 -3.60857288e+01 
 9.12010839e+04 -3.61298398e+01 -3.61298398e+01 
 9.33254301e+04 -3.61652329e+01 -3.61652329e+01 
 9.54992586e+04 -3.61913283e+01 -3.61913283e+01 
 9.77237221e+04 -3.62074956e+01 -3.62074956e+01 
 1.00000000e+05 -3.62130478e+01 -3.62130478e+01 
