 frequency       AmagdB          Aphdeg         
 1.00000000e-01  1.03718723e+02 -7.84840339e-01 
 1.05776756e-01  1.03718626e+02 -8.30172479e-01 
 1.11887221e-01  1.03718518e+02 -8.78122213e-01 
 1.18350673e-01  1.03718397e+02 -9.28840547e-01 
 1.25187503e-01  1.03718261e+02 -9.82487168e-01 
 1.32419279e-01  1.03718109e+02 -1.03923095e+00 
 1.40068818e-01  1.03717940e+02 -1.09925046e+00 
 1.48160252e-01  1.03717750e+02 -1.16273452e+00 
 1.56719108e-01  1.03717537e+02 -1.22988278e+00 
 1.65772389e-01  1.03717299e+02 -1.30090636e+00 
 1.75348655e-01  1.03717033e+02 -1.37602845e+00 
 1.85478119e-01  1.03716735e+02 -1.45548499e+00 
 1.96192737e-01  1.03716402e+02 -1.53952545e+00 
 2.07526313e-01  1.03716030e+02 -1.62841350e+00 
 2.19514602e-01  1.03715613e+02 -1.72242786e+00 
 2.32195425e-01  1.03715146e+02 -1.82186309e+00 
 2.45608788e-01  1.03714625e+02 -1.92703049e+00 
 2.59797009e-01  1.03714041e+02 -2.03825900e+00 
 2.74804848e-01  1.03713388e+02 -2.15589617e+00 
 2.90679654e-01  1.03712657e+02 -2.28030915e+00 
 3.07471508e-01  1.03711840e+02 -2.41188573e+00 
 3.25233387e-01  1.03710926e+02 -2.55103544e+00 
 3.44021326e-01  1.03709903e+02 -2.69819068e+00 
 3.63894599e-01  1.03708760e+02 -2.85380793e+00 
 3.84915902e-01  1.03707480e+02 -3.01836891e+00 
 4.07151555e-01  1.03706049e+02 -3.19238189e+00 
 4.30671707e-01  1.03704448e+02 -3.37638297e+00 
 4.55550561e-01  1.03702658e+02 -3.57093742e+00 
 4.81866605e-01  1.03700656e+02 -3.77664100e+00 
 5.09702863e-01  1.03698416e+02 -3.99412142e+00 
 5.39147154e-01  1.03695912e+02 -4.22403962e+00 
 5.70292370e-01  1.03693112e+02 -4.46709125e+00 
 6.03236769e-01  1.03689982e+02 -4.72400799e+00 
 6.38084285e-01  1.03686482e+02 -4.99555892e+00 
 6.74944857e-01  1.03682569e+02 -5.28255177e+00 
 7.13934775e-01  1.03678195e+02 -5.58583416e+00 
 7.55177045e-01  1.03673307e+02 -5.90629471e+00 
 7.98801781e-01  1.03667844e+02 -6.24486395e+00 
 8.44946611e-01  1.03661739e+02 -6.60251513e+00 
 8.93757115e-01  1.03654919e+02 -6.98026474e+00 
 9.45387283e-01  1.03647301e+02 -7.37917274e+00 
 1.00000000e+00  1.03638794e+02 -7.80034244e+00 
 1.05776756e+00  1.03629295e+02 -8.24491994e+00 
 1.11887221e+00  1.03618691e+02 -8.71409300e+00 
 1.18350673e+00  1.03606857e+02 -9.20908933e+00 
 1.25187503e+00  1.03593655e+02 -9.73117412e+00 
 1.32419279e+00  1.03578931e+02 -1.02816466e+01 
 1.40068818e+00  1.03562515e+02 -1.08618358e+01 
 1.48160252e+00  1.03544221e+02 -1.14730947e+01 
 1.56719108e+00  1.03523844e+02 -1.21167937e+01 
 1.65772389e+00  1.03501157e+02 -1.27943116e+01 
 1.75348655e+00  1.03475913e+02 -1.35070261e+01 
 1.85478119e+00  1.03447841e+02 -1.42563011e+01 
 1.96192737e+00  1.03416646e+02 -1.50434726e+01 
 2.07526313e+00  1.03382005e+02 -1.58698325e+01 
 2.19514602e+00  1.03343572e+02 -1.67366094e+01 
 2.32195425e+00  1.03300970e+02 -1.76449472e+01 
 2.45608788e+00  1.03253793e+02 -1.85958814e+01 
 2.59797009e+00  1.03201609e+02 -1.95903122e+01 
 2.74804848e+00  1.03143956e+02 -2.06289758e+01 
 2.90679654e+00  1.03080343e+02 -2.17124135e+01 
 3.07471508e+00  1.03010257e+02 -2.28409391e+01 
 3.25233387e+00  1.02933156e+02 -2.40146053e+01 
 3.44021326e+00  1.02848483e+02 -2.52331699e+01 
 3.63894599e+00  1.02755660e+02 -2.64960625e+01 
 3.84915902e+00  1.02654103e+02 -2.78023541e+01 
 4.07151555e+00  1.02543219e+02 -2.91507294e+01 
 4.30671707e+00  1.02422421e+02 -3.05394644e+01 
 4.55550561e+00  1.02291129e+02 -3.19664102e+01 
 4.81866605e+00  1.02148788e+02 -3.34289859e+01 
 5.09702863e+00  1.01994867e+02 -3.49241803e+01 
 5.39147154e+00  1.01828879e+02 -3.64485645e+01 
 5.70292370e+00  1.01650383e+02 -3.79983164e+01 
 6.03236769e+00  1.01458997e+02 -3.95692570e+01 
 6.38084285e+00  1.01254405e+02 -4.11568979e+01 
 6.74944857e+00  1.01036367e+02 -4.27564999e+01 
 7.13934775e+00  1.00804723e+02 -4.43631400e+01 
 7.55177045e+00  1.00559395e+02 -4.59717856e+01 
 7.98801781e+00  1.00300392e+02 -4.75773727e+01 
 8.44946611e+00  1.00027809e+02 -4.91748853e+01 
 8.93757115e+00  9.97418235e+01 -5.07594326e+01 
 9.45387283e+00  9.94426927e+01 -5.23263224e+01 
 1.00000000e+01  9.91307462e+01 -5.38711263e+01 
 1.05776756e+01  9.88063786e+01 -5.53897360e+01 
 1.11887221e+01  9.84700413e+01 -5.68784087e+01 
 1.18350673e+01  9.81222323e+01 -5.83338009e+01 
 1.25187503e+01  9.77634871e+01 -5.97529902e+01 
 1.32419279e+01  9.73943683e+01 -6.11334859e+01 
 1.40068818e+01  9.70154566e+01 -6.24732287e+01 
 1.48160252e+01  9.66273416e+01 -6.37705810e+01 
 1.56719108e+01  9.62306140e+01 -6.50243101e+01 
 1.65772389e+01  9.58258588e+01 -6.62335639e+01 
 1.75348655e+01  9.54136484e+01 -6.73978433e+01 
 1.85478119e+01  9.49945386e+01 -6.85169701e+01 
 1.96192737e+01  9.45690637e+01 -6.95910541e+01 
 2.07526313e+01  9.41377340e+01 -7.06204593e+01 
 2.19514602e+01  9.37010333e+01 -7.16057703e+01 
 2.32195425e+01  9.32594177e+01 -7.25477599e+01 
 2.45608788e+01  9.28133147e+01 -7.34473588e+01 
 2.59797009e+01  9.23631231e+01 -7.43056271e+01 
 2.74804848e+01  9.19092132e+01 -7.51237283e+01 
 2.90679654e+01  9.14519278e+01 -7.59029059e+01 
 3.07471508e+01  9.09915826e+01 -7.66444625e+01 
 3.25233387e+01  9.05284678e+01 -7.73497412e+01 
 3.44021326e+01  9.00628493e+01 -7.80201098e+01 
 3.63894599e+01  8.95949700e+01 -7.86569473e+01 
 3.84915902e+01  8.91250515e+01 -7.92616315e+01 
 4.07151555e+01  8.86532952e+01 -7.98355298e+01 
 4.30671707e+01  8.81798842e+01 -8.03799908e+01 
 4.55550561e+01  8.77049845e+01 -8.08963378e+01 
 4.81866605e+01  8.72287463e+01 -8.13858632e+01 
 5.09702863e+01  8.67513053e+01 -8.18498247e+01 
 5.39147154e+01  8.62727842e+01 -8.22894419e+01 
 5.70292370e+01  8.57932936e+01 -8.27058940e+01 
 6.03236769e+01  8.53129332e+01 -8.31003184e+01 
 6.38084285e+01  8.48317926e+01 -8.34738094e+01 
 6.74944857e+01  8.43499527e+01 -8.38274179e+01 
 7.13934775e+01  8.38674860e+01 -8.41621515e+01 
 7.55177045e+01  8.33844577e+01 -8.44789744e+01 
 7.98801781e+01  8.29009264e+01 -8.47788085e+01 
 8.44946611e+01  8.24169446e+01 -8.50625338e+01 
 8.93757115e+01  8.19325595e+01 -8.53309895e+01 
 9.45387283e+01  8.14478133e+01 -8.55849754e+01 
 1.00000000e+02  8.09627440e+01 -8.58252527e+01 
 1.05776756e+02  8.04773855e+01 -8.60525454e+01 
 1.11887221e+02  7.99917683e+01 -8.62675419e+01 
 1.18350673e+02  7.95059196e+01 -8.64708963e+01 
 1.25187503e+02  7.90198638e+01 -8.66632296e+01 
 1.32419279e+02  7.85336228e+01 -8.68451310e+01 
 1.40068818e+02  7.80472161e+01 -8.70171598e+01 
 1.48160252e+02  7.75606612e+01 -8.71798463e+01 
 1.56719108e+02  7.70739738e+01 -8.73336932e+01 
 1.65772389e+02  7.65871680e+01 -8.74791770e+01 
 1.75348655e+02  7.61002562e+01 -8.76167491e+01 
 1.85478119e+02  7.56132497e+01 -8.77468371e+01 
 1.96192737e+02  7.51261585e+01 -8.78698461e+01 
 2.07526313e+02  7.46389915e+01 -8.79861597e+01 
 2.19514602e+02  7.41517569e+01 -8.80961408e+01 
 2.32195425e+02  7.36644617e+01 -8.82001334e+01 
 2.45608788e+02  7.31771125e+01 -8.82984626e+01 
 2.59797009e+02  7.26897148e+01 -8.83914364e+01 
 2.74804848e+02  7.22022740e+01 -8.84793462e+01 
 2.90679654e+02  7.17147945e+01 -8.85624675e+01 
 3.07471508e+02  7.12272804e+01 -8.86410613e+01 
 3.25233387e+02  7.07397355e+01 -8.87153744e+01 
 3.44021326e+02  7.02521629e+01 -8.87856401e+01 
 3.63894599e+02  6.97645657e+01 -8.88520793e+01 
 3.84915902e+02  6.92769464e+01 -8.89149009e+01 
 4.07151555e+02  6.87893075e+01 -8.89743024e+01 
 4.30671707e+02  6.83016508e+01 -8.90304709e+01 
 4.55550561e+02  6.78139785e+01 -8.90835830e+01 
 4.81866605e+02  6.73262921e+01 -8.91338059e+01 
 5.09702863e+02  6.68385931e+01 -8.91812977e+01 
 5.39147154e+02  6.63508828e+01 -8.92262082e+01 
 5.70292370e+02  6.58631625e+01 -8.92686786e+01 
 6.03236769e+02  6.53754332e+01 -8.93088428e+01 
 6.38084285e+02  6.48876959e+01 -8.93468274e+01 
 6.74944857e+02  6.43999514e+01 -8.93827521e+01 
 7.13934775e+02  6.39122005e+01 -8.94167301e+01 
 7.55177045e+02  6.34244438e+01 -8.94488684e+01 
 7.98801781e+02  6.29366821e+01 -8.94792684e+01 
 8.44946611e+02  6.24489157e+01 -8.95080260e+01 
 8.93757115e+02  6.19611453e+01 -8.95352318e+01 
 9.45387283e+02  6.14733712e+01 -8.95609716e+01 
 1.00000000e+03  6.09855938e+01 -8.95853266e+01 
 1.05776756e+03  6.04978135e+01 -8.96083735e+01 
 1.11887221e+03  6.00100306e+01 -8.96301851e+01 
 1.18350673e+03  5.95222453e+01 -8.96508300e+01 
 1.25187503e+03  5.90344580e+01 -8.96703735e+01 
 1.32419279e+03  5.85466688e+01 -8.96888772e+01 
 1.40068818e+03  5.80588780e+01 -8.97063995e+01 
 1.48160252e+03  5.75710856e+01 -8.97229955e+01 
 1.56719108e+03  5.70832919e+01 -8.97387177e+01 
 1.65772389e+03  5.65954971e+01 -8.97536156e+01 
 1.75348655e+03  5.61077011e+01 -8.97677363e+01 
 1.85478119e+03  5.56199042e+01 -8.97811242e+01 
 1.96192737e+03  5.51321065e+01 -8.97938216e+01 
 2.07526313e+03  5.46443080e+01 -8.98058687e+01 
 2.19514602e+03  5.41565088e+01 -8.98173032e+01 
 2.32195425e+03  5.36687090e+01 -8.98281615e+01 
 2.45608788e+03  5.31809087e+01 -8.98384776e+01 
 2.59797009e+03  5.26931079e+01 -8.98482841e+01 
 2.74804848e+03  5.22053066e+01 -8.98576120e+01 
 2.90679654e+03  5.17175050e+01 -8.98664908e+01 
 3.07471508e+03  5.12297030e+01 -8.98749483e+01 
 3.25233387e+03  5.07419007e+01 -8.98830113e+01 
 3.44021326e+03  5.02540981e+01 -8.98907052e+01 
 3.63894599e+03  4.97662953e+01 -8.98980544e+01 
 3.84915902e+03  4.92784922e+01 -8.99050819e+01 
 4.07151555e+03  4.87906890e+01 -8.99118099e+01 
 4.30671707e+03  4.83028855e+01 -8.99182598e+01 
 4.55550561e+03  4.78150820e+01 -8.99244517e+01 
 4.81866605e+03  4.73272782e+01 -8.99304054e+01 
 5.09702863e+03  4.68394743e+01 -8.99361394e+01 
 5.39147154e+03  4.63516703e+01 -8.99416720e+01 
 5.70292370e+03  4.58638662e+01 -8.99470206e+01 
 6.03236769e+03  4.53760620e+01 -8.99522021e+01 
 6.38084285e+03  4.48882577e+01 -8.99572327e+01 
 6.74944857e+03  4.44004534e+01 -8.99621284e+01 
 7.13934775e+03  4.39126489e+01 -8.99669047e+01 
 7.55177045e+03  4.34248444e+01 -8.99715765e+01 
 7.98801781e+03  4.29370398e+01 -8.99761587e+01 
 8.44946611e+03  4.24492352e+01 -8.99806656e+01 
 8.93757115e+03  4.19614305e+01 -8.99851116e+01 
 9.45387283e+03  4.14736257e+01 -8.99895106e+01 
 1.00000000e+04  4.09858209e+01 -8.99938765e+01 
 1.05776756e+04  4.04980160e+01 -8.99982230e+01 
 1.11887221e+04  4.00102111e+01 -9.00025640e+01 
 1.18350673e+04  3.95224061e+01 -9.00069131e+01 
 1.25187503e+04  3.90346011e+01 -9.00112839e+01 
 1.32419279e+04  3.85467960e+01 -9.00156904e+01 
 1.40068818e+04  3.80589908e+01 -9.00201464e+01 
 1.48160252e+04  3.75711856e+01 -9.00246659e+01 
 1.56719108e+04  3.70833803e+01 -9.00292632e+01 
 1.65772389e+04  3.65955749e+01 -9.00339529e+01 
 1.75348655e+04  3.61077695e+01 -9.00387497e+01 
 1.85478119e+04  3.56199639e+01 -9.00436687e+01 
 1.96192737e+04  3.51321583e+01 -9.00487255e+01 
 2.07526313e+04  3.46443525e+01 -9.00539360e+01 
 2.19514602e+04  3.41565467e+01 -9.00593166e+01 
 2.32195425e+04  3.36687407e+01 -9.00648844e+01 
 2.45608788e+04  3.31809346e+01 -9.00706569e+01 
 2.59797009e+04  3.26931283e+01 -9.00766524e+01 
 2.74804848e+04  3.22053218e+01 -9.00828896e+01 
 2.90679654e+04  3.17175151e+01 -9.00893883e+01 
 3.07471508e+04  3.12297083e+01 -9.00961690e+01 
 3.25233387e+04  3.07419011e+01 -9.01032532e+01 
 3.44021326e+04  3.02540937e+01 -9.01106630e+01 
 3.63894599e+04  2.97662860e+01 -9.01184220e+01 
 3.84915902e+04  2.92784780e+01 -9.01265546e+01 
 4.07151555e+04  2.87906695e+01 -9.01350864e+01 
 4.30671707e+04  2.83028607e+01 -9.01440444e+01 
 4.55550561e+04  2.78150513e+01 -9.01534569e+01 
 4.81866605e+04  2.73272415e+01 -9.01633534e+01 
 5.09702863e+04  2.68394310e+01 -9.01737653e+01 
 5.39147154e+04  2.63516199e+01 -9.01847253e+01 
 5.70292370e+04  2.58638080e+01 -9.01962681e+01 
 6.03236769e+04  2.53759953e+01 -9.02084301e+01 
 6.38084285e+04  2.48881816e+01 -9.02212496e+01 
 6.74944857e+04  2.44003669e+01 -9.02347670e+01 
 7.13934775e+04  2.39125511e+01 -9.02490251e+01 
 7.55177045e+04  2.34247339e+01 -9.02640687e+01 
 7.98801781e+04  2.29369153e+01 -9.02799453e+01 
 8.44946611e+04  2.24490950e+01 -9.02967051e+01 
 8.93757115e+04  2.19612730e+01 -9.03144007e+01 
 9.45387283e+04  2.14734488e+01 -9.03330882e+01 
 1.00000000e+05  2.09856224e+01 -9.03528263e+01 
 1.05776756e+05  2.04977934e+01 -9.03736774e+01 
 1.11887221e+05  2.00099616e+01 -9.03957072e+01 
 1.18350673e+05  1.95221265e+01 -9.04189851e+01 
 1.25187503e+05  1.90342879e+01 -9.04435846e+01 
 1.32419279e+05  1.85464452e+01 -9.04695831e+01 
 1.40068818e+05  1.80585981e+01 -9.04970628e+01 
 1.48160252e+05  1.75707459e+01 -9.05261101e+01 
 1.56719108e+05  1.70828881e+01 -9.05568166e+01 
 1.65772389e+05  1.65950240e+01 -9.05892791e+01 
 1.75348655e+05  1.61071529e+01 -9.06235999e+01 
 1.85478119e+05  1.56192739e+01 -9.06598871e+01 
 1.96192737e+05  1.51313861e+01 -9.06982551e+01 
 2.07526313e+05  1.46434885e+01 -9.07388246e+01 
 2.19514602e+05  1.41555798e+01 -9.07817235e+01 
 2.32195425e+05  1.36676588e+01 -9.08270867e+01 
 2.45608788e+05  1.31797240e+01 -9.08750571e+01 
 2.59797009e+05  1.26917737e+01 -9.09257855e+01 
 2.74804848e+05  1.22038062e+01 -9.09794317e+01 
 2.90679654e+05  1.17158193e+01 -9.10361641e+01 
 3.07471508e+05  1.12278109e+01 -9.10961612e+01 
 3.25233387e+05  1.07397782e+01 -9.11596115e+01 
 3.44021326e+05  1.02517185e+01 -9.12267142e+01 
 3.63894599e+05  9.76362846e+00 -9.12976798e+01 
 3.84915902e+05  9.27550459e+00 -9.13727311e+01 
 4.07151555e+05  8.78734284e+00 -9.14521032e+01 
 4.30671707e+05  8.29913871e+00 -9.15360447e+01 
 4.55550561e+05  7.81088717e+00 -9.16248183e+01 
 4.81866605e+05  7.32258259e+00 -9.17187015e+01 
 5.09702863e+05  6.83421871e+00 -9.18179875e+01 
 5.39147154e+05  6.34578847e+00 -9.19229859e+01 
 5.70292370e+05  5.85728403e+00 -9.20340238e+01 
 6.03236769e+05  5.36869658e+00 -9.21514465e+01 
 6.38084285e+05  4.88001632e+00 -9.22756186e+01 
 6.74944857e+05  4.39123224e+00 -9.24069248e+01 
 7.13934775e+05  3.90233208e+00 -9.25457711e+01 
 7.55177045e+05  3.41330212e+00 -9.26925858e+01 
 7.98801781e+05  2.92412703e+00 -9.28478205e+01 
 8.44946611e+05  2.43478967e+00 -9.30119514e+01 
 8.93757115e+05  1.94527091e+00 -9.31854802e+01 
 9.45387283e+05  1.45554939e+00 -9.33689351e+01 
 1.00000000e+06  9.65601241e-01 -9.35628725e+01 
 1.05776756e+06  4.75399828e-01 -9.37678775e+01 
 1.11887221e+06 -1.50845760e-02 -9.39845656e+01 
 1.18350673e+06 -5.05885139e-01 -9.42135831e+01 
 1.25187503e+06 -9.97038852e-01 -9.44556088e+01 
 1.32419279e+06 -1.48858696e+00 -9.47113543e+01 
 1.40068818e+06 -1.98057542e+00 -9.49815654e+01 
 1.48160252e+06 -2.47305543e+00 -9.52670225e+01 
 1.56719108e+06 -2.96608399e+00 -9.55685411e+01 
 1.65772389e+06 -3.45972452e+00 -9.58869722e+01 
 1.75348655e+06 -3.95404753e+00 -9.62232022e+01 
 1.85478119e+06 -4.44913139e+00 -9.65781526e+01 
 1.96192737e+06 -4.94506306e+00 -9.69527796e+01 
 2.07526313e+06 -5.44193904e+00 -9.73480723e+01 
 2.19514602e+06 -5.93986621e+00 -9.77650512e+01 
 2.32195425e+06 -6.43896290e+00 -9.82047658e+01 
 2.45608788e+06 -6.93935987e+00 -9.86682909e+01 
 2.59797009e+06 -7.44120143e+00 -9.91567228e+01 
 2.74804848e+06 -7.94464664e+00 -9.96711735e+01 
 2.90679654e+06 -8.44987040e+00 -1.00212764e+02 
 3.07471508e+06 -8.95706473e+00 -1.00782618e+02 
 3.25233387e+06 -9.46643993e+00 -1.01381848e+02 
 3.44021326e+06 -9.97822571e+00 -1.02011549e+02 
 3.63894599e+06 -1.04926723e+01 -1.02672783e+02 
 3.84915902e+06 -1.10100515e+01 -1.03366560e+02 
 4.07151555e+06 -1.15306573e+01 -1.04093828e+02 
 4.30671707e+06 -1.20548064e+01 -1.04855444e+02 
 4.55550561e+06 -1.25828389e+01 -1.05652159e+02 
 4.81866605e+06 -1.31151176e+01 -1.06484589e+02 
 5.09702863e+06 -1.36520274e+01 -1.07353187e+02 
 5.39147154e+06 -1.41939746e+01 -1.08258217e+02 
 5.70292370e+06 -1.47413843e+01 -1.09199721e+02 
 6.03236769e+06 -1.52946978e+01 -1.10177487e+02 
 6.38084285e+06 -1.58543689e+01 -1.11191018e+02 
 6.74944857e+06 -1.64208595e+01 -1.12239500e+02 
 7.13934775e+06 -1.69946332e+01 -1.13321773e+02 
 7.55177045e+06 -1.75761488e+01 -1.14436302e+02 
 7.98801781e+06 -1.81658519e+01 -1.15581161e+02 
 8.44946611e+06 -1.87641662e+01 -1.16754014e+02 
 8.93757115e+06 -1.93714831e+01 -1.17952111e+02 
 9.45387283e+06 -1.99881509e+01 -1.19172291e+02 
 1.00000000e+07 -2.06144634e+01 -1.20410997e+02 
 1.05776756e+07 -2.12506484e+01 -1.21664305e+02 
 1.11887221e+07 -2.18968566e+01 -1.22927966e+02 
 1.18350673e+07 -2.25531500e+01 -1.24197458e+02 
 1.25187503e+07 -2.32194929e+01 -1.25468058e+02 
 1.32419279e+07 -2.38957429e+01 -1.26734919e+02 
 1.40068818e+07 -2.45816444e+01 -1.27993162e+02 
 1.48160252e+07 -2.52768244e+01 -1.29237975e+02 
 1.56719108e+07 -2.59807895e+01 -1.30464713e+02 
 1.65772389e+07 -2.66929267e+01 -1.31669008e+02 
 1.75348655e+07 -2.74125059e+01 -1.32846870e+02 
 1.85478119e+07 -2.81386846e+01 -1.33994790e+02 
 1.96192737e+07 -2.88705155e+01 -1.35109829e+02 
 2.07526313e+07 -2.96069556e+01 -1.36189708e+02 
 2.19514602e+07 -3.03468769e+01 -1.37232879e+02 
 2.32195425e+07 -3.10890792e+01 -1.38238583e+02 
 2.45608788e+07 -3.18323031e+01 -1.39206899e+02 
 2.59797009e+07 -3.25752447e+01 -1.40138777e+02 
 2.74804848e+07 -3.33165701e+01 -1.41036051e+02 
 2.90679654e+07 -3.40549306e+01 -1.41901442e+02 
 3.07471508e+07 -3.47889780e+01 -1.42738542e+02 
 3.25233387e+07 -3.55173793e+01 -1.43551785e+02 
 3.44021326e+07 -3.62388315e+01 -1.44346397e+02 
 3.63894599e+07 -3.69520752e+01 -1.45128333e+02 
 3.84915902e+07 -3.76559075e+01 -1.45904201e+02 
 4.07151555e+07 -3.83491939e+01 -1.46681164e+02 
 4.30671707e+07 -3.90308784e+01 -1.47466837e+02 
 4.55550561e+07 -3.96999924e+01 -1.48269166e+02 
 4.81866605e+07 -4.03556615e+01 -1.49096301e+02 
 5.09702863e+07 -4.09971114e+01 -1.49956461e+02 
 5.39147154e+07 -4.16236706e+01 -1.50857793e+02 
 5.70292370e+07 -4.22347730e+01 -1.51808239e+02 
 6.03236769e+07 -4.28299582e+01 -1.52815397e+02 
 6.38084285e+07 -4.34088708e+01 -1.53886394e+02 
 6.74944857e+07 -4.39712596e+01 -1.55027767e+02 
 7.13934775e+07 -4.45169756e+01 -1.56245358e+02 
 7.55177045e+07 -4.50459708e+01 -1.57544225e+02 
 7.98801781e+07 -4.55582964e+01 -1.58928565e+02 
 8.44946611e+07 -4.60541026e+01 -1.60401659e+02 
 8.93757115e+07 -4.65336382e+01 -1.61965835e+02 
 9.45387283e+07 -4.69972510e+01 -1.63622445e+02 
 1.00000000e+08 -4.74453888e+01 -1.65371866e+02 
