 v-sweep         Vout           
-1.00000000e-05  6.63898012e-01 
-9.98000000e-06  6.63964185e-01 
-9.96000000e-06  6.64030394e-01 
-9.94000000e-06  6.64096742e-01 
-9.92000000e-06  6.64163231e-01 
-9.90000000e-06  6.64229861e-01 
-9.88000000e-06  6.64296632e-01 
-9.86000000e-06  6.64363546e-01 
-9.84000000e-06  6.64430603e-01 
-9.82000000e-06  6.64497803e-01 
-9.80000000e-06  6.64565147e-01 
-9.78000000e-06  6.64632636e-01 
-9.76000000e-06  6.64700271e-01 
-9.74000000e-06  6.64768052e-01 
-9.72000000e-06  6.64835979e-01 
-9.70000000e-06  6.64904055e-01 
-9.68000000e-06  6.64972278e-01 
-9.66000000e-06  6.65040650e-01 
-9.64000000e-06  6.65109172e-01 
-9.62000000e-06  6.65177845e-01 
-9.60000000e-06  6.65246668e-01 
-9.58000000e-06  6.65315643e-01 
-9.56000000e-06  6.65384770e-01 
-9.54000000e-06  6.65454050e-01 
-9.52000000e-06  6.65523485e-01 
-9.50000000e-06  6.65593073e-01 
-9.48000000e-06  6.65662817e-01 
-9.46000000e-06  6.65732718e-01 
-9.44000000e-06  6.65802774e-01 
-9.42000000e-06  6.65872989e-01 
-9.40000000e-06  6.65943361e-01 
-9.38000000e-06  6.66013893e-01 
-9.36000000e-06  6.66084584e-01 
-9.34000000e-06  6.66155436e-01 
-9.32000000e-06  6.66226450e-01 
-9.30000000e-06  6.66297625e-01 
-9.28000000e-06  6.66368963e-01 
-9.26000000e-06  6.66440465e-01 
-9.24000000e-06  6.66512132e-01 
-9.22000000e-06  6.66583963e-01 
-9.20000000e-06  6.66655961e-01 
-9.18000000e-06  6.66728125e-01 
-9.16000000e-06  6.66800458e-01 
-9.14000000e-06  6.66872959e-01 
-9.12000000e-06  6.66945629e-01 
-9.10000000e-06  6.67018469e-01 
-9.08000000e-06  6.67091480e-01 
-9.06000000e-06  6.67164664e-01 
-9.04000000e-06  6.67238020e-01 
-9.02000000e-06  6.67311549e-01 
-9.00000000e-06  6.67385253e-01 
-8.98000000e-06  6.67459133e-01 
-8.96000000e-06  6.67533188e-01 
-8.94000000e-06  6.67607421e-01 
-8.92000000e-06  6.67681832e-01 
-8.90000000e-06  6.67756421e-01 
-8.88000000e-06  6.67831191e-01 
-8.86000000e-06  6.67906141e-01 
-8.84000000e-06  6.67981273e-01 
-8.82000000e-06  6.68056587e-01 
-8.80000000e-06  6.68132085e-01 
-8.78000000e-06  6.68207767e-01 
-8.76000000e-06  6.68283635e-01 
-8.74000000e-06  6.68359689e-01 
-8.72000000e-06  6.68435931e-01 
-8.70000000e-06  6.68512360e-01 
-8.68000000e-06  6.68588979e-01 
-8.66000000e-06  6.68665789e-01 
-8.64000000e-06  6.68742789e-01 
-8.62000000e-06  6.68819982e-01 
-8.60000000e-06  6.68897368e-01 
-8.58000000e-06  6.68974949e-01 
-8.56000000e-06  6.69052724e-01 
-8.54000000e-06  6.69130696e-01 
-8.52000000e-06  6.69208866e-01 
-8.50000000e-06  6.69287234e-01 
-8.48000000e-06  6.69365801e-01 
-8.46000000e-06  6.69444569e-01 
-8.44000000e-06  6.69523539e-01 
-8.42000000e-06  6.69602712e-01 
-8.40000000e-06  6.69682088e-01 
-8.38000000e-06  6.69761669e-01 
-8.36000000e-06  6.69841457e-01 
-8.34000000e-06  6.69921451e-01 
-8.32000000e-06  6.70001654e-01 
-8.30000000e-06  6.70082066e-01 
-8.28000000e-06  6.70162689e-01 
-8.26000000e-06  6.70243524e-01 
-8.24000000e-06  6.70324571e-01 
-8.22000000e-06  6.70405833e-01 
-8.20000000e-06  6.70487310e-01 
-8.18000000e-06  6.70569003e-01 
-8.16000000e-06  6.70650914e-01 
-8.14000000e-06  6.70733044e-01 
-8.12000000e-06  6.70815394e-01 
-8.10000000e-06  6.70897965e-01 
-8.08000000e-06  6.70980760e-01 
-8.06000000e-06  6.71063778e-01 
-8.04000000e-06  6.71147021e-01 
-8.02000000e-06  6.71230490e-01 
-8.00000000e-06  6.71314187e-01 
-7.98000000e-06  6.71398114e-01 
-7.96000000e-06  6.71482270e-01 
-7.94000000e-06  6.71566658e-01 
-7.92000000e-06  6.71651280e-01 
-7.90000000e-06  6.71736135e-01 
-7.88000000e-06  6.71821226e-01 
-7.86000000e-06  6.71906555e-01 
-7.84000000e-06  6.71992121e-01 
-7.82000000e-06  6.72077928e-01 
-7.80000000e-06  6.72163976e-01 
-7.78000000e-06  6.72250266e-01 
-7.76000000e-06  6.72336801e-01 
-7.74000000e-06  6.72423581e-01 
-7.72000000e-06  6.72510608e-01 
-7.70000000e-06  6.72597883e-01 
-7.68000000e-06  6.72685408e-01 
-7.66000000e-06  6.72773185e-01 
-7.64000000e-06  6.72861215e-01 
-7.62000000e-06  6.72949499e-01 
-7.60000000e-06  6.73038039e-01 
-7.58000000e-06  6.73126837e-01 
-7.56000000e-06  6.73215894e-01 
-7.54000000e-06  6.73305212e-01 
-7.52000000e-06  6.73394791e-01 
-7.50000000e-06  6.73484635e-01 
-7.48000000e-06  6.73574744e-01 
-7.46000000e-06  6.73665120e-01 
-7.44000000e-06  6.73755766e-01 
-7.42000000e-06  6.73846681e-01 
-7.40000000e-06  6.73937869e-01 
-7.38000000e-06  6.74029330e-01 
-7.36000000e-06  6.74121067e-01 
-7.34000000e-06  6.74213081e-01 
-7.32000000e-06  6.74305375e-01 
-7.30000000e-06  6.74397949e-01 
-7.28000000e-06  6.74490805e-01 
-7.26000000e-06  6.74583946e-01 
-7.24000000e-06  6.74677373e-01 
-7.22000000e-06  6.74771088e-01 
-7.20000000e-06  6.74865093e-01 
-7.18000000e-06  6.74959390e-01 
-7.16000000e-06  6.75053980e-01 
-7.14000000e-06  6.75148865e-01 
-7.12000000e-06  6.75244048e-01 
-7.10000000e-06  6.75339531e-01 
-7.08000000e-06  6.75435314e-01 
-7.06000000e-06  6.75531401e-01 
-7.04000000e-06  6.75627793e-01 
-7.02000000e-06  6.75724492e-01 
-7.00000000e-06  6.75821501e-01 
-6.98000000e-06  6.75918820e-01 
-6.96000000e-06  6.76016454e-01 
-6.94000000e-06  6.76114402e-01 
-6.92000000e-06  6.76212669e-01 
-6.90000000e-06  6.76311255e-01 
-6.88000000e-06  6.76410163e-01 
-6.86000000e-06  6.76509395e-01 
-6.84000000e-06  6.76608953e-01 
-6.82000000e-06  6.76708840e-01 
-6.80000000e-06  6.76809057e-01 
-6.78000000e-06  6.76909608e-01 
-6.76000000e-06  6.77010494e-01 
-6.74000000e-06  6.77111717e-01 
-6.72000000e-06  6.77213281e-01 
-6.70000000e-06  6.77315186e-01 
-6.68000000e-06  6.77417437e-01 
-6.66000000e-06  6.77520034e-01 
-6.64000000e-06  6.77622981e-01 
-6.62000000e-06  6.77726280e-01 
-6.60000000e-06  6.77829933e-01 
-6.58000000e-06  6.77933944e-01 
-6.56000000e-06  6.78038314e-01 
-6.54000000e-06  6.78143046e-01 
-6.52000000e-06  6.78248142e-01 
-6.50000000e-06  6.78353606e-01 
-6.48000000e-06  6.78459440e-01 
-6.46000000e-06  6.78565647e-01 
-6.44000000e-06  6.78672229e-01 
-6.42000000e-06  6.78779189e-01 
-6.40000000e-06  6.78886529e-01 
-6.38000000e-06  6.78994254e-01 
-6.36000000e-06  6.79102365e-01 
-6.34000000e-06  6.79210865e-01 
-6.32000000e-06  6.79319757e-01 
-6.30000000e-06  6.79429045e-01 
-6.28000000e-06  6.79538730e-01 
-6.26000000e-06  6.79648817e-01 
-6.24000000e-06  6.79759307e-01 
-6.22000000e-06  6.79870205e-01 
-6.20000000e-06  6.79981513e-01 
-6.18000000e-06  6.80093234e-01 
-6.16000000e-06  6.80205371e-01 
-6.14000000e-06  6.80317929e-01 
-6.12000000e-06  6.80430909e-01 
-6.10000000e-06  6.80544315e-01 
-6.08000000e-06  6.80658151e-01 
-6.06000000e-06  6.80772419e-01 
-6.04000000e-06  6.80887124e-01 
-6.02000000e-06  6.81002268e-01 
-6.00000000e-06  6.81117855e-01 
-5.98000000e-06  6.81233889e-01 
-5.96000000e-06  6.81350373e-01 
-5.94000000e-06  6.81467310e-01 
-5.92000000e-06  6.81584705e-01 
-5.90000000e-06  6.81702560e-01 
-5.88000000e-06  6.81820881e-01 
-5.86000000e-06  6.81939669e-01 
-5.84000000e-06  6.82058930e-01 
-5.82000000e-06  6.82178667e-01 
-5.80000000e-06  6.82298883e-01 
-5.78000000e-06  6.82419584e-01 
-5.76000000e-06  6.82540772e-01 
-5.74000000e-06  6.82662452e-01 
-5.72000000e-06  6.82784628e-01 
-5.70000000e-06  6.82907304e-01 
-5.68000000e-06  6.83030484e-01 
-5.66000000e-06  6.83154173e-01 
-5.64000000e-06  6.83278374e-01 
-5.62000000e-06  6.83403093e-01 
-5.60000000e-06  6.83528333e-01 
-5.58000000e-06  6.83654099e-01 
-5.56000000e-06  6.83780395e-01 
-5.54000000e-06  6.83907227e-01 
-5.52000000e-06  6.84034598e-01 
-5.50000000e-06  6.84162513e-01 
-5.48000000e-06  6.84290977e-01 
-5.46000000e-06  6.84419995e-01 
-5.44000000e-06  6.84549572e-01 
-5.42000000e-06  6.84679712e-01 
-5.40000000e-06  6.84810421e-01 
-5.38000000e-06  6.84941704e-01 
-5.36000000e-06  6.85073566e-01 
-5.34000000e-06  6.85206011e-01 
-5.32000000e-06  6.85339046e-01 
-5.30000000e-06  6.85472675e-01 
-5.28000000e-06  6.85606904e-01 
-5.26000000e-06  6.85741739e-01 
-5.24000000e-06  6.85877184e-01 
-5.22000000e-06  6.86013246e-01 
-5.20000000e-06  6.86149931e-01 
-5.18000000e-06  6.86287243e-01 
-5.16000000e-06  6.86425190e-01 
-5.14000000e-06  6.86563776e-01 
-5.12000000e-06  6.86703008e-01 
-5.10000000e-06  6.86842892e-01 
-5.08000000e-06  6.86983434e-01 
-5.06000000e-06  6.87124641e-01 
-5.04000000e-06  6.87266518e-01 
-5.02000000e-06  6.87409073e-01 
-5.00000000e-06  6.87552312e-01 
-4.98000000e-06  6.87696240e-01 
-4.96000000e-06  6.87840866e-01 
-4.94000000e-06  6.87986196e-01 
-4.92000000e-06  6.88132237e-01 
-4.90000000e-06  6.88278996e-01 
-4.88000000e-06  6.88426480e-01 
-4.86000000e-06  6.88574696e-01 
-4.84000000e-06  6.88723651e-01 
-4.82000000e-06  6.88873354e-01 
-4.80000000e-06  6.89023812e-01 
-4.78000000e-06  6.89175031e-01 
-4.76000000e-06  6.89327021e-01 
-4.74000000e-06  6.89479789e-01 
-4.72000000e-06  6.89633342e-01 
-4.70000000e-06  6.89787690e-01 
-4.68000000e-06  6.89942841e-01 
-4.66000000e-06  6.90098802e-01 
-4.64000000e-06  6.90255582e-01 
-4.62000000e-06  6.90413191e-01 
-4.60000000e-06  6.90571636e-01 
-4.58000000e-06  6.90730927e-01 
-4.56000000e-06  6.90891072e-01 
-4.54000000e-06  6.91052082e-01 
-4.52000000e-06  6.91213965e-01 
-4.50000000e-06  6.91376731e-01 
-4.48000000e-06  6.91540390e-01 
-4.46000000e-06  6.91704951e-01 
-4.44000000e-06  6.91870424e-01 
-4.42000000e-06  6.92036820e-01 
-4.40000000e-06  6.92204148e-01 
-4.38000000e-06  6.92372420e-01 
-4.36000000e-06  6.92541645e-01 
-4.34000000e-06  6.92711836e-01 
-4.32000000e-06  6.92883002e-01 
-4.30000000e-06  6.93055155e-01 
-4.28000000e-06  6.93228306e-01 
-4.26000000e-06  6.93402467e-01 
-4.24000000e-06  6.93577650e-01 
-4.22000000e-06  6.93753866e-01 
-4.20000000e-06  6.93931128e-01 
-4.18000000e-06  6.94109448e-01 
-4.16000000e-06  6.94288839e-01 
-4.14000000e-06  6.94469314e-01 
-4.12000000e-06  6.94650885e-01 
-4.10000000e-06  6.94833566e-01 
-4.08000000e-06  6.95017370e-01 
-4.06000000e-06  6.95202312e-01 
-4.04000000e-06  6.95388405e-01 
-4.02000000e-06  6.95575663e-01 
-4.00000000e-06  6.95764101e-01 
-3.98000000e-06  6.95953734e-01 
-3.96000000e-06  6.96144576e-01 
-3.94000000e-06  6.96336644e-01 
-3.92000000e-06  6.96529952e-01 
-3.90000000e-06  6.96724517e-01 
-3.88000000e-06  6.96920355e-01 
-3.86000000e-06  6.97117482e-01 
-3.84000000e-06  6.97315915e-01 
-3.82000000e-06  6.97515671e-01 
-3.80000000e-06  6.97716768e-01 
-3.78000000e-06  6.97919224e-01 
-3.76000000e-06  6.98123056e-01 
-3.74000000e-06  6.98328284e-01 
-3.72000000e-06  6.98534925e-01 
-3.70000000e-06  6.98743000e-01 
-3.68000000e-06  6.98952528e-01 
-3.66000000e-06  6.99163529e-01 
-3.64000000e-06  6.99376023e-01 
-3.62000000e-06  6.99590031e-01 
-3.60000000e-06  6.99805575e-01 
-3.58000000e-06  7.00022676e-01 
-3.56000000e-06  7.00241357e-01 
-3.54000000e-06  7.00461639e-01 
-3.52000000e-06  7.00683546e-01 
-3.50000000e-06  7.00907102e-01 
-3.48000000e-06  7.01132331e-01 
-3.46000000e-06  7.01359256e-01 
-3.44000000e-06  7.01587904e-01 
-3.42000000e-06  7.01818300e-01 
-3.40000000e-06  7.02050470e-01 
-3.38000000e-06  7.02284441e-01 
-3.36000000e-06  7.02520240e-01 
-3.34000000e-06  7.02757895e-01 
-3.32000000e-06  7.02997435e-01 
-3.30000000e-06  7.03238889e-01 
-3.28000000e-06  7.03482287e-01 
-3.26000000e-06  7.03727659e-01 
-3.24000000e-06  7.03975037e-01 
-3.22000000e-06  7.04224452e-01 
-3.20000000e-06  7.04475938e-01 
-3.18000000e-06  7.04729527e-01 
-3.16000000e-06  7.04985255e-01 
-3.14000000e-06  7.05243155e-01 
-3.12000000e-06  7.05503265e-01 
-3.10000000e-06  7.05765620e-01 
-3.08000000e-06  7.06030258e-01 
-3.06000000e-06  7.06297218e-01 
-3.04000000e-06  7.06566540e-01 
-3.02000000e-06  7.06838263e-01 
-3.00000000e-06  7.07112430e-01 
-2.98000000e-06  7.07389082e-01 
-2.96000000e-06  7.07668264e-01 
-2.94000000e-06  7.07950019e-01 
-2.92000000e-06  7.08234394e-01 
-2.90000000e-06  7.08521436e-01 
-2.88000000e-06  7.08811193e-01 
-2.86000000e-06  7.09103714e-01 
-2.84000000e-06  7.09399050e-01 
-2.82000000e-06  7.09697253e-01 
-2.80000000e-06  7.09998377e-01 
-2.78000000e-06  7.10302476e-01 
-2.76000000e-06  7.10609606e-01 
-2.74000000e-06  7.10919827e-01 
-2.72000000e-06  7.11233196e-01 
-2.70000000e-06  7.11549776e-01 
-2.68000000e-06  7.11869628e-01 
-2.66000000e-06  7.12192818e-01 
-2.64000000e-06  7.12519412e-01 
-2.62000000e-06  7.12849478e-01 
-2.60000000e-06  7.13183087e-01 
-2.58000000e-06  7.13520310e-01 
-2.56000000e-06  7.13861222e-01 
-2.54000000e-06  7.14205900e-01 
-2.52000000e-06  7.14554422e-01 
-2.50000000e-06  7.14906870e-01 
-2.48000000e-06  7.15263326e-01 
-2.46000000e-06  7.15623878e-01 
-2.44000000e-06  7.15988613e-01 
-2.42000000e-06  7.16357623e-01 
-2.40000000e-06  7.16731002e-01 
-2.38000000e-06  7.17108848e-01 
-2.36000000e-06  7.17491261e-01 
-2.34000000e-06  7.17878344e-01 
-2.32000000e-06  7.18270203e-01 
-2.30000000e-06  7.18666949e-01 
-2.28000000e-06  7.19068696e-01 
-2.26000000e-06  7.19475561e-01 
-2.24000000e-06  7.19887664e-01 
-2.22000000e-06  7.20305132e-01 
-2.20000000e-06  7.20728094e-01 
-2.18000000e-06  7.21156683e-01 
-2.16000000e-06  7.21591037e-01 
-2.14000000e-06  7.22031301e-01 
-2.12000000e-06  7.22477621e-01 
-2.10000000e-06  7.22930150e-01 
-2.08000000e-06  7.23389048e-01 
-2.06000000e-06  7.23854477e-01 
-2.04000000e-06  7.24326609e-01 
-2.02000000e-06  7.24805618e-01 
-2.00000000e-06  7.25291687e-01 
-1.98000000e-06  7.25785004e-01 
-1.96000000e-06  7.26285765e-01 
-1.94000000e-06  7.26794174e-01 
-1.92000000e-06  7.27310439e-01 
-1.90000000e-06  7.27834780e-01 
-1.88000000e-06  7.28367422e-01 
-1.86000000e-06  7.28908601e-01 
-1.84000000e-06  7.29458559e-01 
-1.82000000e-06  7.30017551e-01 
-1.80000000e-06  7.30585838e-01 
-1.78000000e-06  7.31163694e-01 
-1.76000000e-06  7.31751401e-01 
-1.74000000e-06  7.32349255e-01 
-1.72000000e-06  7.32957561e-01 
-1.70000000e-06  7.33576636e-01 
-1.68000000e-06  7.34206812e-01 
-1.66000000e-06  7.34848432e-01 
-1.64000000e-06  7.35501852e-01 
-1.62000000e-06  7.36167445e-01 
-1.60000000e-06  7.36845596e-01 
-1.58000000e-06  7.37536707e-01 
-1.56000000e-06  7.38241194e-01 
-1.54000000e-06  7.38959493e-01 
-1.52000000e-06  7.39692054e-01 
-1.50000000e-06  7.40439346e-01 
-1.48000000e-06  7.41201858e-01 
-1.46000000e-06  7.41980095e-01 
-1.44000000e-06  7.42774586e-01 
-1.42000000e-06  7.43585876e-01 
-1.40000000e-06  7.44414534e-01 
-1.38000000e-06  7.45261150e-01 
-1.36000000e-06  7.46126336e-01 
-1.34000000e-06  7.47010726e-01 
-1.32000000e-06  7.47914978e-01 
-1.30000000e-06  7.48839773e-01 
-1.28000000e-06  7.49785814e-01 
-1.26000000e-06  7.50753830e-01 
-1.24000000e-06  7.51744573e-01 
-1.22000000e-06  7.52758817e-01 
-1.20000000e-06  7.53797360e-01 
-1.18000000e-06  7.54861022e-01 
-1.16000000e-06  7.55950645e-01 
-1.14000000e-06  7.57067090e-01 
-1.12000000e-06  7.58211237e-01 
-1.10000000e-06  7.59383984e-01 
-1.08000000e-06  7.60586242e-01 
-1.06000000e-06  7.61818933e-01 
-1.04000000e-06  7.63082990e-01 
-1.02000000e-06  7.64379346e-01 
-1.00000000e-06  7.65708939e-01 
-9.80000000e-07  7.67072700e-01 
-9.60000000e-07  7.68471550e-01 
-9.40000000e-07  7.69906392e-01 
-9.20000000e-07  7.71378111e-01 
-9.00000000e-07  7.72887556e-01 
-8.80000000e-07  7.74435543e-01 
-8.60000000e-07  7.76022840e-01 
-8.40000000e-07  7.77650162e-01 
-8.20000000e-07  7.79318161e-01 
-8.00000000e-07  7.81027418e-01 
-7.80000000e-07  7.82778436e-01 
-7.60000000e-07  7.84571630e-01 
-7.40000000e-07  7.86407322e-01 
-7.20000000e-07  7.88285733e-01 
-7.00000000e-07  7.90206977e-01 
-6.80000000e-07  7.92171060e-01 
-6.60000000e-07  7.94177875e-01 
-6.40000000e-07  7.96227199e-01 
-6.20000000e-07  7.98318700e-01 
-6.00000000e-07  8.00451931e-01 
-5.80000000e-07  8.02626342e-01 
-5.60000000e-07  8.04841281e-01 
-5.40000000e-07  8.07096001e-01 
-5.20000000e-07  8.09389673e-01 
-5.00000000e-07  8.11721390e-01 
-4.80000000e-07  8.14090184e-01 
-4.60000000e-07  8.16495032e-01 
-4.40000000e-07  8.18934870e-01 
-4.20000000e-07  8.21408606e-01 
-4.00000000e-07  8.23915129e-01 
-3.80000000e-07  8.26453320e-01 
-3.60000000e-07  8.29022067e-01 
-3.40000000e-07  8.31620269e-01 
-3.20000000e-07  8.34246849e-01 
-3.00000000e-07  8.36900762e-01 
-2.80000000e-07  8.39580998e-01 
-2.60000000e-07  8.42286595e-01 
-2.40000000e-07  8.45016639e-01 
-2.20000000e-07  8.47770270e-01 
-2.00000000e-07  8.50546685e-01 
-1.80000000e-07  8.53345137e-01 
-1.60000000e-07  8.56164936e-01 
-1.40000000e-07  8.59005440e-01 
-1.20000000e-07  8.61866050e-01 
-1.00000000e-07  8.64746186e-01 
-8.00000000e-08  8.67645275e-01 
-6.00000000e-08  8.70562720e-01 
-4.00000000e-08  8.73497888e-01 
-2.00000000e-08  8.76450099e-01 
-7.65307503e-20  8.79418638e-01 
 2.00000000e-08  8.82402781e-01 
 4.00000000e-08  8.85401830e-01 
 6.00000000e-08  8.88415146e-01 
 8.00000000e-08  8.91442161e-01 
 1.00000000e-07  8.94482393e-01 
 1.20000000e-07  8.97535437e-01 
 1.40000000e-07  9.00600960e-01 
 1.60000000e-07  9.03678689e-01 
 1.80000000e-07  9.06768399e-01 
 2.00000000e-07  9.09869907e-01 
 2.20000000e-07  9.12983059e-01 
 2.40000000e-07  9.16107730e-01 
 2.60000000e-07  9.19243810e-01 
 2.80000000e-07  9.22391210e-01 
 3.00000000e-07  9.25549849e-01 
 3.20000000e-07  9.28719658e-01 
 3.40000000e-07  9.31900575e-01 
 3.60000000e-07  9.35092545e-01 
 3.80000000e-07  9.38295515e-01 
 4.00000000e-07  9.41509438e-01 
 4.20000000e-07  9.44734268e-01 
 4.40000000e-07  9.47969962e-01 
 4.60000000e-07  9.51216476e-01 
 4.80000000e-07  9.54473769e-01 
 5.00000000e-07  9.57741799e-01 
 5.20000000e-07  9.61020523e-01 
 5.40000000e-07  9.64309898e-01 
 5.60000000e-07  9.67609879e-01 
 5.80000000e-07  9.70920420e-01 
 6.00000000e-07  9.74241471e-01 
 6.20000000e-07  9.77572981e-01 
 6.40000000e-07  9.80914894e-01 
 6.60000000e-07  9.84267150e-01 
 6.80000000e-07  9.87629686e-01 
 7.00000000e-07  9.91002430e-01 
 7.20000000e-07  9.94385306e-01 
 7.40000000e-07  9.97778229e-01 
 7.60000000e-07  1.00118111e+00 
 7.80000000e-07  1.00459383e+00 
 8.00000000e-07  1.00801629e+00 
 8.20000000e-07  1.01144835e+00 
 8.40000000e-07  1.01488986e+00 
 8.60000000e-07  1.01834066e+00 
 8.80000000e-07  1.02180057e+00 
 9.00000000e-07  1.02526937e+00 
 9.20000000e-07  1.02874682e+00 
 9.40000000e-07  1.03223265e+00 
 9.60000000e-07  1.03572655e+00 
 9.80000000e-07  1.03922816e+00 
 1.00000000e-06  1.04273708e+00 
 1.02000000e-06  1.04625285e+00 
 1.04000000e-06  1.04977494e+00 
 1.06000000e-06  1.05330276e+00 
 1.08000000e-06  1.05683560e+00 
 1.10000000e-06  1.06037270e+00 
 1.12000000e-06  1.06391314e+00 
 1.14000000e-06  1.06745592e+00 
 1.16000000e-06  1.07099987e+00 
 1.18000000e-06  1.07454368e+00 
 1.20000000e-06  1.07808585e+00 
 1.22000000e-06  1.08162468e+00 
 1.24000000e-06  1.08515828e+00 
 1.26000000e-06  1.08868451e+00 
 1.28000000e-06  1.09220098e+00 
 1.30000000e-06  1.09570502e+00 
 1.32000000e-06  1.09919370e+00 
 1.34000000e-06  1.10266379e+00 
 1.36000000e-06  1.10611177e+00 
 1.38000000e-06  1.10953383e+00 
 1.40000000e-06  1.11292591e+00 
 1.42000000e-06  1.11628369e+00 
 1.44000000e-06  1.11960266e+00 
 1.46000000e-06  1.12287820e+00 
 1.48000000e-06  1.12610558e+00 
 1.50000000e-06  1.12928011e+00 
 1.52000000e-06  1.13239720e+00 
 1.54000000e-06  1.13545245e+00 
 1.56000000e-06  1.13844177e+00 
 1.58000000e-06  1.14136146e+00 
 1.60000000e-06  1.14420828e+00 
 1.62000000e-06  1.14697953e+00 
 1.64000000e-06  1.14967308e+00 
 1.66000000e-06  1.15228740e+00 
 1.68000000e-06  1.15482160e+00 
 1.70000000e-06  1.15727533e+00 
 1.72000000e-06  1.15964883e+00 
 1.74000000e-06  1.16194282e+00 
 1.76000000e-06  1.16415851e+00 
 1.78000000e-06  1.16629744e+00 
 1.80000000e-06  1.16836151e+00 
 1.82000000e-06  1.17035286e+00 
 1.84000000e-06  1.17227382e+00 
 1.86000000e-06  1.17412689e+00 
 1.88000000e-06  1.17591463e+00 
 1.90000000e-06  1.17763965e+00 
 1.92000000e-06  1.17930458e+00 
 1.94000000e-06  1.18091205e+00 
 1.96000000e-06  1.18246461e+00 
 1.98000000e-06  1.18396479e+00 
 2.00000000e-06  1.18541502e+00 
 2.02000000e-06  1.18681766e+00 
 2.04000000e-06  1.18817496e+00 
 2.06000000e-06  1.18948910e+00 
 2.08000000e-06  1.19076214e+00 
 2.10000000e-06  1.19199605e+00 
 2.12000000e-06  1.19319271e+00 
 2.14000000e-06  1.19435388e+00 
 2.16000000e-06  1.19548127e+00 
 2.18000000e-06  1.19657645e+00 
 2.20000000e-06  1.19764094e+00 
 2.22000000e-06  1.19867616e+00 
 2.24000000e-06  1.19968345e+00 
 2.26000000e-06  1.20066409e+00 
 2.28000000e-06  1.20161928e+00 
 2.30000000e-06  1.20255015e+00 
 2.32000000e-06  1.20345777e+00 
 2.34000000e-06  1.20434316e+00 
 2.36000000e-06  1.20520727e+00 
 2.38000000e-06  1.20605100e+00 
 2.40000000e-06  1.20687521e+00 
 2.42000000e-06  1.20768070e+00 
 2.44000000e-06  1.20846824e+00 
 2.46000000e-06  1.20923854e+00 
 2.48000000e-06  1.20999231e+00 
 2.50000000e-06  1.21073018e+00 
 2.52000000e-06  1.21145277e+00 
 2.54000000e-06  1.21216066e+00 
 2.56000000e-06  1.21285440e+00 
 2.58000000e-06  1.21353453e+00 
 2.60000000e-06  1.21420153e+00 
 2.62000000e-06  1.21485589e+00 
 2.64000000e-06  1.21549805e+00 
 2.66000000e-06  1.21612845e+00 
 2.68000000e-06  1.21674749e+00 
 2.70000000e-06  1.21735555e+00 
 2.72000000e-06  1.21795302e+00 
 2.74000000e-06  1.21854024e+00 
 2.76000000e-06  1.21911756e+00 
 2.78000000e-06  1.21968528e+00 
 2.80000000e-06  1.22024373e+00 
 2.82000000e-06  1.22079319e+00 
 2.84000000e-06  1.22133394e+00 
 2.86000000e-06  1.22186626e+00 
 2.88000000e-06  1.22239040e+00 
 2.90000000e-06  1.22290660e+00 
 2.92000000e-06  1.22341510e+00 
 2.94000000e-06  1.22391613e+00 
 2.96000000e-06  1.22440991e+00 
 2.98000000e-06  1.22489663e+00 
 3.00000000e-06  1.22537650e+00 
 3.02000000e-06  1.22584972e+00 
 3.04000000e-06  1.22631646e+00 
 3.06000000e-06  1.22677690e+00 
 3.08000000e-06  1.22723121e+00 
 3.10000000e-06  1.22767956e+00 
 3.12000000e-06  1.22812209e+00 
 3.14000000e-06  1.22855897e+00 
 3.16000000e-06  1.22899034e+00 
 3.18000000e-06  1.22941633e+00 
 3.20000000e-06  1.22983709e+00 
 3.22000000e-06  1.23025274e+00 
 3.24000000e-06  1.23066341e+00 
 3.26000000e-06  1.23106922e+00 
 3.28000000e-06  1.23147029e+00 
 3.30000000e-06  1.23186672e+00 
 3.32000000e-06  1.23225864e+00 
 3.34000000e-06  1.23264614e+00 
 3.36000000e-06  1.23302932e+00 
 3.38000000e-06  1.23340829e+00 
 3.40000000e-06  1.23378314e+00 
 3.42000000e-06  1.23415396e+00 
 3.44000000e-06  1.23452083e+00 
 3.46000000e-06  1.23488386e+00 
 3.48000000e-06  1.23524311e+00 
 3.50000000e-06  1.23559868e+00 
 3.52000000e-06  1.23595064e+00 
 3.54000000e-06  1.23629906e+00 
 3.56000000e-06  1.23664402e+00 
 3.58000000e-06  1.23698559e+00 
 3.60000000e-06  1.23732384e+00 
 3.62000000e-06  1.23765883e+00 
 3.64000000e-06  1.23799064e+00 
 3.66000000e-06  1.23831932e+00 
 3.68000000e-06  1.23864494e+00 
 3.70000000e-06  1.23896755e+00 
 3.72000000e-06  1.23928722e+00 
 3.74000000e-06  1.23960400e+00 
 3.76000000e-06  1.23991794e+00 
 3.78000000e-06  1.24022910e+00 
 3.80000000e-06  1.24053754e+00 
 3.82000000e-06  1.24084329e+00 
 3.84000000e-06  1.24114641e+00 
 3.86000000e-06  1.24144695e+00 
 3.88000000e-06  1.24174495e+00 
 3.90000000e-06  1.24204046e+00 
 3.92000000e-06  1.24233353e+00 
 3.94000000e-06  1.24262419e+00 
 3.96000000e-06  1.24291248e+00 
 3.98000000e-06  1.24319846e+00 
 4.00000000e-06  1.24348215e+00 
 4.02000000e-06  1.24376359e+00 
 4.04000000e-06  1.24404283e+00 
 4.06000000e-06  1.24431991e+00 
 4.08000000e-06  1.24459484e+00 
 4.10000000e-06  1.24486768e+00 
 4.12000000e-06  1.24513846e+00 
 4.14000000e-06  1.24540720e+00 
 4.16000000e-06  1.24567394e+00 
 4.18000000e-06  1.24593872e+00 
 4.20000000e-06  1.24620156e+00 
 4.22000000e-06  1.24646249e+00 
 4.24000000e-06  1.24672155e+00 
 4.26000000e-06  1.24697875e+00 
 4.28000000e-06  1.24723414e+00 
 4.30000000e-06  1.24748774e+00 
 4.32000000e-06  1.24773957e+00 
 4.34000000e-06  1.24798966e+00 
 4.36000000e-06  1.24823804e+00 
 4.38000000e-06  1.24848473e+00 
 4.40000000e-06  1.24872976e+00 
 4.42000000e-06  1.24897315e+00 
 4.44000000e-06  1.24921492e+00 
 4.46000000e-06  1.24945510e+00 
 4.48000000e-06  1.24969371e+00 
 4.50000000e-06  1.24993077e+00 
 4.52000000e-06  1.25016631e+00 
 4.54000000e-06  1.25040033e+00 
 4.56000000e-06  1.25063288e+00 
 4.58000000e-06  1.25086396e+00 
 4.60000000e-06  1.25109359e+00 
 4.62000000e-06  1.25132180e+00 
 4.64000000e-06  1.25154860e+00 
 4.66000000e-06  1.25177402e+00 
 4.68000000e-06  1.25199806e+00 
 4.70000000e-06  1.25222076e+00 
 4.72000000e-06  1.25244212e+00 
 4.74000000e-06  1.25266216e+00 
 4.76000000e-06  1.25288091e+00 
 4.78000000e-06  1.25309837e+00 
 4.80000000e-06  1.25331456e+00 
 4.82000000e-06  1.25352950e+00 
 4.84000000e-06  1.25374321e+00 
 4.86000000e-06  1.25395570e+00 
 4.88000000e-06  1.25416698e+00 
 4.90000000e-06  1.25437707e+00 
 4.92000000e-06  1.25458599e+00 
 4.94000000e-06  1.25479375e+00 
 4.96000000e-06  1.25500035e+00 
 4.98000000e-06  1.25520583e+00 
 5.00000000e-06  1.25541018e+00 
 5.02000000e-06  1.25561343e+00 
 5.04000000e-06  1.25581558e+00 
 5.06000000e-06  1.25601665e+00 
 5.08000000e-06  1.25621665e+00 
 5.10000000e-06  1.25641559e+00 
 5.12000000e-06  1.25661349e+00 
 5.14000000e-06  1.25681036e+00 
 5.16000000e-06  1.25700620e+00 
 5.18000000e-06  1.25720104e+00 
 5.20000000e-06  1.25739488e+00 
 5.22000000e-06  1.25758773e+00 
 5.24000000e-06  1.25777960e+00 
 5.26000000e-06  1.25797051e+00 
 5.28000000e-06  1.25816046e+00 
 5.30000000e-06  1.25834947e+00 
 5.32000000e-06  1.25853754e+00 
 5.34000000e-06  1.25872469e+00 
 5.36000000e-06  1.25891092e+00 
 5.38000000e-06  1.25909624e+00 
 5.40000000e-06  1.25928067e+00 
 5.42000000e-06  1.25946422e+00 
 5.44000000e-06  1.25964689e+00 
 5.46000000e-06  1.25982868e+00 
 5.48000000e-06  1.26000962e+00 
 5.50000000e-06  1.26018971e+00 
 5.52000000e-06  1.26036896e+00 
 5.54000000e-06  1.26054737e+00 
 5.56000000e-06  1.26072496e+00 
 5.58000000e-06  1.26090173e+00 
 5.60000000e-06  1.26107769e+00 
 5.62000000e-06  1.26125286e+00 
 5.64000000e-06  1.26142723e+00 
 5.66000000e-06  1.26160081e+00 
 5.68000000e-06  1.26177361e+00 
 5.70000000e-06  1.26194565e+00 
 5.72000000e-06  1.26211692e+00 
 5.74000000e-06  1.26228744e+00 
 5.76000000e-06  1.26245721e+00 
 5.78000000e-06  1.26262624e+00 
 5.80000000e-06  1.26279454e+00 
 5.82000000e-06  1.26296210e+00 
 5.84000000e-06  1.26312895e+00 
 5.86000000e-06  1.26329508e+00 
 5.88000000e-06  1.26346051e+00 
 5.90000000e-06  1.26362523e+00 
 5.92000000e-06  1.26378926e+00 
 5.94000000e-06  1.26395260e+00 
 5.96000000e-06  1.26411526e+00 
 5.98000000e-06  1.26427725e+00 
 6.00000000e-06  1.26443856e+00 
 6.02000000e-06  1.26459921e+00 
 6.04000000e-06  1.26475921e+00 
 6.06000000e-06  1.26491855e+00 
 6.08000000e-06  1.26507724e+00 
 6.10000000e-06  1.26523529e+00 
 6.12000000e-06  1.26539271e+00 
 6.14000000e-06  1.26554950e+00 
 6.16000000e-06  1.26570566e+00 
 6.18000000e-06  1.26586120e+00 
 6.20000000e-06  1.26601613e+00 
 6.22000000e-06  1.26617045e+00 
 6.24000000e-06  1.26632417e+00 
 6.26000000e-06  1.26647729e+00 
 6.28000000e-06  1.26662982e+00 
 6.30000000e-06  1.26678175e+00 
 6.32000000e-06  1.26693310e+00 
 6.34000000e-06  1.26708388e+00 
 6.36000000e-06  1.26723408e+00 
 6.38000000e-06  1.26738371e+00 
 6.40000000e-06  1.26753277e+00 
 6.42000000e-06  1.26768127e+00 
 6.44000000e-06  1.26782922e+00 
 6.46000000e-06  1.26797662e+00 
 6.48000000e-06  1.26812347e+00 
 6.50000000e-06  1.26826977e+00 
 6.52000000e-06  1.26841554e+00 
 6.54000000e-06  1.26856077e+00 
 6.56000000e-06  1.26870548e+00 
 6.58000000e-06  1.26884965e+00 
 6.60000000e-06  1.26899331e+00 
 6.62000000e-06  1.26913644e+00 
 6.64000000e-06  1.26927907e+00 
 6.66000000e-06  1.26942118e+00 
 6.68000000e-06  1.26956278e+00 
 6.70000000e-06  1.26970388e+00 
 6.72000000e-06  1.26984449e+00 
 6.74000000e-06  1.26998460e+00 
 6.76000000e-06  1.27012422e+00 
 6.78000000e-06  1.27026335e+00 
 6.80000000e-06  1.27040199e+00 
 6.82000000e-06  1.27054016e+00 
 6.84000000e-06  1.27067784e+00 
 6.86000000e-06  1.27081506e+00 
 6.88000000e-06  1.27095180e+00 
 6.90000000e-06  1.27108808e+00 
 6.92000000e-06  1.27122389e+00 
 6.94000000e-06  1.27135925e+00 
 6.96000000e-06  1.27149415e+00 
 6.98000000e-06  1.27162859e+00 
 7.00000000e-06  1.27176258e+00 
 7.02000000e-06  1.27189613e+00 
 7.04000000e-06  1.27202923e+00 
 7.06000000e-06  1.27216189e+00 
 7.08000000e-06  1.27229411e+00 
 7.10000000e-06  1.27242590e+00 
 7.12000000e-06  1.27255726e+00 
 7.14000000e-06  1.27268818e+00 
 7.16000000e-06  1.27281868e+00 
 7.18000000e-06  1.27294876e+00 
 7.20000000e-06  1.27307842e+00 
 7.22000000e-06  1.27320766e+00 
 7.24000000e-06  1.27333649e+00 
 7.26000000e-06  1.27346490e+00 
 7.28000000e-06  1.27359290e+00 
 7.30000000e-06  1.27372050e+00 
 7.32000000e-06  1.27384770e+00 
 7.34000000e-06  1.27397449e+00 
 7.36000000e-06  1.27410088e+00 
 7.38000000e-06  1.27422688e+00 
 7.40000000e-06  1.27435249e+00 
 7.42000000e-06  1.27447770e+00 
 7.44000000e-06  1.27460253e+00 
 7.46000000e-06  1.27472697e+00 
 7.48000000e-06  1.27485103e+00 
 7.50000000e-06  1.27497471e+00 
 7.52000000e-06  1.27509801e+00 
 7.54000000e-06  1.27522093e+00 
 7.56000000e-06  1.27534348e+00 
 7.58000000e-06  1.27546565e+00 
 7.60000000e-06  1.27558746e+00 
 7.62000000e-06  1.27570891e+00 
 7.64000000e-06  1.27582998e+00 
 7.66000000e-06  1.27595070e+00 
 7.68000000e-06  1.27607106e+00 
 7.70000000e-06  1.27619105e+00 
 7.72000000e-06  1.27631070e+00 
 7.74000000e-06  1.27642999e+00 
 7.76000000e-06  1.27654892e+00 
 7.78000000e-06  1.27666751e+00 
 7.80000000e-06  1.27678576e+00 
 7.82000000e-06  1.27690365e+00 
 7.84000000e-06  1.27702121e+00 
 7.86000000e-06  1.27713842e+00 
 7.88000000e-06  1.27725530e+00 
 7.90000000e-06  1.27737184e+00 
 7.92000000e-06  1.27748804e+00 
 7.94000000e-06  1.27760391e+00 
 7.96000000e-06  1.27771945e+00 
 7.98000000e-06  1.27783466e+00 
 8.00000000e-06  1.27794954e+00 
 8.02000000e-06  1.27806410e+00 
 8.04000000e-06  1.27817834e+00 
 8.06000000e-06  1.27829225e+00 
 8.08000000e-06  1.27840585e+00 
 8.10000000e-06  1.27851912e+00 
 8.12000000e-06  1.27863208e+00 
 8.14000000e-06  1.27874473e+00 
 8.16000000e-06  1.27885707e+00 
 8.18000000e-06  1.27896909e+00 
 8.20000000e-06  1.27908080e+00 
 8.22000000e-06  1.27919221e+00 
 8.24000000e-06  1.27930331e+00 
 8.26000000e-06  1.27941411e+00 
 8.28000000e-06  1.27952461e+00 
 8.30000000e-06  1.27963481e+00 
 8.32000000e-06  1.27974470e+00 
 8.34000000e-06  1.27985430e+00 
 8.36000000e-06  1.27996361e+00 
 8.38000000e-06  1.28007262e+00 
 8.40000000e-06  1.28018134e+00 
 8.42000000e-06  1.28028977e+00 
 8.44000000e-06  1.28039790e+00 
 8.46000000e-06  1.28050576e+00 
 8.48000000e-06  1.28061332e+00 
 8.50000000e-06  1.28072060e+00 
 8.52000000e-06  1.28082760e+00 
 8.54000000e-06  1.28093432e+00 
 8.56000000e-06  1.28104075e+00 
 8.58000000e-06  1.28114691e+00 
 8.60000000e-06  1.28125279e+00 
 8.62000000e-06  1.28135839e+00 
 8.64000000e-06  1.28146372e+00 
 8.66000000e-06  1.28156878e+00 
 8.68000000e-06  1.28167357e+00 
 8.70000000e-06  1.28177808e+00 
 8.72000000e-06  1.28188233e+00 
 8.74000000e-06  1.28198631e+00 
 8.76000000e-06  1.28209003e+00 
 8.78000000e-06  1.28219348e+00 
 8.80000000e-06  1.28229666e+00 
 8.82000000e-06  1.28239959e+00 
 8.84000000e-06  1.28250225e+00 
 8.86000000e-06  1.28260466e+00 
 8.88000000e-06  1.28270680e+00 
 8.90000000e-06  1.28280870e+00 
 8.92000000e-06  1.28291033e+00 
 8.94000000e-06  1.28301171e+00 
 8.96000000e-06  1.28311284e+00 
 8.98000000e-06  1.28321372e+00 
 9.00000000e-06  1.28331434e+00 
 9.02000000e-06  1.28341472e+00 
 9.04000000e-06  1.28351485e+00 
 9.06000000e-06  1.28361473e+00 
 9.08000000e-06  1.28371437e+00 
 9.10000000e-06  1.28381376e+00 
 9.12000000e-06  1.28391291e+00 
 9.14000000e-06  1.28401182e+00 
 9.16000000e-06  1.28411049e+00 
 9.18000000e-06  1.28420892e+00 
 9.20000000e-06  1.28430711e+00 
 9.22000000e-06  1.28440506e+00 
 9.24000000e-06  1.28450277e+00 
 9.26000000e-06  1.28460026e+00 
 9.28000000e-06  1.28469750e+00 
 9.30000000e-06  1.28479452e+00 
 9.32000000e-06  1.28489130e+00 
 9.34000000e-06  1.28498785e+00 
 9.36000000e-06  1.28508417e+00 
 9.38000000e-06  1.28518026e+00 
 9.40000000e-06  1.28527613e+00 
 9.42000000e-06  1.28537177e+00 
 9.44000000e-06  1.28546718e+00 
 9.46000000e-06  1.28556237e+00 
 9.48000000e-06  1.28565734e+00 
 9.50000000e-06  1.28575208e+00 
 9.52000000e-06  1.28584661e+00 
 9.54000000e-06  1.28594091e+00 
 9.56000000e-06  1.28603499e+00 
 9.58000000e-06  1.28612886e+00 
 9.60000000e-06  1.28622250e+00 
 9.62000000e-06  1.28631594e+00 
 9.64000000e-06  1.28640915e+00 
 9.66000000e-06  1.28650215e+00 
 9.68000000e-06  1.28659494e+00 
 9.70000000e-06  1.28668752e+00 
 9.72000000e-06  1.28677988e+00 
 9.74000000e-06  1.28687203e+00 
 9.76000000e-06  1.28696398e+00 
 9.78000000e-06  1.28705571e+00 
 9.80000000e-06  1.28714724e+00 
 9.82000000e-06  1.28723856e+00 
 9.84000000e-06  1.28732968e+00 
 9.86000000e-06  1.28742058e+00 
 9.88000000e-06  1.28751129e+00 
 9.90000000e-06  1.28760179e+00 
 9.92000000e-06  1.28769209e+00 
 9.94000000e-06  1.28778219e+00 
 9.96000000e-06  1.28787209e+00 
 9.98000000e-06  1.28796178e+00 
 1.00000000e-05  1.28805128e+00 
