 frequency       inoise_spectrum onoise_spectrum
 1.00000000e+00  1.71207679e-05  2.60293267e+00 
 1.05776756e+00  1.66467046e-05  2.52809278e+00 
 1.11887221e+00  1.61857681e-05  2.45509250e+00 
 1.18350673e+00  1.57375951e-05  2.38386264e+00 
 1.25187503e+00  1.53018320e-05  2.31433474e+00 
 1.32419279e+00  1.48781352e-05  2.24644109e+00 
 1.40068818e+00  1.44661707e-05  2.18011468e+00 
 1.48160252e+00  1.40656135e-05  2.11528919e+00 
 1.56719108e+00  1.36761479e-05  2.05189904e+00 
 1.65772389e+00  1.32974666e-05  1.98987943e+00 
 1.75348655e+00  1.29292712e-05  1.92916642e+00 
 1.85478119e+00  1.25712712e-05  1.86969705e+00 
 1.96192737e+00  1.22231843e-05  1.81140949e+00 
 2.07526313e+00  1.18847361e-05  1.75424325e+00 
 2.19514602e+00  1.15556597e-05  1.69813947e+00 
 2.32195425e+00  1.12356955e-05  1.64304120e+00 
 2.45608788e+00  1.09245913e-05  1.58889380e+00 
 2.59797009e+00  1.06221018e-05  1.53564535e+00 
 2.74804848e+00  1.03279884e-05  1.48324719e+00 
 2.90679654e+00  1.00420192e-05  1.43165449e+00 
 3.07471508e+00  9.76396861e-06  1.38082679e+00 
 3.25233387e+00  9.49361750e-06  1.33072874e+00 
 3.44021326e+00  9.23075263e-06  1.28133074e+00 
 3.63894599e+00  8.97516672e-06  1.23260961e+00 
 3.84915902e+00  8.72665823e-06  1.18454925e+00 
 4.07151555e+00  8.48503119e-06  1.13714123e+00 
 4.30671707e+00  8.25009506e-06  1.09038528e+00 
 4.55550561e+00  8.02166460e-06  1.04428963e+00 
 4.81866605e+00  7.79955966e-06  9.98871154e-01 
 5.09702863e+00  7.58360511e-06  9.54155337e-01 
 5.39147154e+00  7.37363064e-06  9.10175925e-01 
 5.70292370e+00  7.16947070e-06  8.66974336e-01 
 6.03236769e+00  6.97096428e-06  8.24598774e-01 
 6.38084285e+00  6.77795485e-06  7.83103062e-01 
 6.74944857e+00  6.59029022e-06  7.42545233e-01 
 7.13934775e+00  6.40782239e-06  7.02985910e-01 
 7.55177045e+00  6.23040748e-06  6.64486558e-01 
 7.98801781e+00  6.05790560e-06  6.27107656e-01 
 8.44946611e+00  5.89018071e-06  5.90906906e-01 
 8.93757115e+00  5.72710056e-06  5.55937521e-01 
 9.45387283e+00  5.56853654e-06  5.22246708e-01 
 1.00000000e+01  5.41436362e-06  4.89874381e-01 
 1.05776756e+01  5.26446023e-06  4.58852158e-01 
 1.11887221e+01  5.11870815e-06  4.29202686e-01 
 1.18350673e+01  4.97699246e-06  4.00939274e-01 
 1.25187503e+01  4.83920141e-06  3.74065843e-01 
 1.32419279e+01  4.70522633e-06  3.48577167e-01 
 1.40068818e+01  4.57496158e-06  3.24459340e-01 
 1.48160252e+01  4.44830445e-06  3.01690463e-01 
 1.56719108e+01  4.32515505e-06  2.80241457e-01 
 1.65772389e+01  4.20541627e-06  2.60076989e-01 
 1.75348655e+01  4.08899370e-06  2.41156439e-01 
 1.85478119e+01  3.97579552e-06  2.23434880e-01 
 1.96192737e+01  3.86573248e-06  2.06864030e-01 
 2.07526313e+01  3.75871778e-06  1.91393162e-01 
 2.19514602e+01  3.65466704e-06  1.76969931e-01 
 2.32195425e+01  3.55349821e-06  1.63541126e-01 
 2.45608788e+01  3.45513151e-06  1.51053334e-01 
 2.59797009e+01  3.35948937e-06  1.39453502e-01 
 2.74804848e+01  3.26649637e-06  1.28689419e-01 
 2.90679654e+01  3.17607919e-06  1.18710111e-01 
 3.07471508e+01  3.08816652e-06  1.09466149e-01 
 3.25233387e+01  3.00268904e-06  1.00909894e-01 
 3.44021326e+01  2.91957934e-06  9.29956741e-02 
 3.63894599e+01  2.83877190e-06  8.56799092e-02 
 3.84915902e+01  2.76020299e-06  7.89211843e-02 
 4.07151555e+01  2.68381064e-06  7.26802865e-02 
 4.30671707e+01  2.60953463e-06  6.69202072e-02 
 4.55550561e+01  2.53731638e-06  6.16061191e-02 
 4.81866605e+01  2.46709895e-06  5.67053301e-02 
 5.09702863e+01  2.39882696e-06  5.21872229e-02 
 5.39147154e+01  2.33244658e-06  4.80231801e-02 
 5.70292370e+01  2.26790546e-06  4.41865024e-02 
 6.03236769e+01  2.20515270e-06  4.06523193e-02 
 6.38084285e+01  2.14413883e-06  3.73974969e-02 
 6.74944857e+01  2.08481574e-06  3.44005442e-02 
 7.13934775e+01  2.02713663e-06  3.16415188e-02 
 7.55177045e+01  1.97105603e-06  2.91019343e-02 
 7.98801781e+01  1.91652972e-06  2.67646691e-02 
 8.44946611e+01  1.86351470e-06  2.46138785e-02 
 8.93757115e+01  1.81196916e-06  2.26349102e-02 
 9.45387283e+01  1.76185245e-06  2.08142229e-02 
 1.00000000e+02  1.71312506e-06  1.91393097e-02 
 1.05776756e+02  1.66574857e-06  1.75986245e-02 
 1.11887221e+02  1.61968560e-06  1.61815134e-02 
 1.18350673e+02  1.57489985e-06  1.48781496e-02 
 1.25187503e+02  1.53135599e-06  1.36794725e-02 
 1.32419279e+02  1.48901969e-06  1.25771308e-02 
 1.40068818e+02  1.44785755e-06  1.15634290e-02 
 1.48160252e+02  1.40783713e-06  1.06312780e-02 
 1.56719108e+02  1.36892686e-06  9.77414863e-03 
 1.65772389e+02  1.33109607e-06  8.98602868e-03 
 1.75348655e+02  1.29431491e-06  8.26138315e-03 
 1.85478119e+02  1.25855439e-06  7.59511706e-03 
 1.96192737e+02  1.22378630e-06  6.98254124e-03 
 2.07526313e+02  1.18998323e-06  6.41934055e-03 
 2.19514602e+02  1.15711852e-06  5.90154452e-03 
 2.32195425e+02  1.12516625e-06  5.42550020e-03 
 2.45608788e+02  1.09410124e-06  4.98784710e-03 
 2.59797009e+02  1.06389897e-06  4.58549402e-03 
 2.74804848e+02  1.03453564e-06  4.21559768e-03 
 2.90679654e+02  1.00598809e-06  3.87554303e-03 
 3.07471508e+02  9.78233810e-07  3.56292507e-03 
 3.25233387e+02  9.51250907e-07  3.27553208e-03 
 3.44021326e+02  9.25018106e-07  3.01133020e-03 
 3.63894599e+02  8.99514721e-07  2.76844921e-03 
 3.84915902e+02  8.74720638e-07  2.54516941e-03 
 4.07151555e+02  8.50616305e-07  2.33990958e-03 
 4.30671707e+02  8.27182714e-07  2.15121587e-03 
 4.55550561e+02  8.04401384e-07  1.97775155e-03 
 4.81866605e+02  7.82254348e-07  1.81828765e-03 
 5.09702863e+02  7.60724142e-07  1.67169426e-03 
 5.39147154e+02  7.39793786e-07  1.53693259e-03 
 5.70292370e+02  7.19446772e-07  1.41304760e-03 
 6.03236769e+02  6.99667054e-07  1.29916133e-03 
 6.38084285e+02  6.80439032e-07  1.19446661e-03 
 6.74944857e+02  6.61747541e-07  1.09822141e-03 
 7.13934775e+02  6.43577839e-07  1.00974359e-03 
 7.55177045e+02  6.25915594e-07  9.28406053e-04 
 7.98801781e+02  6.08746877e-07  8.53632318e-04 
 8.44946611e+02  5.92058144e-07  7.84892437e-04 
 8.93757115e+02  5.75836231e-07  7.21699244e-04 
 9.45387283e+02  5.60068343e-07  6.63604900e-04 
 1.00000000e+03  5.44742041e-07  6.10197724e-04 
 1.05776756e+03  5.29845234e-07  5.61099275e-04 
 1.11887221e+03  5.15366170e-07  5.15961666e-04 
 1.18350673e+03  5.01293424e-07  4.74465103e-04 
 1.25187503e+03  4.87615894e-07  4.36315613e-04 
 1.32419279e+03  4.74322786e-07  4.01242964e-04 
 1.40068818e+03  4.61403611e-07  3.68998744e-04 
 1.48160252e+03  4.48848173e-07  3.39354602e-04 
 1.56719108e+03  4.36646561e-07  3.12100627e-04 
 1.65772389e+03  4.24789145e-07  2.87043861e-04 
 1.75348655e+03  4.13266563e-07  2.64006929e-04 
 1.85478119e+03  4.02069718e-07  2.42826778e-04 
 1.96192737e+03  3.91189768e-07  2.23353525e-04 
 2.07526313e+03  3.80618118e-07  2.05449391e-04 
 2.19514602e+03  3.70346420e-07  1.88987722e-04 
 2.32195425e+03  3.60366555e-07  1.73852095e-04 
 2.45608788e+03  3.50670638e-07  1.59935487e-04 
 2.59797009e+03  3.41251003e-07  1.47139519e-04 
 2.74804848e+03  3.32100203e-07  1.35373754e-04 
 2.90679654e+03  3.23210998e-07  1.24555061e-04 
 3.07471508e+03  3.14576356e-07  1.14607022e-04 
 3.25233387e+03  3.06189442e-07  1.05459388e-04 
 3.44021326e+03  2.98043613e-07  9.70475835e-05 
 3.63894599e+03  2.90132417e-07  8.93122478e-05 
 3.84915902e+03  2.82449581e-07  8.21988130e-05 
 4.07151555e+03  2.74989011e-07  7.56571171e-05 
 4.30671707e+03  2.67744787e-07  6.96410484e-05 
 4.55550561e+03  2.60711153e-07  6.41082185e-05 
 4.81866605e+03  2.53882519e-07  5.90196609e-05 
 5.09702863e+03  2.47253452e-07  5.43395553e-05 
 5.39147154e+03  2.40818671e-07  5.00349733e-05 
 5.70292370e+03  2.34573046e-07  4.60756445e-05 
 6.03236769e+03  2.28511591e-07  4.24337424e-05 
 6.38084285e+03  2.22629460e-07  3.90836864e-05 
 6.74944857e+03  2.16921945e-07  3.60019611e-05 
 7.13934775e+03  2.11384468e-07  3.31669487e-05 
 7.55177045e+03  2.06012580e-07  3.05587765e-05 
 7.98801781e+03  2.00801959e-07  2.81591756e-05 
 8.44946611e+03  1.95748399e-07  2.59513514e-05 
 8.93757115e+03  1.90847814e-07  2.39198645e-05 
 9.45387283e+03  1.86096231e-07  2.20505214e-05 
 1.00000000e+04  1.81489785e-07  2.03302740e-05 
 1.05776756e+04  1.77024718e-07  1.87471266e-05 
 1.11887221e+04  1.72697375e-07  1.72900516e-05 
 1.18350673e+04  1.68504198e-07  1.59489109e-05 
 1.25187503e+04  1.64441728e-07  1.47143840e-05 
 1.32419279e+04  1.60506596e-07  1.35779024e-05 
 1.40068818e+04  1.56695523e-07  1.25315886e-05 
 1.48160252e+04  1.53005316e-07  1.15682003e-05 
 1.56719108e+04  1.49432867e-07  1.06810794e-05 
 1.65772389e+04  1.45975144e-07  9.86410432e-06 
 1.75348655e+04  1.42629195e-07  9.11164735e-06 
 1.85478119e+04  1.39392141e-07  8.41853428e-06 
 1.96192737e+04  1.36261175e-07  7.78000802e-06 
 2.07526313e+04  1.33233558e-07  7.19169490e-06 
 2.19514602e+04  1.30306617e-07  6.64957371e-06 
 2.32195425e+04  1.27477741e-07  6.14994728e-06 
 2.45608788e+04  1.24744380e-07  5.68941636e-06 
 2.59797009e+04  1.22104043e-07  5.26485552e-06 
 2.74804848e+04  1.19554293e-07  4.87339110e-06 
 2.90679654e+04  1.17092748e-07  4.51238093e-06 
 3.07471508e+04  1.14717075e-07  4.17939557e-06 
 3.25233387e+04  1.12424992e-07  3.87220125e-06 
 3.44021326e+04  1.10214262e-07  3.58874402e-06 
 3.63894599e+04  1.08082694e-07  3.32713528e-06 
 3.84915902e+04  1.06028139e-07  3.08563844e-06 
 4.07151555e+04  1.04048491e-07  2.86265666e-06 
 4.30671707e+04  1.02141683e-07  2.65672158e-06 
 4.55550561e+04  1.00305686e-07  2.46648295e-06 
 4.81866605e+04  9.85385073e-08  2.29069914e-06 
 5.09702863e+04  9.68381913e-08  2.12822832e-06 
 5.39147154e+04  9.52028162e-08  1.97802050e-06 
 5.70292370e+04  9.36304937e-08  1.83911003e-06 
 6.03236769e+04  9.21193685e-08  1.71060885e-06 
 6.38084285e+04  9.06676171e-08  1.59170024e-06 
 6.74944857e+04  8.92734474e-08  1.48163304e-06 
 7.13934775e+04  8.79350983e-08  1.37971634e-06 
 7.55177045e+04  8.66508387e-08  1.28531468e-06 
 7.98801781e+04  8.54189682e-08  1.19784352e-06 
 8.44946611e+04  8.42378161e-08  1.11676515e-06 
 8.93757115e+04  8.31057414e-08  1.04158490e-06 
 9.45387283e+04  8.20211331e-08  9.71847689e-07 
 1.00000000e+05  8.09824103e-08  9.07134781e-07 
 1.05776756e+05  7.99880217e-08  8.47060883e-07 
 1.11887221e+05  7.90364465e-08  7.91271429e-07 
 1.18350673e+05  7.81261941e-08  7.39440092e-07 
 1.25187503e+05  7.72558047e-08  6.91266506e-07 
 1.32419279e+05  7.64238493e-08  6.46474159e-07 
 1.40068818e+05  7.56289302e-08  6.04808465e-07 
 1.48160252e+05  7.48696812e-08  5.66034991e-07 
 1.56719108e+05  7.41447677e-08  5.29937820e-07 
 1.65772389e+05  7.34528875e-08  4.96318056e-07 
 1.75348655e+05  7.27927704e-08  4.64992442e-07 
 1.85478119e+05  7.21631789e-08  4.35792100e-07 
 1.96192737e+05  7.15629083e-08  4.08561358e-07 
 2.07526313e+05  7.09907867e-08  3.83156690e-07 
 2.19514602e+05  7.04456752e-08  3.59445728e-07 
 2.32195425e+05  6.99264679e-08  3.37306361e-07 
 2.45608788e+05  6.94320922e-08  3.16625910e-07 
 2.59797009e+05  6.89615084e-08  2.97300362e-07 
 2.74804848e+05  6.85137098e-08  2.79233676e-07 
 2.90679654e+05  6.80877225e-08  2.62337137e-07 
 3.07471508e+05  6.76826053e-08  2.46528771e-07 
 3.25233387e+05  6.72974493e-08  2.31732802e-07 
 3.44021326e+05  6.69313778e-08  2.17879158e-07 
 3.63894599e+05  6.65835461e-08  2.04903013e-07 
 3.84915902e+05  6.62531406e-08  1.92744369e-07 
 4.07151555e+05  6.59393791e-08  1.81347676e-07 
 4.30671707e+05  6.56415096e-08  1.70661475e-07 
 4.55550561e+05  6.53588108e-08  1.60638078e-07 
 4.81866605e+05  6.50905907e-08  1.51233270e-07 
 5.09702863e+05  6.48361868e-08  1.42406037e-07 
 5.39147154e+05  6.45949651e-08  1.34118316e-07 
 5.70292370e+05  6.43663200e-08  1.26334766e-07 
 6.03236769e+05  6.41496736e-08  1.19022558e-07 
 6.38084285e+05  6.39444753e-08  1.12151179e-07 
 6.74944857e+05  6.37502010e-08  1.05692257e-07 
 7.13934775e+05  6.35663533e-08  9.96193954e-08 
 7.55177045e+05  6.33924604e-08  9.39080266e-08 
 7.98801781e+05  6.32280763e-08  8.85352708e-08 
 8.44946611e+05  6.30727799e-08  8.34798107e-08 
 8.93757115e+05  6.29261750e-08  7.87217752e-08 
 9.45387283e+05  6.27878901e-08  7.42426319e-08 
 1.00000000e+06  6.26575782e-08  7.00250886e-08 
 1.05776756e+06  6.25349164e-08  6.60530027e-08 
 1.11887221e+06  6.24196063e-08  6.23112977e-08 
 1.18350673e+06  6.23113737e-08  5.87858861e-08 
 1.25187503e+06  6.22099691e-08  5.54635985e-08 
 1.32419279e+06  6.21151677e-08  5.23321182e-08 
 1.40068818e+06  6.20267697e-08  4.93799213e-08 
 1.48160252e+06  6.19446014e-08  4.65962204e-08 
 1.56719108e+06  6.18685151e-08  4.39709140e-08 
 1.65772389e+06  6.17983906e-08  4.14945385e-08 
 1.75348655e+06  6.17341356e-08  3.91582248e-08 
 1.85478119e+06  6.16756875e-08  3.69536576e-08 
 1.96192737e+06  6.16230144e-08  3.48730382e-08 
 2.07526313e+06  6.15761167e-08  3.29090499e-08 
 2.19514602e+06  6.15350291e-08  3.10548260e-08 
 2.32195425e+06  6.14998228e-08  2.93039200e-08 
 2.45608788e+06  6.14706077e-08  2.76502787e-08 
 2.59797009e+06  6.14475350e-08  2.60882167e-08 
 2.74804848e+06  6.14308005e-08  2.46123931e-08 
 2.90679654e+06  6.14206477e-08  2.32177896e-08 
 3.07471508e+06  6.14173715e-08  2.18996911e-08 
 3.25233387e+06  6.14213225e-08  2.06536668e-08 
 3.44021326e+06  6.14329108e-08  1.94755534e-08 
 3.63894599e+06  6.14526114e-08  1.83614395e-08 
 3.84915902e+06  6.14809692e-08  1.73076510e-08 
 4.07151555e+06  6.15186044e-08  1.63107380e-08 
 4.30671707e+06  6.15662185e-08  1.53674624e-08 
 4.55550561e+06  6.16246008e-08  1.44747867e-08 
 4.81866605e+06  6.16946348e-08  1.36298639e-08 
 5.09702863e+06  6.17773051e-08  1.28300275e-08 
 5.39147154e+06  6.18737052e-08  1.20727829e-08 
 5.70292370e+06  6.19850440e-08  1.13557990e-08 
 6.03236769e+06  6.21126542e-08  1.06769006e-08 
 6.38084285e+06  6.22579997e-08  1.00340605e-08 
 6.74944857e+06  6.24226838e-08  9.42539284e-09 
 7.13934775e+06  6.26084568e-08  8.84914554e-09 
 7.55177045e+06  6.28172244e-08  8.30369338e-09 
 7.98801781e+06  6.30510560e-08  7.78753064e-09 
 8.44946611e+06  6.33121930e-08  7.29926355e-09 
 8.93757115e+06  6.36030588e-08  6.83760243e-09 
 9.45387283e+06  6.39262678e-08  6.40135342e-09 
 1.00000000e+07  6.42846371e-08  5.98940980e-09 
 1.05776756e+07  6.46811992e-08  5.60074295e-09 
 1.11887221e+07  6.51192163e-08  5.23439311e-09 
 1.18350673e+07  6.56021973e-08  4.88945986e-09 
 1.25187503e+07  6.61339176e-08  4.56509275e-09 
 1.32419279e+07  6.67184402e-08  4.26048207e-09 
 1.40068818e+07  6.73601396e-08  3.97485012e-09 
 1.48160252e+07  6.80637249e-08  3.70744310e-09 
 1.56719108e+07  6.88342611e-08  3.45752381e-09 
 1.65772389e+07  6.96771836e-08  3.22436539e-09 
 1.75348655e+07  7.05983023e-08  3.00724604e-09 
 1.85478119e+07  7.16037863e-08  2.80544499e-09 
 1.96192737e+07  7.27001231e-08  2.61823950e-09 
 2.07526313e+07  7.38940417e-08  2.44490305e-09 
 2.19514602e+07  7.51923898e-08  2.28470453e-09 
 2.32195425e+07  7.66019574e-08  2.13690841e-09 
 2.45608788e+07  7.81292367e-08  2.00077580e-09 
 2.59797009e+07  7.97801166e-08  1.87556634e-09 
 2.74804848e+07  8.15595112e-08  1.76054086e-09 
 2.90679654e+07  8.34709290e-08  1.65496463e-09 
 3.07471508e+07  8.55159969e-08  1.55811126e-09 
 3.25233387e+07  8.76939611e-08  1.46926700e-09 
 3.44021326e+07  9.00011916e-08  1.38773546e-09 
 3.63894599e+07  9.24307263e-08  1.31284243e-09 
 3.84915902e+07  9.49718885e-08  1.24394075e-09 
 4.07151555e+07  9.76100180e-08  1.18041494e-09 
 4.30671707e+07  1.00326347e-07  1.12168543e-09 
 4.55550561e+07  1.03098046e-07  1.06721229e-09 
 4.81866605e+07  1.05898465e-07  1.01649814e-09 
 5.09702863e+07  1.08697566e-07  9.69090303e-10 
 5.39147154e+07  1.11462545e-07  9.24581978e-10 
 5.70292370e+07  1.14158634e-07  8.82612582e-10 
 6.03236769e+07  1.16750039e-07  8.42867146e-10 
 6.38084285e+07  1.19200981e-07  8.05074905e-10 
 6.74944857e+07  1.21476803e-07  7.69007142e-10 
 7.13934775e+07  1.23545079e-07  7.34474413e-10 
 7.55177045e+07  1.25376686e-07  7.01323266e-10 
 7.98801781e+07  1.26946775e-07  6.69432591e-10 
 8.44946611e+07  1.28235617e-07  6.38709732e-10 
 8.93757115e+07  1.29229263e-07  6.09086475e-10 
 9.45387283e+07  1.29920006e-07  5.80515047e-10 
 1.00000000e+08  1.30306614e-07  5.52964205e-10 
