 v-sweep         Vout           
-5.00000000e-07  8.11736566e-01 
-4.99000000e-07  8.11858056e-01 
-4.98000000e-07  8.11975694e-01 
-4.97000000e-07  8.12093421e-01 
-4.96000000e-07  8.12211241e-01 
-4.95000000e-07  8.12329153e-01 
-4.94000000e-07  8.12447157e-01 
-4.93000000e-07  8.12565252e-01 
-4.92000000e-07  8.12683440e-01 
-4.91000000e-07  8.12801719e-01 
-4.90000000e-07  8.12920089e-01 
-4.89000000e-07  8.13038551e-01 
-4.88000000e-07  8.13157104e-01 
-4.87000000e-07  8.13275749e-01 
-4.86000000e-07  8.13394484e-01 
-4.85000000e-07  8.13513310e-01 
-4.84000000e-07  8.13632227e-01 
-4.83000000e-07  8.13751234e-01 
-4.82000000e-07  8.13870332e-01 
-4.81000000e-07  8.13989520e-01 
-4.80000000e-07  8.14108799e-01 
-4.79000000e-07  8.14228167e-01 
-4.78000000e-07  8.14347626e-01 
-4.77000000e-07  8.14467174e-01 
-4.76000000e-07  8.14586812e-01 
-4.75000000e-07  8.14706540e-01 
-4.74000000e-07  8.14826357e-01 
-4.73000000e-07  8.14946263e-01 
-4.72000000e-07  8.15066259e-01 
-4.71000000e-07  8.15186343e-01 
-4.70000000e-07  8.15306517e-01 
-4.69000000e-07  8.15426779e-01 
-4.68000000e-07  8.15547130e-01 
-4.67000000e-07  8.15667569e-01 
-4.66000000e-07  8.15788097e-01 
-4.65000000e-07  8.15908713e-01 
-4.64000000e-07  8.16029417e-01 
-4.63000000e-07  8.16150209e-01 
-4.62000000e-07  8.16271089e-01 
-4.61000000e-07  8.16392056e-01 
-4.60000000e-07  8.16513111e-01 
-4.59000000e-07  8.16634254e-01 
-4.58000000e-07  8.16755484e-01 
-4.57000000e-07  8.16876801e-01 
-4.56000000e-07  8.16998205e-01 
-4.55000000e-07  8.17119696e-01 
-4.54000000e-07  8.17241274e-01 
-4.53000000e-07  8.17362938e-01 
-4.52000000e-07  8.17484689e-01 
-4.51000000e-07  8.17606526e-01 
-4.50000000e-07  8.17728450e-01 
-4.49000000e-07  8.17850459e-01 
-4.48000000e-07  8.17972555e-01 
-4.47000000e-07  8.18094736e-01 
-4.46000000e-07  8.18217003e-01 
-4.45000000e-07  8.18339356e-01 
-4.44000000e-07  8.18461793e-01 
-4.43000000e-07  8.18584317e-01 
-4.42000000e-07  8.18706925e-01 
-4.41000000e-07  8.18829618e-01 
-4.40000000e-07  8.18952396e-01 
-4.39000000e-07  8.19075259e-01 
-4.38000000e-07  8.19198207e-01 
-4.37000000e-07  8.19321239e-01 
-4.36000000e-07  8.19444355e-01 
-4.35000000e-07  8.19567555e-01 
-4.34000000e-07  8.19690840e-01 
-4.33000000e-07  8.19814208e-01 
-4.32000000e-07  8.19937660e-01 
-4.31000000e-07  8.20061195e-01 
-4.30000000e-07  8.20184815e-01 
-4.29000000e-07  8.20308517e-01 
-4.28000000e-07  8.20432303e-01 
-4.27000000e-07  8.20556171e-01 
-4.26000000e-07  8.20680123e-01 
-4.25000000e-07  8.20804157e-01 
-4.24000000e-07  8.20928275e-01 
-4.23000000e-07  8.21052474e-01 
-4.22000000e-07  8.21176756e-01 
-4.21000000e-07  8.21301120e-01 
-4.20000000e-07  8.21425567e-01 
-4.19000000e-07  8.21550095e-01 
-4.18000000e-07  8.21674705e-01 
-4.17000000e-07  8.21799397e-01 
-4.16000000e-07  8.21924170e-01 
-4.15000000e-07  8.22049025e-01 
-4.14000000e-07  8.22173960e-01 
-4.13000000e-07  8.22298978e-01 
-4.12000000e-07  8.22424076e-01 
-4.11000000e-07  8.22549254e-01 
-4.10000000e-07  8.22674514e-01 
-4.09000000e-07  8.22799854e-01 
-4.08000000e-07  8.22925274e-01 
-4.07000000e-07  8.23050775e-01 
-4.06000000e-07  8.23176356e-01 
-4.05000000e-07  8.23302017e-01 
-4.04000000e-07  8.23427758e-01 
-4.03000000e-07  8.23553579e-01 
-4.02000000e-07  8.23679479e-01 
-4.01000000e-07  8.23805458e-01 
-4.00000000e-07  8.23931517e-01 
-3.99000000e-07  8.24057655e-01 
-3.98000000e-07  8.24183873e-01 
-3.97000000e-07  8.24310168e-01 
-3.96000000e-07  8.24436543e-01 
-3.95000000e-07  8.24562996e-01 
-3.94000000e-07  8.24689528e-01 
-3.93000000e-07  8.24816138e-01 
-3.92000000e-07  8.24942827e-01 
-3.91000000e-07  8.25069593e-01 
-3.90000000e-07  8.25196438e-01 
-3.89000000e-07  8.25323360e-01 
-3.88000000e-07  8.25450360e-01 
-3.87000000e-07  8.25577437e-01 
-3.86000000e-07  8.25704591e-01 
-3.85000000e-07  8.25831823e-01 
-3.84000000e-07  8.25959132e-01 
-3.83000000e-07  8.26086518e-01 
-3.82000000e-07  8.26213981e-01 
-3.81000000e-07  8.26341520e-01 
-3.80000000e-07  8.26469136e-01 
-3.79000000e-07  8.26596828e-01 
-3.78000000e-07  8.26724597e-01 
-3.77000000e-07  8.26852442e-01 
-3.76000000e-07  8.26980363e-01 
-3.75000000e-07  8.27108359e-01 
-3.74000000e-07  8.27236431e-01 
-3.73000000e-07  8.27364579e-01 
-3.72000000e-07  8.27492802e-01 
-3.71000000e-07  8.27621101e-01 
-3.70000000e-07  8.27749474e-01 
-3.69000000e-07  8.27877923e-01 
-3.68000000e-07  8.28006447e-01 
-3.67000000e-07  8.28135045e-01 
-3.66000000e-07  8.28263718e-01 
-3.65000000e-07  8.28392465e-01 
-3.64000000e-07  8.28521287e-01 
-3.63000000e-07  8.28650183e-01 
-3.62000000e-07  8.28779153e-01 
-3.61000000e-07  8.28908197e-01 
-3.60000000e-07  8.29037315e-01 
-3.59000000e-07  8.29166506e-01 
-3.58000000e-07  8.29295771e-01 
-3.57000000e-07  8.29425109e-01 
-3.56000000e-07  8.29554521e-01 
-3.55000000e-07  8.29684006e-01 
-3.54000000e-07  8.29813563e-01 
-3.53000000e-07  8.29943194e-01 
-3.52000000e-07  8.30072897e-01 
-3.51000000e-07  8.30202673e-01 
-3.50000000e-07  8.30332521e-01 
-3.49000000e-07  8.30462442e-01 
-3.48000000e-07  8.30592434e-01 
-3.47000000e-07  8.30722499e-01 
-3.46000000e-07  8.30852636e-01 
-3.45000000e-07  8.30982844e-01 
-3.44000000e-07  8.31113124e-01 
-3.43000000e-07  8.31243476e-01 
-3.42000000e-07  8.31373899e-01 
-3.41000000e-07  8.31504393e-01 
-3.40000000e-07  8.31634958e-01 
-3.39000000e-07  8.31765595e-01 
-3.38000000e-07  8.31896302e-01 
-3.37000000e-07  8.32027079e-01 
-3.36000000e-07  8.32157928e-01 
-3.35000000e-07  8.32288847e-01 
-3.34000000e-07  8.32419836e-01 
-3.33000000e-07  8.32550895e-01 
-3.32000000e-07  8.32682024e-01 
-3.31000000e-07  8.32813224e-01 
-3.30000000e-07  8.32944493e-01 
-3.29000000e-07  8.33075832e-01 
-3.28000000e-07  8.33207240e-01 
-3.27000000e-07  8.33338717e-01 
-3.26000000e-07  8.33470264e-01 
-3.25000000e-07  8.33601881e-01 
-3.24000000e-07  8.33733566e-01 
-3.23000000e-07  8.33865320e-01 
-3.22000000e-07  8.33997142e-01 
-3.21000000e-07  8.34129034e-01 
-3.20000000e-07  8.34260994e-01 
-3.19000000e-07  8.34393022e-01 
-3.18000000e-07  8.34525118e-01 
-3.17000000e-07  8.34657283e-01 
-3.16000000e-07  8.34789515e-01 
-3.15000000e-07  8.34921816e-01 
-3.14000000e-07  8.35054184e-01 
-3.13000000e-07  8.35186619e-01 
-3.12000000e-07  8.35319123e-01 
-3.11000000e-07  8.35451693e-01 
-3.10000000e-07  8.35584331e-01 
-3.09000000e-07  8.35717036e-01 
-3.08000000e-07  8.35849808e-01 
-3.07000000e-07  8.35982646e-01 
-3.06000000e-07  8.36115552e-01 
-3.05000000e-07  8.36248524e-01 
-3.04000000e-07  8.36381562e-01 
-3.03000000e-07  8.36514667e-01 
-3.02000000e-07  8.36647838e-01 
-3.01000000e-07  8.36781075e-01 
-3.00000000e-07  8.36914378e-01 
-2.99000000e-07  8.37047748e-01 
-2.98000000e-07  8.37181182e-01 
-2.97000000e-07  8.37314683e-01 
-2.96000000e-07  8.37448248e-01 
-2.95000000e-07  8.37581880e-01 
-2.94000000e-07  8.37715576e-01 
-2.93000000e-07  8.37849337e-01 
-2.92000000e-07  8.37983164e-01 
-2.91000000e-07  8.38117055e-01 
-2.90000000e-07  8.38251012e-01 
-2.89000000e-07  8.38385033e-01 
-2.88000000e-07  8.38519118e-01 
-2.87000000e-07  8.38653267e-01 
-2.86000000e-07  8.38787481e-01 
-2.85000000e-07  8.38921759e-01 
-2.84000000e-07  8.39056102e-01 
-2.83000000e-07  8.39190508e-01 
-2.82000000e-07  8.39324978e-01 
-2.81000000e-07  8.39459512e-01 
-2.80000000e-07  8.39594109e-01 
-2.79000000e-07  8.39728769e-01 
-2.78000000e-07  8.39863493e-01 
-2.77000000e-07  8.39998280e-01 
-2.76000000e-07  8.40133131e-01 
-2.75000000e-07  8.40268044e-01 
-2.74000000e-07  8.40403020e-01 
-2.73000000e-07  8.40538059e-01 
-2.72000000e-07  8.40673161e-01 
-2.71000000e-07  8.40808325e-01 
-2.70000000e-07  8.40943551e-01 
-2.69000000e-07  8.41078840e-01 
-2.68000000e-07  8.41214191e-01 
-2.67000000e-07  8.41349604e-01 
-2.66000000e-07  8.41485079e-01 
-2.65000000e-07  8.41620616e-01 
-2.64000000e-07  8.41756214e-01 
-2.63000000e-07  8.41891875e-01 
-2.62000000e-07  8.42027596e-01 
-2.61000000e-07  8.42163379e-01 
-2.60000000e-07  8.42299224e-01 
-2.59000000e-07  8.42435129e-01 
-2.58000000e-07  8.42571096e-01 
-2.57000000e-07  8.42707123e-01 
-2.56000000e-07  8.42843212e-01 
-2.55000000e-07  8.42979361e-01 
-2.54000000e-07  8.43115570e-01 
-2.53000000e-07  8.43251841e-01 
-2.52000000e-07  8.43388171e-01 
-2.51000000e-07  8.43524562e-01 
-2.50000000e-07  8.43661013e-01 
-2.49000000e-07  8.43797525e-01 
-2.48000000e-07  8.43934096e-01 
-2.47000000e-07  8.44070727e-01 
-2.46000000e-07  8.44207418e-01 
-2.45000000e-07  8.44344168e-01 
-2.44000000e-07  8.44480978e-01 
-2.43000000e-07  8.44617848e-01 
-2.42000000e-07  8.44754776e-01 
-2.41000000e-07  8.44891765e-01 
-2.40000000e-07  8.45028812e-01 
-2.39000000e-07  8.45165918e-01 
-2.38000000e-07  8.45303083e-01 
-2.37000000e-07  8.45440307e-01 
-2.36000000e-07  8.45577590e-01 
-2.35000000e-07  8.45714931e-01 
-2.34000000e-07  8.45852331e-01 
-2.33000000e-07  8.45989789e-01 
-2.32000000e-07  8.46127305e-01 
-2.31000000e-07  8.46264880e-01 
-2.30000000e-07  8.46402513e-01 
-2.29000000e-07  8.46540204e-01 
-2.28000000e-07  8.46677953e-01 
-2.27000000e-07  8.46815759e-01 
-2.26000000e-07  8.46953623e-01 
-2.25000000e-07  8.47091545e-01 
-2.24000000e-07  8.47229524e-01 
-2.23000000e-07  8.47367561e-01 
-2.22000000e-07  8.47505655e-01 
-2.21000000e-07  8.47643806e-01 
-2.20000000e-07  8.47782015e-01 
-2.19000000e-07  8.47920280e-01 
-2.18000000e-07  8.48058603e-01 
-2.17000000e-07  8.48196982e-01 
-2.16000000e-07  8.48335418e-01 
-2.15000000e-07  8.48473910e-01 
-2.14000000e-07  8.48612459e-01 
-2.13000000e-07  8.48751065e-01 
-2.12000000e-07  8.48889727e-01 
-2.11000000e-07  8.49028445e-01 
-2.10000000e-07  8.49167219e-01 
-2.09000000e-07  8.49306049e-01 
-2.08000000e-07  8.49444936e-01 
-2.07000000e-07  8.49583878e-01 
-2.06000000e-07  8.49722876e-01 
-2.05000000e-07  8.49861930e-01 
-2.04000000e-07  8.50001039e-01 
-2.03000000e-07  8.50140204e-01 
-2.02000000e-07  8.50279424e-01 
-2.01000000e-07  8.50418700e-01 
-2.00000000e-07  8.50558031e-01 
-1.99000000e-07  8.50697417e-01 
-1.98000000e-07  8.50836858e-01 
-1.97000000e-07  8.50976354e-01 
-1.96000000e-07  8.51115904e-01 
-1.95000000e-07  8.51255510e-01 
-1.94000000e-07  8.51395171e-01 
-1.93000000e-07  8.51534886e-01 
-1.92000000e-07  8.51674655e-01 
-1.91000000e-07  8.51814479e-01 
-1.90000000e-07  8.51954358e-01 
-1.89000000e-07  8.52094290e-01 
-1.88000000e-07  8.52234277e-01 
-1.87000000e-07  8.52374318e-01 
-1.86000000e-07  8.52514413e-01 
-1.85000000e-07  8.52654562e-01 
-1.84000000e-07  8.52794765e-01 
-1.83000000e-07  8.52935021e-01 
-1.82000000e-07  8.53075331e-01 
-1.81000000e-07  8.53215695e-01 
-1.80000000e-07  8.53356112e-01 
-1.79000000e-07  8.53496583e-01 
-1.78000000e-07  8.53637107e-01 
-1.77000000e-07  8.53777684e-01 
-1.76000000e-07  8.53918315e-01 
-1.75000000e-07  8.54058999e-01 
-1.74000000e-07  8.54199735e-01 
-1.73000000e-07  8.54340524e-01 
-1.72000000e-07  8.54481367e-01 
-1.71000000e-07  8.54622262e-01 
-1.70000000e-07  8.54763210e-01 
-1.69000000e-07  8.54904210e-01 
-1.68000000e-07  8.55045263e-01 
-1.67000000e-07  8.55186368e-01 
-1.66000000e-07  8.55327526e-01 
-1.65000000e-07  8.55468736e-01 
-1.64000000e-07  8.55609999e-01 
-1.63000000e-07  8.55751313e-01 
-1.62000000e-07  8.55892679e-01 
-1.61000000e-07  8.56034098e-01 
-1.60000000e-07  8.56175568e-01 
-1.59000000e-07  8.56317090e-01 
-1.58000000e-07  8.56458664e-01 
-1.57000000e-07  8.56600289e-01 
-1.56000000e-07  8.56741966e-01 
-1.55000000e-07  8.56883695e-01 
-1.54000000e-07  8.57025475e-01 
-1.53000000e-07  8.57167306e-01 
-1.52000000e-07  8.57309189e-01 
-1.51000000e-07  8.57451123e-01 
-1.50000000e-07  8.57593108e-01 
-1.49000000e-07  8.57735144e-01 
-1.48000000e-07  8.57877231e-01 
-1.47000000e-07  8.58019369e-01 
-1.46000000e-07  8.58161558e-01 
-1.45000000e-07  8.58303797e-01 
-1.44000000e-07  8.58446087e-01 
-1.43000000e-07  8.58588428e-01 
-1.42000000e-07  8.58730819e-01 
-1.41000000e-07  8.58873261e-01 
-1.40000000e-07  8.59015753e-01 
-1.39000000e-07  8.59158295e-01 
-1.38000000e-07  8.59300888e-01 
-1.37000000e-07  8.59443530e-01 
-1.36000000e-07  8.59586223e-01 
-1.35000000e-07  8.59728966e-01 
-1.34000000e-07  8.59871759e-01 
-1.33000000e-07  8.60014601e-01 
-1.32000000e-07  8.60157494e-01 
-1.31000000e-07  8.60300436e-01 
-1.30000000e-07  8.60443428e-01 
-1.29000000e-07  8.60586469e-01 
-1.28000000e-07  8.60729560e-01 
-1.27000000e-07  8.60872700e-01 
-1.26000000e-07  8.61015889e-01 
-1.25000000e-07  8.61159128e-01 
-1.24000000e-07  8.61302416e-01 
-1.23000000e-07  8.61445753e-01 
-1.22000000e-07  8.61589139e-01 
-1.21000000e-07  8.61732575e-01 
-1.20000000e-07  8.61876059e-01 
-1.19000000e-07  8.62019592e-01 
-1.18000000e-07  8.62163173e-01 
-1.17000000e-07  8.62306804e-01 
-1.16000000e-07  8.62450483e-01 
-1.15000000e-07  8.62594211e-01 
-1.14000000e-07  8.62737986e-01 
-1.13000000e-07  8.62881811e-01 
-1.12000000e-07  8.63025684e-01 
-1.11000000e-07  8.63169605e-01 
-1.10000000e-07  8.63313574e-01 
-1.09000000e-07  8.63457591e-01 
-1.08000000e-07  8.63601657e-01 
-1.07000000e-07  8.63745770e-01 
-1.06000000e-07  8.63889931e-01 
-1.05000000e-07  8.64034140e-01 
-1.04000000e-07  8.64178397e-01 
-1.03000000e-07  8.64322701e-01 
-1.02000000e-07  8.64467053e-01 
-1.01000000e-07  8.64611453e-01 
-1.00000000e-07  8.64755900e-01 
-9.90000000e-08  8.64900394e-01 
-9.80000000e-08  8.65044936e-01 
-9.70000000e-08  8.65189525e-01 
-9.60000000e-08  8.65334161e-01 
-9.50000000e-08  8.65478844e-01 
-9.40000000e-08  8.65623574e-01 
-9.30000000e-08  8.65768352e-01 
-9.20000000e-08  8.65913175e-01 
-9.10000000e-08  8.66058046e-01 
-9.00000000e-08  8.66202964e-01 
-8.90000000e-08  8.66347928e-01 
-8.80000000e-08  8.66492939e-01 
-8.70000000e-08  8.66637996e-01 
-8.60000000e-08  8.66783099e-01 
-8.50000000e-08  8.66928249e-01 
-8.40000000e-08  8.67073445e-01 
-8.30000000e-08  8.67218687e-01 
-8.20000000e-08  8.67363976e-01 
-8.10000000e-08  8.67509310e-01 
-8.00000000e-08  8.67654691e-01 
-7.90000000e-08  8.67800117e-01 
-7.80000000e-08  8.67945589e-01 
-7.70000000e-08  8.68091107e-01 
-7.60000000e-08  8.68236670e-01 
-7.50000000e-08  8.68382279e-01 
-7.40000000e-08  8.68527933e-01 
-7.30000000e-08  8.68673633e-01 
-7.20000000e-08  8.68819378e-01 
-7.10000000e-08  8.68965168e-01 
-7.00000000e-08  8.69111004e-01 
-6.90000000e-08  8.69256884e-01 
-6.80000000e-08  8.69402810e-01 
-6.70000000e-08  8.69548781e-01 
-6.60000000e-08  8.69694796e-01 
-6.50000000e-08  8.69840856e-01 
-6.40000000e-08  8.69986961e-01 
-6.30000000e-08  8.70133110e-01 
-6.20000000e-08  8.70279304e-01 
-6.10000000e-08  8.70425542e-01 
-6.00000000e-08  8.70571825e-01 
-5.90000000e-08  8.70718152e-01 
-5.80000000e-08  8.70864523e-01 
-5.70000000e-08  8.71010938e-01 
-5.60000000e-08  8.71157398e-01 
-5.50000000e-08  8.71303901e-01 
-5.40000000e-08  8.71450448e-01 
-5.30000000e-08  8.71597038e-01 
-5.20000000e-08  8.71743673e-01 
-5.10000000e-08  8.71890351e-01 
-5.00000000e-08  8.72037072e-01 
-4.90000000e-08  8.72183838e-01 
-4.80000000e-08  8.72330646e-01 
-4.70000000e-08  8.72477498e-01 
-4.60000000e-08  8.72624392e-01 
-4.50000000e-08  8.72771330e-01 
-4.40000000e-08  8.72918311e-01 
-4.30000000e-08  8.73065335e-01 
-4.20000000e-08  8.73212401e-01 
-4.10000000e-08  8.73359511e-01 
-4.00000000e-08  8.73506663e-01 
-3.90000000e-08  8.73653857e-01 
-3.80000000e-08  8.73801094e-01 
-3.70000000e-08  8.73948374e-01 
-3.60000000e-08  8.74095696e-01 
-3.50000000e-08  8.74243060e-01 
-3.40000000e-08  8.74390466e-01 
-3.30000000e-08  8.74537914e-01 
-3.20000000e-08  8.74685404e-01 
-3.10000000e-08  8.74832936e-01 
-3.00000000e-08  8.74980509e-01 
-2.90000000e-08  8.75128125e-01 
-2.80000000e-08  8.75275782e-01 
-2.70000000e-08  8.75423480e-01 
-2.60000000e-08  8.75571220e-01 
-2.50000000e-08  8.75719001e-01 
-2.40000000e-08  8.75866824e-01 
-2.30000000e-08  8.76014688e-01 
-2.20000000e-08  8.76162592e-01 
-2.10000000e-08  8.76310538e-01 
-2.00000000e-08  8.76458524e-01 
-1.90000000e-08  8.76606552e-01 
-1.80000000e-08  8.76754620e-01 
-1.70000000e-08  8.76902728e-01 
-1.60000000e-08  8.77050878e-01 
-1.50000000e-08  8.77199067e-01 
-1.40000000e-08  8.77347297e-01 
-1.30000000e-08  8.77495568e-01 
-1.20000000e-08  8.77643878e-01 
-1.10000000e-08  8.77792228e-01 
-1.00000000e-08  8.77940619e-01 
-9.00000000e-09  8.78089049e-01 
-8.00000000e-09  8.78237519e-01 
-7.00000000e-09  8.78386029e-01 
-6.00000000e-09  8.78534579e-01 
-5.00000000e-09  8.78683168e-01 
-4.00000000e-09  8.78831796e-01 
-3.00000000e-09  8.78980464e-01 
-2.00000000e-09  8.79129172e-01 
-1.00000000e-09  8.79277918e-01 
 3.88981683e-21  8.79426703e-01 
 1.00000000e-09  8.79575528e-01 
 2.00000000e-09  8.79724391e-01 
 3.00000000e-09  8.79873293e-01 
 4.00000000e-09  8.80022235e-01 
 5.00000000e-09  8.80171214e-01 
 6.00000000e-09  8.80320232e-01 
 7.00000000e-09  8.80469289e-01 
 8.00000000e-09  8.80618384e-01 
 9.00000000e-09  8.80767518e-01 
 1.00000000e-08  8.80916689e-01 
 1.10000000e-08  8.81065899e-01 
 1.20000000e-08  8.81215147e-01 
 1.30000000e-08  8.81364433e-01 
 1.40000000e-08  8.81513757e-01 
 1.50000000e-08  8.81663118e-01 
 1.60000000e-08  8.81812518e-01 
 1.70000000e-08  8.81961955e-01 
 1.80000000e-08  8.82111429e-01 
 1.90000000e-08  8.82260941e-01 
 2.00000000e-08  8.82410490e-01 
 2.10000000e-08  8.82560077e-01 
 2.20000000e-08  8.82709701e-01 
 2.30000000e-08  8.82859362e-01 
 2.40000000e-08  8.83009060e-01 
 2.50000000e-08  8.83158795e-01 
 2.60000000e-08  8.83308567e-01 
 2.70000000e-08  8.83458375e-01 
 2.80000000e-08  8.83608221e-01 
 2.90000000e-08  8.83758103e-01 
 3.00000000e-08  8.83908022e-01 
 3.10000000e-08  8.84057977e-01 
 3.20000000e-08  8.84207968e-01 
 3.30000000e-08  8.84357996e-01 
 3.40000000e-08  8.84508060e-01 
 3.50000000e-08  8.84658161e-01 
 3.60000000e-08  8.84808298e-01 
 3.70000000e-08  8.84958470e-01 
 3.80000000e-08  8.85108678e-01 
 3.90000000e-08  8.85258923e-01 
 4.00000000e-08  8.85409203e-01 
 4.10000000e-08  8.85559519e-01 
 4.20000000e-08  8.85709870e-01 
 4.30000000e-08  8.85860257e-01 
 4.40000000e-08  8.86010680e-01 
 4.50000000e-08  8.86161138e-01 
 4.60000000e-08  8.86311631e-01 
 4.70000000e-08  8.86462160e-01 
 4.80000000e-08  8.86612724e-01 
 4.90000000e-08  8.86763323e-01 
 5.00000000e-08  8.86913957e-01 
 5.10000000e-08  8.87064626e-01 
 5.20000000e-08  8.87215330e-01 
 5.30000000e-08  8.87366069e-01 
 5.40000000e-08  8.87516843e-01 
 5.50000000e-08  8.87667651e-01 
 5.60000000e-08  8.87818494e-01 
 5.70000000e-08  8.87969372e-01 
 5.80000000e-08  8.88120284e-01 
 5.90000000e-08  8.88271230e-01 
 6.00000000e-08  8.88422211e-01 
 6.10000000e-08  8.88573227e-01 
 6.20000000e-08  8.88724277e-01 
 6.30000000e-08  8.88875360e-01 
 6.40000000e-08  8.89026478e-01 
 6.50000000e-08  8.89177630e-01 
 6.60000000e-08  8.89328816e-01 
 6.70000000e-08  8.89480036e-01 
 6.80000000e-08  8.89631290e-01 
 6.90000000e-08  8.89782578e-01 
 7.00000000e-08  8.89933899e-01 
 7.10000000e-08  8.90085254e-01 
 7.20000000e-08  8.90236643e-01 
 7.30000000e-08  8.90388066e-01 
 7.40000000e-08  8.90539521e-01 
 7.50000000e-08  8.90691011e-01 
 7.60000000e-08  8.90842534e-01 
 7.70000000e-08  8.90994090e-01 
 7.80000000e-08  8.91145679e-01 
 7.90000000e-08  8.91297302e-01 
 8.00000000e-08  8.91448958e-01 
 8.10000000e-08  8.91600647e-01 
 8.20000000e-08  8.91752369e-01 
 8.30000000e-08  8.91904124e-01 
 8.40000000e-08  8.92055912e-01 
 8.50000000e-08  8.92207732e-01 
 8.60000000e-08  8.92359586e-01 
 8.70000000e-08  8.92511473e-01 
 8.80000000e-08  8.92663392e-01 
 8.90000000e-08  8.92815344e-01 
 9.00000000e-08  8.92967329e-01 
 9.10000000e-08  8.93119346e-01 
 9.20000000e-08  8.93271396e-01 
 9.30000000e-08  8.93423478e-01 
 9.40000000e-08  8.93575593e-01 
 9.50000000e-08  8.93727740e-01 
 9.60000000e-08  8.93879919e-01 
 9.70000000e-08  8.94032131e-01 
 9.80000000e-08  8.94184375e-01 
 9.90000000e-08  8.94336651e-01 
 1.00000000e-07  8.94488960e-01 
 1.01000000e-07  8.94641300e-01 
 1.02000000e-07  8.94793672e-01 
 1.03000000e-07  8.94946077e-01 
 1.04000000e-07  8.95098513e-01 
 1.05000000e-07  8.95250982e-01 
 1.06000000e-07  8.95403482e-01 
 1.07000000e-07  8.95556015e-01 
 1.08000000e-07  8.95708578e-01 
 1.09000000e-07  8.95861174e-01 
 1.10000000e-07  8.96013802e-01 
 1.11000000e-07  8.96166461e-01 
 1.12000000e-07  8.96319152e-01 
 1.13000000e-07  8.96471874e-01 
 1.14000000e-07  8.96624628e-01 
 1.15000000e-07  8.96777413e-01 
 1.16000000e-07  8.96930230e-01 
 1.17000000e-07  8.97083078e-01 
 1.18000000e-07  8.97235958e-01 
 1.19000000e-07  8.97388869e-01 
 1.20000000e-07  8.97541811e-01 
 1.21000000e-07  8.97694785e-01 
 1.22000000e-07  8.97847790e-01 
 1.23000000e-07  8.98000826e-01 
 1.24000000e-07  8.98153893e-01 
 1.25000000e-07  8.98306991e-01 
 1.26000000e-07  8.98460120e-01 
 1.27000000e-07  8.98613281e-01 
 1.28000000e-07  8.98766472e-01 
 1.29000000e-07  8.98919694e-01 
 1.30000000e-07  8.99072948e-01 
 1.31000000e-07  8.99226232e-01 
 1.32000000e-07  8.99379547e-01 
 1.33000000e-07  8.99532893e-01 
 1.34000000e-07  8.99686269e-01 
 1.35000000e-07  8.99839677e-01 
 1.36000000e-07  8.99993115e-01 
 1.37000000e-07  9.00146584e-01 
 1.38000000e-07  9.00300084e-01 
 1.39000000e-07  9.00453614e-01 
 1.40000000e-07  9.00607175e-01 
 1.41000000e-07  9.00760766e-01 
 1.42000000e-07  9.00914388e-01 
 1.43000000e-07  9.01068041e-01 
 1.44000000e-07  9.01221724e-01 
 1.45000000e-07  9.01375437e-01 
 1.46000000e-07  9.01529181e-01 
 1.47000000e-07  9.01682955e-01 
 1.48000000e-07  9.01836760e-01 
 1.49000000e-07  9.01990595e-01 
 1.50000000e-07  9.02144460e-01 
 1.51000000e-07  9.02298355e-01 
 1.52000000e-07  9.02452281e-01 
 1.53000000e-07  9.02606237e-01 
 1.54000000e-07  9.02760223e-01 
 1.55000000e-07  9.02914240e-01 
 1.56000000e-07  9.03068286e-01 
 1.57000000e-07  9.03222363e-01 
 1.58000000e-07  9.03376469e-01 
 1.59000000e-07  9.03530606e-01 
 1.60000000e-07  9.03684773e-01 
 1.61000000e-07  9.03838969e-01 
 1.62000000e-07  9.03993196e-01 
 1.63000000e-07  9.04147453e-01 
 1.64000000e-07  9.04301739e-01 
 1.65000000e-07  9.04456056e-01 
 1.66000000e-07  9.04610402e-01 
 1.67000000e-07  9.04764778e-01 
 1.68000000e-07  9.04919184e-01 
 1.69000000e-07  9.05073620e-01 
 1.70000000e-07  9.05228086e-01 
 1.71000000e-07  9.05382581e-01 
 1.72000000e-07  9.05537106e-01 
 1.73000000e-07  9.05691661e-01 
 1.74000000e-07  9.05846246e-01 
 1.75000000e-07  9.06000860e-01 
 1.76000000e-07  9.06155504e-01 
 1.77000000e-07  9.06310177e-01 
 1.78000000e-07  9.06464880e-01 
 1.79000000e-07  9.06619613e-01 
 1.80000000e-07  9.06774375e-01 
 1.81000000e-07  9.06929167e-01 
 1.82000000e-07  9.07083988e-01 
 1.83000000e-07  9.07238839e-01 
 1.84000000e-07  9.07393719e-01 
 1.85000000e-07  9.07548629e-01 
 1.86000000e-07  9.07703568e-01 
 1.87000000e-07  9.07858536e-01 
 1.88000000e-07  9.08013534e-01 
 1.89000000e-07  9.08168561e-01 
 1.90000000e-07  9.08323618e-01 
 1.91000000e-07  9.08478704e-01 
 1.92000000e-07  9.08633819e-01 
 1.93000000e-07  9.08788964e-01 
 1.94000000e-07  9.08944137e-01 
 1.95000000e-07  9.09099340e-01 
 1.96000000e-07  9.09254573e-01 
 1.97000000e-07  9.09409834e-01 
 1.98000000e-07  9.09565125e-01 
 1.99000000e-07  9.09720445e-01 
 2.00000000e-07  9.09875794e-01 
 2.01000000e-07  9.10031172e-01 
 2.02000000e-07  9.10186579e-01 
 2.03000000e-07  9.10342016e-01 
 2.04000000e-07  9.10497481e-01 
 2.05000000e-07  9.10652976e-01 
 2.06000000e-07  9.10808500e-01 
 2.07000000e-07  9.10964052e-01 
 2.08000000e-07  9.11119634e-01 
 2.09000000e-07  9.11275245e-01 
 2.10000000e-07  9.11430884e-01 
 2.11000000e-07  9.11586553e-01 
 2.12000000e-07  9.11742251e-01 
 2.13000000e-07  9.11897977e-01 
 2.14000000e-07  9.12053733e-01 
 2.15000000e-07  9.12209517e-01 
 2.16000000e-07  9.12365331e-01 
 2.17000000e-07  9.12521173e-01 
 2.18000000e-07  9.12677044e-01 
 2.19000000e-07  9.12832944e-01 
 2.20000000e-07  9.12988873e-01 
 2.21000000e-07  9.13144830e-01 
 2.22000000e-07  9.13300817e-01 
 2.23000000e-07  9.13456832e-01 
 2.24000000e-07  9.13612876e-01 
 2.25000000e-07  9.13768948e-01 
 2.26000000e-07  9.13925050e-01 
 2.27000000e-07  9.14081180e-01 
 2.28000000e-07  9.14237339e-01 
 2.29000000e-07  9.14393527e-01 
 2.30000000e-07  9.14549743e-01 
 2.31000000e-07  9.14705988e-01 
 2.32000000e-07  9.14862262e-01 
 2.33000000e-07  9.15018564e-01 
 2.34000000e-07  9.15174895e-01 
 2.35000000e-07  9.15331255e-01 
 2.36000000e-07  9.15487643e-01 
 2.37000000e-07  9.15644059e-01 
 2.38000000e-07  9.15800505e-01 
 2.39000000e-07  9.15956979e-01 
 2.40000000e-07  9.16113481e-01 
 2.41000000e-07  9.16270012e-01 
 2.42000000e-07  9.16426572e-01 
 2.43000000e-07  9.16583160e-01 
 2.44000000e-07  9.16739776e-01 
 2.45000000e-07  9.16896421e-01 
 2.46000000e-07  9.17053095e-01 
 2.47000000e-07  9.17209797e-01 
 2.48000000e-07  9.17366528e-01 
 2.49000000e-07  9.17523287e-01 
 2.50000000e-07  9.17680074e-01 
 2.51000000e-07  9.17836890e-01 
 2.52000000e-07  9.17993734e-01 
 2.53000000e-07  9.18150607e-01 
 2.54000000e-07  9.18307508e-01 
 2.55000000e-07  9.18464437e-01 
 2.56000000e-07  9.18621395e-01 
 2.57000000e-07  9.18778381e-01 
 2.58000000e-07  9.18935396e-01 
 2.59000000e-07  9.19092438e-01 
 2.60000000e-07  9.19249509e-01 
 2.61000000e-07  9.19406609e-01 
 2.62000000e-07  9.19563737e-01 
 2.63000000e-07  9.19720893e-01 
 2.64000000e-07  9.19878077e-01 
 2.65000000e-07  9.20035290e-01 
 2.66000000e-07  9.20192531e-01 
 2.67000000e-07  9.20349800e-01 
 2.68000000e-07  9.20507097e-01 
 2.69000000e-07  9.20664423e-01 
 2.70000000e-07  9.20821776e-01 
 2.71000000e-07  9.20979158e-01 
 2.72000000e-07  9.21136568e-01 
 2.73000000e-07  9.21294007e-01 
 2.74000000e-07  9.21451474e-01 
 2.75000000e-07  9.21608968e-01 
 2.76000000e-07  9.21766491e-01 
 2.77000000e-07  9.21924042e-01 
 2.78000000e-07  9.22081621e-01 
 2.79000000e-07  9.22239229e-01 
 2.80000000e-07  9.22396864e-01 
 2.81000000e-07  9.22554528e-01 
 2.82000000e-07  9.22712219e-01 
 2.83000000e-07  9.22869939e-01 
 2.84000000e-07  9.23027687e-01 
 2.85000000e-07  9.23185463e-01 
 2.86000000e-07  9.23343267e-01 
 2.87000000e-07  9.23501099e-01 
 2.88000000e-07  9.23658959e-01 
 2.89000000e-07  9.23816847e-01 
 2.90000000e-07  9.23974763e-01 
 2.91000000e-07  9.24132707e-01 
 2.92000000e-07  9.24290679e-01 
 2.93000000e-07  9.24448680e-01 
 2.94000000e-07  9.24606708e-01 
 2.95000000e-07  9.24764764e-01 
 2.96000000e-07  9.24922848e-01 
 2.97000000e-07  9.25080960e-01 
 2.98000000e-07  9.25239100e-01 
 2.99000000e-07  9.25397268e-01 
 3.00000000e-07  9.25555464e-01 
 3.01000000e-07  9.25713688e-01 
 3.02000000e-07  9.25871940e-01 
 3.03000000e-07  9.26030220e-01 
 3.04000000e-07  9.26188527e-01 
 3.05000000e-07  9.26346863e-01 
 3.06000000e-07  9.26505226e-01 
 3.07000000e-07  9.26663618e-01 
 3.08000000e-07  9.26822037e-01 
 3.09000000e-07  9.26980484e-01 
 3.10000000e-07  9.27138959e-01 
 3.11000000e-07  9.27297462e-01 
 3.12000000e-07  9.27455993e-01 
 3.13000000e-07  9.27614551e-01 
 3.14000000e-07  9.27773137e-01 
 3.15000000e-07  9.27931751e-01 
 3.16000000e-07  9.28090393e-01 
 3.17000000e-07  9.28249063e-01 
 3.18000000e-07  9.28407761e-01 
 3.19000000e-07  9.28566486e-01 
 3.20000000e-07  9.28725239e-01 
 3.21000000e-07  9.28884020e-01 
 3.22000000e-07  9.29042829e-01 
 3.23000000e-07  9.29201665e-01 
 3.24000000e-07  9.29360530e-01 
 3.25000000e-07  9.29519421e-01 
 3.26000000e-07  9.29678341e-01 
 3.27000000e-07  9.29837289e-01 
 3.28000000e-07  9.29996264e-01 
 3.29000000e-07  9.30155267e-01 
 3.30000000e-07  9.30314297e-01 
 3.31000000e-07  9.30473356e-01 
 3.32000000e-07  9.30632442e-01 
 3.33000000e-07  9.30791555e-01 
 3.34000000e-07  9.30950697e-01 
 3.35000000e-07  9.31109866e-01 
 3.36000000e-07  9.31269063e-01 
 3.37000000e-07  9.31428287e-01 
 3.38000000e-07  9.31587539e-01 
 3.39000000e-07  9.31746819e-01 
 3.40000000e-07  9.31906126e-01 
 3.41000000e-07  9.32065461e-01 
 3.42000000e-07  9.32224824e-01 
 3.43000000e-07  9.32384214e-01 
 3.44000000e-07  9.32543632e-01 
 3.45000000e-07  9.32703077e-01 
 3.46000000e-07  9.32862550e-01 
 3.47000000e-07  9.33022051e-01 
 3.48000000e-07  9.33181579e-01 
 3.49000000e-07  9.33341135e-01 
 3.50000000e-07  9.33500718e-01 
 3.51000000e-07  9.33660330e-01 
 3.52000000e-07  9.33819968e-01 
 3.53000000e-07  9.33979634e-01 
 3.54000000e-07  9.34139328e-01 
 3.55000000e-07  9.34299049e-01 
 3.56000000e-07  9.34458798e-01 
 3.57000000e-07  9.34618574e-01 
 3.58000000e-07  9.34778378e-01 
 3.59000000e-07  9.34938209e-01 
 3.60000000e-07  9.35098068e-01 
 3.61000000e-07  9.35257954e-01 
 3.62000000e-07  9.35417868e-01 
 3.63000000e-07  9.35577810e-01 
 3.64000000e-07  9.35737778e-01 
 3.65000000e-07  9.35897775e-01 
 3.66000000e-07  9.36057798e-01 
 3.67000000e-07  9.36217850e-01 
 3.68000000e-07  9.36377928e-01 
 3.69000000e-07  9.36538035e-01 
 3.70000000e-07  9.36698168e-01 
 3.71000000e-07  9.36858329e-01 
 3.72000000e-07  9.37018518e-01 
 3.73000000e-07  9.37178734e-01 
 3.74000000e-07  9.37338977e-01 
 3.75000000e-07  9.37499248e-01 
 3.76000000e-07  9.37659546e-01 
 3.77000000e-07  9.37819872e-01 
 3.78000000e-07  9.37980224e-01 
 3.79000000e-07  9.38140605e-01 
 3.80000000e-07  9.38301013e-01 
 3.81000000e-07  9.38461448e-01 
 3.82000000e-07  9.38621911e-01 
 3.83000000e-07  9.38782400e-01 
 3.84000000e-07  9.38942918e-01 
 3.85000000e-07  9.39103462e-01 
 3.86000000e-07  9.39264035e-01 
 3.87000000e-07  9.39424634e-01 
 3.88000000e-07  9.39585260e-01 
 3.89000000e-07  9.39745915e-01 
 3.90000000e-07  9.39906596e-01 
 3.91000000e-07  9.40067305e-01 
 3.92000000e-07  9.40228041e-01 
 3.93000000e-07  9.40388804e-01 
 3.94000000e-07  9.40549595e-01 
 3.95000000e-07  9.40710413e-01 
 3.96000000e-07  9.40871258e-01 
 3.97000000e-07  9.41032131e-01 
 3.98000000e-07  9.41193030e-01 
 3.99000000e-07  9.41353957e-01 
 4.00000000e-07  9.41514912e-01 
 4.01000000e-07  9.41675894e-01 
 4.02000000e-07  9.41836902e-01 
 4.03000000e-07  9.41997939e-01 
 4.04000000e-07  9.42159002e-01 
 4.05000000e-07  9.42320093e-01 
 4.06000000e-07  9.42481211e-01 
 4.07000000e-07  9.42642356e-01 
 4.08000000e-07  9.42803528e-01 
 4.09000000e-07  9.42964728e-01 
 4.10000000e-07  9.43125955e-01 
 4.11000000e-07  9.43287209e-01 
 4.12000000e-07  9.43448490e-01 
 4.13000000e-07  9.43609798e-01 
 4.14000000e-07  9.43771134e-01 
 4.15000000e-07  9.43932497e-01 
 4.16000000e-07  9.44093887e-01 
 4.17000000e-07  9.44255304e-01 
 4.18000000e-07  9.44416749e-01 
 4.19000000e-07  9.44578221e-01 
 4.20000000e-07  9.44739719e-01 
 4.21000000e-07  9.44901245e-01 
 4.22000000e-07  9.45062798e-01 
 4.23000000e-07  9.45224378e-01 
 4.24000000e-07  9.45385986e-01 
 4.25000000e-07  9.45547620e-01 
 4.26000000e-07  9.45709282e-01 
 4.27000000e-07  9.45870971e-01 
 4.28000000e-07  9.46032687e-01 
 4.29000000e-07  9.46194430e-01 
 4.30000000e-07  9.46356200e-01 
 4.31000000e-07  9.46517997e-01 
 4.32000000e-07  9.46679821e-01 
 4.33000000e-07  9.46841673e-01 
 4.34000000e-07  9.47003551e-01 
 4.35000000e-07  9.47165457e-01 
 4.36000000e-07  9.47327389e-01 
 4.37000000e-07  9.47489349e-01 
 4.38000000e-07  9.47651336e-01 
 4.39000000e-07  9.47813350e-01 
 4.40000000e-07  9.47975391e-01 
 4.41000000e-07  9.48137459e-01 
 4.42000000e-07  9.48299554e-01 
 4.43000000e-07  9.48461676e-01 
 4.44000000e-07  9.48623825e-01 
 4.45000000e-07  9.48786001e-01 
 4.46000000e-07  9.48948205e-01 
 4.47000000e-07  9.49110435e-01 
 4.48000000e-07  9.49272692e-01 
 4.49000000e-07  9.49434976e-01 
 4.50000000e-07  9.49597287e-01 
 4.51000000e-07  9.49759626e-01 
 4.52000000e-07  9.49921991e-01 
 4.53000000e-07  9.50084383e-01 
 4.54000000e-07  9.50246802e-01 
 4.55000000e-07  9.50409248e-01 
 4.56000000e-07  9.50571721e-01 
 4.57000000e-07  9.50734222e-01 
 4.58000000e-07  9.50896749e-01 
 4.59000000e-07  9.51059303e-01 
 4.60000000e-07  9.51221884e-01 
 4.61000000e-07  9.51384492e-01 
 4.62000000e-07  9.51547126e-01 
 4.63000000e-07  9.51709788e-01 
 4.64000000e-07  9.51872477e-01 
 4.65000000e-07  9.52035193e-01 
 4.66000000e-07  9.52197935e-01 
 4.67000000e-07  9.52360705e-01 
 4.68000000e-07  9.52523501e-01 
 4.69000000e-07  9.52686325e-01 
 4.70000000e-07  9.52849175e-01 
 4.71000000e-07  9.53012052e-01 
 4.72000000e-07  9.53174956e-01 
 4.73000000e-07  9.53337887e-01 
 4.74000000e-07  9.53500845e-01 
 4.75000000e-07  9.53663829e-01 
 4.76000000e-07  9.53826841e-01 
 4.77000000e-07  9.53989879e-01 
 4.78000000e-07  9.54152945e-01 
 4.79000000e-07  9.54316037e-01 
 4.80000000e-07  9.54479156e-01 
 4.81000000e-07  9.54642301e-01 
 4.82000000e-07  9.54805474e-01 
 4.83000000e-07  9.54968673e-01 
 4.84000000e-07  9.55131900e-01 
 4.85000000e-07  9.55295153e-01 
 4.86000000e-07  9.55458433e-01 
 4.87000000e-07  9.55621739e-01 
 4.88000000e-07  9.55785073e-01 
 4.89000000e-07  9.55948433e-01 
 4.90000000e-07  9.56111820e-01 
 4.91000000e-07  9.56275234e-01 
 4.92000000e-07  9.56438675e-01 
 4.93000000e-07  9.56602142e-01 
 4.94000000e-07  9.56765637e-01 
 4.95000000e-07  9.56929158e-01 
 4.96000000e-07  9.57092705e-01 
 4.97000000e-07  9.57256280e-01 
 4.98000000e-07  9.57419881e-01 
 4.99000000e-07  9.57583509e-01 
 5.00000000e-07  9.57747164e-01 
