 frequency       AmagdB          Aphdeg         
 1.00000000e-01  1.10444729e+02 -1.78701702e+00 
 1.05776756e-01  1.10444227e+02 -1.89017579e+00 
 1.11887221e-01  1.10443666e+02 -1.99928044e+00 
 1.18350673e-01  1.10443038e+02 -2.11467200e+00 
 1.25187503e-01  1.10442335e+02 -2.23671075e+00 
 1.32419279e-01  1.10441548e+02 -2.36577727e+00 
 1.40068818e-01  1.10440669e+02 -2.50227347e+00 
 1.48160252e-01  1.10439685e+02 -2.64662377e+00 
 1.56719108e-01  1.10438584e+02 -2.79927622e+00 
 1.65772389e-01  1.10437353e+02 -2.96070370e+00 
 1.75348655e-01  1.10435976e+02 -3.13140522e+00 
 1.85478119e-01  1.10434436e+02 -3.31190715e+00 
 1.96192737e-01  1.10432713e+02 -3.50276456e+00 
 2.07526313e-01  1.10430786e+02 -3.70456257e+00 
 2.19514602e-01  1.10428632e+02 -3.91791775e+00 
 2.32195425e-01  1.10426222e+02 -4.14347943e+00 
 2.45608788e-01  1.10423528e+02 -4.38193118e+00 
 2.59797009e-01  1.10420515e+02 -4.63399212e+00 
 2.74804848e-01  1.10417147e+02 -4.90041831e+00 
 2.90679654e-01  1.10413381e+02 -5.18200404e+00 
 3.07471508e-01  1.10409172e+02 -5.47958307e+00 
 3.25233387e-01  1.10404467e+02 -5.79402981e+00 
 3.44021326e-01  1.10399209e+02 -6.12626026e+00 
 3.63894599e-01  1.10393333e+02 -6.47723290e+00 
 3.84915902e-01  1.10386768e+02 -6.84794930e+00 
 4.07151555e-01  1.10379435e+02 -7.23945445e+00 
 4.30671707e-01  1.10371244e+02 -7.65283680e+00 
 4.55550561e-01  1.10362099e+02 -8.08922780e+00 
 4.81866605e-01  1.10351888e+02 -8.54980104e+00 
 5.09702863e-01  1.10340493e+02 -9.03577074e+00 
 5.39147154e-01  1.10327778e+02 -9.54838952e+00 
 5.70292370e-01  1.10313596e+02 -1.00889453e+01 
 6.03236769e-01  1.10297782e+02 -1.06587575e+01 
 6.38084285e-01  1.10280157e+02 -1.12591715e+01 
 6.74944857e-01  1.10260521e+02 -1.18915526e+01 
 7.13934775e-01  1.10238656e+02 -1.25572778e+01 
 7.55177045e-01  1.10214321e+02 -1.32577265e+01 
 7.98801781e-01  1.10187254e+02 -1.39942686e+01 
 8.44946611e-01  1.10157168e+02 -1.47682516e+01 
 8.93757115e-01  1.10123751e+02 -1.55809847e+01 
 9.45387283e-01  1.10086664e+02 -1.64337204e+01 
 1.00000000e+00  1.10045541e+02 -1.73276344e+01 
 1.05776756e+00  1.09999986e+02 -1.82638024e+01 
 1.11887221e+00  1.09949576e+02 -1.92431741e+01 
 1.18350673e+00  1.09893858e+02 -2.02665458e+01 
 1.25187503e+00  1.09832353e+02 -2.13345293e+01 
 1.32419279e+00  1.09764554e+02 -2.24475205e+01 
 1.40068818e+00  1.09689929e+02 -2.36056658e+01 
 1.48160252e+00  1.09607925e+02 -2.48088281e+01 
 1.56719108e+00  1.09517973e+02 -2.60565537e+01 
 1.65772389e+00  1.09419488e+02 -2.73480403e+01 
 1.75348655e+00  1.09311880e+02 -2.86821083e+01 
 1.85478119e+00  1.09194559e+02 -3.00571765e+01 
 1.96192737e+00  1.09066942e+02 -3.14712435e+01 
 2.07526313e+00  1.08928464e+02 -3.29218774e+01 
 2.19514602e+00  1.08778586e+02 -3.44062141e+01 
 2.32195425e+00  1.08616802e+02 -3.59209663e+01 
 2.45608788e+00  1.08442656e+02 -3.74624438e+01 
 2.59797009e+00  1.08255744e+02 -3.90265856e+01 
 2.74804848e+00  1.08055728e+02 -4.06090035e+01 
 2.90679654e+00  1.07842339e+02 -4.22050376e+01 
 3.07471508e+00  1.07615390e+02 -4.38098201e+01 
 3.25233387e+00  1.07374774e+02 -4.54183473e+01 
 3.44021326e+00  1.07120470e+02 -4.70255571e+01 
 3.63894599e+00  1.06852544e+02 -4.86264081e+01 
 3.84915902e+00  1.06571145e+02 -5.02159579e+01 
 4.07151555e+00  1.06276504e+02 -5.17894382e+01 
 4.30671707e+00  1.05968926e+02 -5.33423229e+01 
 4.55550561e+00  1.05648784e+02 -5.48703878e+01 
 4.81866605e+00  1.05316511e+02 -5.63697601e+01 
 5.09702863e+00  1.04972591e+02 -5.78369556e+01 
 5.39147154e+00  1.04617547e+02 -5.92689056e+01 
 5.70292370e+00  1.04251932e+02 -6.06629701e+01 
 6.03236769e+00  1.03876324e+02 -6.20169419e+01 
 6.38084285e+00  1.03491309e+02 -6.33290401e+01 
 6.74944857e+00  1.03097479e+02 -6.45978950e+01 
 7.13934775e+00  1.02695420e+02 -6.58225266e+01 
 7.55177045e+00  1.02285712e+02 -6.70023176e+01 
 7.98801781e+00  1.01868915e+02 -6.81369831e+01 
 8.44946611e+00  1.01445571e+02 -6.92265378e+01 
 8.93757115e+00  1.01016200e+02 -7.02712618e+01 
 9.45387283e+00  1.00581295e+02 -7.12716676e+01 
 1.00000000e+01  1.00141320e+02 -7.22284668e+01 
 1.05776756e+01  9.96967151e+01 -7.31425391e+01 
 1.11887221e+01  9.92478871e+01 -7.40149032e+01 
 1.18350673e+01  9.87952167e+01 -7.48466896e+01 
 1.25187503e+01  9.83390558e+01 -7.56391170e+01 
 1.32419279e+01  9.78797294e+01 -7.63934697e+01 
 1.40068818e+01  9.74175364e+01 -7.71110787e+01 
 1.48160252e+01  9.69527509e+01 -7.77933053e+01 
 1.56719108e+01  9.64856235e+01 -7.84415258e+01 
 1.65772389e+01  9.60163829e+01 -7.90571197e+01 
 1.75348655e+01  9.55452375e+01 -7.96414589e+01 
 1.85478119e+01  9.50723763e+01 -8.01958994e+01 
 1.96192737e+01  9.45979712e+01 -8.07217739e+01 
 2.07526313e+01  9.41221775e+01 -8.12203858e+01 
 2.19514602e+01  9.36451359e+01 -8.16930053e+01 
 2.32195425e+01  9.31669734e+01 -8.21408653e+01 
 2.45608788e+01  9.26878046e+01 -8.25651593e+01 
 2.59797009e+01  9.22077329e+01 -8.29670390e+01 
 2.74804848e+01  9.17268512e+01 -8.33476137e+01 
 2.90679654e+01  9.12452434e+01 -8.37079493e+01 
 3.07471508e+01  9.07629846e+01 -8.40490683e+01 
 3.25233387e+01  9.02801427e+01 -8.43719497e+01 
 3.44021326e+01  8.97967782e+01 -8.46775300e+01 
 3.63894599e+01  8.93129458e+01 -8.49667034e+01 
 3.84915902e+01  8.88286945e+01 -8.52403231e+01 
 4.07151555e+01  8.83440681e+01 -8.54992023e+01 
 4.30671707e+01  8.78591059e+01 -8.57441153e+01 
 4.55550561e+01  8.73738434e+01 -8.59757988e+01 
 4.81866605e+01  8.68883119e+01 -8.61949534e+01 
 5.09702863e+01  8.64025400e+01 -8.64022447e+01 
 5.39147154e+01  8.59165529e+01 -8.65983049e+01 
 5.70292370e+01  8.54303732e+01 -8.67837342e+01 
 6.03236769e+01  8.49440215e+01 -8.69591020e+01 
 6.38084285e+01  8.44575157e+01 -8.71249484e+01 
 6.74944857e+01  8.39708723e+01 -8.72817853e+01 
 7.13934775e+01  8.34841057e+01 -8.74300983e+01 
 7.55177045e+01  8.29972291e+01 -8.75703471e+01 
 7.98801781e+01  8.25102540e+01 -8.77029676e+01 
 8.44946611e+01  8.20231908e+01 -8.78283725e+01 
 8.93757115e+01  8.15360490e+01 -8.79469525e+01 
 9.45387283e+01  8.10488368e+01 -8.80590777e+01 
 1.00000000e+02  8.05615617e+01 -8.81650984e+01 
 1.05776756e+02  8.00742304e+01 -8.82653462e+01 
 1.11887221e+02  7.95868488e+01 -8.83601348e+01 
 1.18350673e+02  7.90994222e+01 -8.84497612e+01 
 1.25187503e+02  7.86119555e+01 -8.85345065e+01 
 1.32419279e+02  7.81244529e+01 -8.86146364e+01 
 1.40068818e+02  7.76369182e+01 -8.86904026e+01 
 1.48160252e+02  7.71493548e+01 -8.87620430e+01 
 1.56719108e+02  7.66617658e+01 -8.88297827e+01 
 1.65772389e+02  7.61741539e+01 -8.88938347e+01 
 1.75348655e+02  7.56865214e+01 -8.89544005e+01 
 1.85478119e+02  7.51988706e+01 -8.90116704e+01 
 1.96192737e+02  7.47112035e+01 -8.90658248e+01 
 2.07526313e+02  7.42235217e+01 -8.91170342e+01 
 2.19514602e+02  7.37358269e+01 -8.91654597e+01 
 2.32195425e+02  7.32481204e+01 -8.92112539e+01 
 2.45608788e+02  7.27604034e+01 -8.92545610e+01 
 2.59797009e+02  7.22726771e+01 -8.92955174e+01 
 2.74804848e+02  7.17849424e+01 -8.93342522e+01 
 2.90679654e+02  7.12972003e+01 -8.93708874e+01 
 3.07471508e+02  7.08094515e+01 -8.94055385e+01 
 3.25233387e+02  7.03216968e+01 -8.94383147e+01 
 3.44021326e+02  6.98339367e+01 -8.94693194e+01 
 3.63894599e+02  6.93461719e+01 -8.94986502e+01 
 3.84915902e+02  6.88584028e+01 -8.95263997e+01 
 4.07151555e+02  6.83706299e+01 -8.95526554e+01 
 4.30671707e+02  6.78828536e+01 -8.95774999e+01 
 4.55550561e+02  6.73950743e+01 -8.96010118e+01 
 4.81866605e+02  6.69072923e+01 -8.96232650e+01 
 5.09702863e+02  6.64195078e+01 -8.96443299e+01 
 5.39147154e+02  6.59317212e+01 -8.96642728e+01 
 5.70292370e+02  6.54439326e+01 -8.96831567e+01 
 6.03236769e+02  6.49561423e+01 -8.97010410e+01 
 6.38084285e+02  6.44683504e+01 -8.97179822e+01 
 6.74944857e+02  6.39805572e+01 -8.97340338e+01 
 7.13934775e+02  6.34927627e+01 -8.97492464e+01 
 7.55177045e+02  6.30049671e+01 -8.97636679e+01 
 7.98801781e+02  6.25171706e+01 -8.97773438e+01 
 8.44946611e+02  6.20293731e+01 -8.97903174e+01 
 8.93757115e+02  6.15415749e+01 -8.98026294e+01 
 9.45387283e+02  6.10537759e+01 -8.98143188e+01 
 1.00000000e+03  6.05659763e+01 -8.98254224e+01 
 1.05776756e+03  6.00781762e+01 -8.98359753e+01 
 1.11887221e+03  5.95903755e+01 -8.98460107e+01 
 1.18350673e+03  5.91025744e+01 -8.98555603e+01 
 1.25187503e+03  5.86147729e+01 -8.98646543e+01 
 1.32419279e+03  5.81269711e+01 -8.98733212e+01 
 1.40068818e+03  5.76391689e+01 -8.98815885e+01 
 1.48160252e+03  5.71513664e+01 -8.98894823e+01 
 1.56719108e+03  5.66635637e+01 -8.98970273e+01 
 1.65772389e+03  5.61757607e+01 -8.99042476e+01 
 1.75348655e+03  5.56879575e+01 -8.99111657e+01 
 1.85478119e+03  5.52001541e+01 -8.99178036e+01 
 1.96192737e+03  5.47123506e+01 -8.99241822e+01 
 2.07526313e+03  5.42245469e+01 -8.99303216e+01 
 2.19514602e+03  5.37367431e+01 -8.99362411e+01 
 2.32195425e+03  5.32489392e+01 -8.99419595e+01 
 2.45608788e+03  5.27611352e+01 -8.99474948e+01 
 2.59797009e+03  5.22733310e+01 -8.99528645e+01 
 2.74804848e+03  5.17855268e+01 -8.99580854e+01 
 2.90679654e+03  5.12977225e+01 -8.99631742e+01 
 3.07471508e+03  5.08099181e+01 -8.99681467e+01 
 3.25233387e+03  5.03221136e+01 -8.99730188e+01 
 3.44021326e+03  4.98343091e+01 -8.99778057e+01 
 3.63894599e+03  4.93465046e+01 -8.99825226e+01 
 3.84915902e+03  4.88586999e+01 -8.99871844e+01 
 4.07151555e+03  4.83708953e+01 -8.99918057e+01 
 4.30671707e+03  4.78830905e+01 -8.99964012e+01 
 4.55550561e+03  4.73952858e+01 -9.00009853e+01 
 4.81866605e+03  4.69074809e+01 -9.00055726e+01 
 5.09702863e+03  4.64196761e+01 -9.00101774e+01 
 5.39147154e+03  4.59318712e+01 -9.00148143e+01 
 5.70292370e+03  4.54440662e+01 -9.00194980e+01 
 6.03236769e+03  4.49562612e+01 -9.00242432e+01 
 6.38084285e+03  4.44684562e+01 -9.00290648e+01 
 6.74944857e+03  4.39806511e+01 -9.00339782e+01 
 7.13934775e+03  4.34928460e+01 -9.00389988e+01 
 7.55177045e+03  4.30050408e+01 -9.00441424e+01 
 7.98801781e+03  4.25172355e+01 -9.00494252e+01 
 8.44946611e+03  4.20294302e+01 -9.00548640e+01 
 8.93757115e+03  4.15416249e+01 -9.00604759e+01 
 9.45387283e+03  4.10538194e+01 -9.00662785e+01 
 1.00000000e+04  4.05660139e+01 -9.00722903e+01 
 1.05776756e+04  4.00782082e+01 -9.00785301e+01 
 1.11887221e+04  3.95904025e+01 -9.00850177e+01 
 1.18350673e+04  3.91025967e+01 -9.00917735e+01 
 1.25187503e+04  3.86147907e+01 -9.00988188e+01 
 1.32419279e+04  3.81269846e+01 -9.01061758e+01 
 1.40068818e+04  3.76391784e+01 -9.01138679e+01 
 1.48160252e+04  3.71513720e+01 -9.01219192e+01 
 1.56719108e+04  3.66635654e+01 -9.01303551e+01 
 1.65772389e+04  3.61757585e+01 -9.01392022e+01 
 1.75348655e+04  3.56879515e+01 -9.01484885e+01 
 1.85478119e+04  3.52001442e+01 -9.01582433e+01 
 1.96192737e+04  3.47123366e+01 -9.01684973e+01 
 2.07526313e+04  3.42245287e+01 -9.01792828e+01 
 2.19514602e+04  3.37367204e+01 -9.01906340e+01 
 2.32195425e+04  3.32489117e+01 -9.02025866e+01 
 2.45608788e+04  3.27611025e+01 -9.02151783e+01 
 2.59797009e+04  3.22732928e+01 -9.02284488e+01 
 2.74804848e+04  3.17854826e+01 -9.02424401e+01 
 2.90679654e+04  3.12976717e+01 -9.02571962e+01 
 3.07471508e+04  3.08098601e+01 -9.02727637e+01 
 3.25233387e+04  3.03220477e+01 -9.02891916e+01 
 3.44021326e+04  2.98342344e+01 -9.03065320e+01 
 3.63894599e+04  2.93464201e+01 -9.03248393e+01 
 3.84915902e+04  2.88586047e+01 -9.03441714e+01 
 4.07151555e+04  2.83707880e+01 -9.03645893e+01 
 4.30671707e+04  2.78829700e+01 -9.03861573e+01 
 4.55550561e+04  2.73951503e+01 -9.04089436e+01 
 4.81866605e+04  2.69073289e+01 -9.04330199e+01 
 5.09702863e+04  2.64195056e+01 -9.04584622e+01 
 5.39147154e+04  2.59316800e+01 -9.04853509e+01 
 5.70292370e+04  2.54438520e+01 -9.05137705e+01 
 6.03236769e+04  2.49560213e+01 -9.05438109e+01 
 6.38084285e+04  2.44681874e+01 -9.05755668e+01 
 6.74944857e+04  2.39803502e+01 -9.06091383e+01 
 7.13934775e+04  2.34925090e+01 -9.06446312e+01 
 7.55177045e+04  2.30046636e+01 -9.06821576e+01 
 7.98801781e+04  2.25168133e+01 -9.07218357e+01 
 8.44946611e+04  2.20289577e+01 -9.07637907e+01 
 8.93757115e+04  2.15410960e+01 -9.08081548e+01 
 9.45387283e+04  2.10532275e+01 -9.08550680e+01 
 1.00000000e+05  2.05653515e+01 -9.09046780e+01 
 1.05776756e+05  2.00774671e+01 -9.09571414e+01 
 1.11887221e+05  1.95895732e+01 -9.10126234e+01 
 1.18350673e+05  1.91016687e+01 -9.10712990e+01 
 1.25187503e+05  1.86137523e+01 -9.11333529e+01 
 1.32419279e+05  1.81258228e+01 -9.11989809e+01 
 1.40068818e+05  1.76378784e+01 -9.12683895e+01 
 1.48160252e+05  1.71499174e+01 -9.13417974e+01 
 1.56719108e+05  1.66619378e+01 -9.14194359e+01 
 1.65772389e+05  1.61739376e+01 -9.15015493e+01 
 1.75348655e+05  1.56859140e+01 -9.15883961e+01 
 1.85478119e+05  1.51978646e+01 -9.16802497e+01 
 1.96192737e+05  1.47097860e+01 -9.17773990e+01 
 2.07526313e+05  1.42216749e+01 -9.18801495e+01 
 2.19514602e+05  1.37335275e+01 -9.19888243e+01 
 2.32195425e+05  1.32453393e+01 -9.21037649e+01 
 2.45608788e+05  1.27571056e+01 -9.22253324e+01 
 2.59797009e+05  1.22688210e+01 -9.23539083e+01 
 2.74804848e+05  1.17804794e+01 -9.24898961e+01 
 2.90679654e+05  1.12920741e+01 -9.26337222e+01 
 3.07471508e+05  1.08035975e+01 -9.27858373e+01 
 3.25233387e+05  1.03150411e+01 -9.29467175e+01 
 3.44021326e+05  9.82639544e+00 -9.31168661e+01 
 3.63894599e+05  9.33765002e+00 -9.32968147e+01 
 3.84915902e+05  8.84879299e+00 -9.34871250e+01 
 4.07151555e+05  8.35981110e+00 -9.36883902e+01 
 4.30671707e+05  7.87068959e+00 -9.39012366e+01 
 4.55550561e+05  7.38141192e+00 -9.41263258e+01 
 4.81866605e+05  6.89195962e+00 -9.43643560e+01 
 5.09702863e+05  6.40231204e+00 -9.46160641e+01 
 5.39147154e+05  5.91244612e+00 -9.48822274e+01 
 5.70292370e+05  5.42233606e+00 -9.51636661e+01 
 6.03236769e+05  4.93195307e+00 -9.54612447e+01 
 6.38084285e+05  4.44126499e+00 -9.57758746e+01 
 6.74944857e+05  3.95023587e+00 -9.61085159e+01 
 7.13934775e+05  3.45882561e+00 -9.64601796e+01 
 7.55177045e+05  2.96698943e+00 -9.68319298e+01 
 7.98801781e+05  2.47467738e+00 -9.72248858e+01 
 8.44946611e+05  1.98183371e+00 -9.76402239e+01 
 8.93757115e+05  1.48839627e+00 -9.80791797e+01 
 9.45387283e+05  9.94295784e-01 -9.85430500e+01 
 1.00000000e+06  4.99455044e-01 -9.90331940e+01 
 1.05776756e+06  3.78807987e-03 -9.95510353e+01 
 1.11887221e+06 -4.92800804e-01 -1.00098063e+02 
 1.18350673e+06 -9.90418055e-01 -1.00675832e+02 
 1.25187503e+06 -1.48918200e+00 -1.01285965e+02 
 1.32419279e+06 -1.98922408e+00 -1.01930149e+02 
 1.40068818e+06 -2.49069016e+00 -1.02610139e+02 
 1.48160252e+06 -2.99374197e+00 -1.03327753e+02 
 1.56719108e+06 -3.49855863e+00 -1.04084869e+02 
 1.65772389e+06 -4.00533830e+00 -1.04883427e+02 
 1.75348655e+06 -4.51429987e+00 -1.05725414e+02 
 1.85478119e+06 -5.02568484e+00 -1.06612868e+02 
 1.96192737e+06 -5.53975912e+00 -1.07547862e+02 
 2.07526313e+06 -6.05681505e+00 -1.08532498e+02 
 2.19514602e+06 -6.57717326e+00 -1.09568893e+02 
 2.32195425e+06 -7.10118470e+00 -1.10659162e+02 
 2.45608788e+06 -7.62923241e+00 -1.11805402e+02 
 2.59797009e+06 -8.16173335e+00 -1.13009674e+02 
 2.74804848e+06 -8.69913985e+00 -1.14273970e+02 
 2.90679654e+06 -9.24194095e+00 -1.15600194e+02 
 3.07471508e+06 -9.79066316e+00 -1.16990124e+02 
 3.25233387e+06 -1.03458709e+01 -1.18445381e+02 
 3.44021326e+06 -1.09081661e+01 -1.19967388e+02 
 3.63894599e+06 -1.14781871e+01 -1.21557326e+02 
 3.84915902e+06 -1.20566069e+01 -1.23216095e+02 
 4.07151555e+06 -1.26441295e+01 -1.24944258e+02 
 4.30671707e+06 -1.32414859e+01 -1.26741999e+02 
 4.55550561e+06 -1.38494283e+01 -1.28609074e+02 
 4.81866605e+06 -1.44687225e+01 -1.30544758e+02 
 5.09702863e+06 -1.51001391e+01 -1.32547808e+02 
 5.39147154e+06 -1.57444430e+01 -1.34616420e+02 
 5.70292370e+06 -1.64023811e+01 -1.36748202e+02 
 6.03236769e+06 -1.70746688e+01 -1.38940149e+02 
 6.38084285e+06 -1.77619748e+01 -1.41188635e+02 
 6.74944857e+06 -1.84649052e+01 -1.43489424e+02 
 7.13934775e+06 -1.91839867e+01 -1.45837688e+02 
 7.55177045e+06 -1.99196501e+01 -1.48228050e+02 
 7.98801781e+06 -2.06722134e+01 -1.50654643e+02 
 8.44946611e+06 -2.14418666e+01 -1.53111191e+02 
 8.93757115e+06 -2.22286575e+01 -1.55591106e+02 
 9.45387283e+06 -2.30324803e+01 -1.58087602e+02 
 1.00000000e+07 -2.38530659e+01 -1.60593822e+02 
 1.05776756e+07 -2.46899772e+01 -1.63102978e+02 
 1.11887221e+07 -2.55426059e+01 -1.65608497e+02 
 1.18350673e+07 -2.64101753e+01 -1.68104163e+02 
 1.25187503e+07 -2.72917456e+01 -1.70584260e+02 
 1.32419279e+07 -2.81862242e+01 -1.73043702e+02 
 1.40068818e+07 -2.90923791e+01 -1.75478148e+02 
 1.48160252e+07 -3.00088557e+01 -1.77884098e+02 
 1.56719108e+07 -3.09341968e+01  1.79741044e+02 
 1.65772389e+07 -3.18668636e+01  1.77398923e+02 
 1.75348655e+07 -3.28052591e+01  1.75090232e+02 
 1.85478119e+07 -3.37477506e+01  1.72814726e+02 
 1.96192737e+07 -3.46926925e+01  1.70571282e+02 
 2.07526313e+07 -3.56384475e+01  1.68357974e+02 
 2.19514602e+07 -3.65834058e+01  1.66172184e+02 
 2.32195425e+07 -3.75260023e+01  1.64010726e+02 
 2.45608788e+07 -3.84647307e+01  1.61869983e+02 
 2.59797009e+07 -3.93981554e+01  1.59746059e+02 
 2.74804848e+07 -4.03249197e+01  1.57634926e+02 
 2.90679654e+07 -4.12437531e+01  1.55532575e+02 
 3.07471508e+07 -4.21534756e+01  1.53435148e+02 
 3.25233387e+07 -4.30530007e+01  1.51339065e+02 
 3.44021326e+07 -4.39413371e+01  1.49241134e+02 
 3.63894599e+07 -4.48175903e+01  1.47138628e+02 
 3.84915902e+07 -4.56809634e+01  1.45029358e+02 
 4.07151555e+07 -4.65307579e+01  1.42911707e+02 
 4.30671707e+07 -4.73663742e+01  1.40784649e+02 
 4.55550561e+07 -4.81873129e+01  1.38647738e+02 
 4.81866605e+07 -4.89931751e+01  1.36501083e+02 
 5.09702863e+07 -4.97836630e+01  1.34345295e+02 
 5.39147154e+07 -5.05585795e+01  1.32181424e+02 
 5.70292370e+07 -5.13178271e+01  1.30010875e+02 
 6.03236769e+07 -5.20614056e+01  1.27835323e+02 
 6.38084285e+07 -5.27894087e+01  1.25656614e+02 
 6.74944857e+07 -5.35020185e+01  1.23476665e+02 
 7.13934775e+07 -5.41994999e+01  1.21297372e+02 
 7.55177045e+07 -5.48821919e+01  1.19120518e+02 
 7.98801781e+07 -5.55504989e+01  1.16947689e+02 
 8.44946611e+07 -5.62048808e+01  1.14780203e+02 
 8.93757115e+07 -5.68458421e+01  1.12619051e+02 
 9.45387283e+07 -5.74739213e+01  1.10464849e+02 
 1.00000000e+08 -5.80896796e+01  1.08317806e+02 
