 v-sweep         Vout           
-5.00000000e-05  3.12680091e-01 
-4.98500000e-05  3.12743590e-01 
-4.97000000e-05  3.12807185e-01 
-4.95500000e-05  3.12870915e-01 
-4.94000000e-05  3.12934780e-01 
-4.92500000e-05  3.12998781e-01 
-4.91000000e-05  3.13062918e-01 
-4.89500000e-05  3.13127192e-01 
-4.88000000e-05  3.13191603e-01 
-4.86500000e-05  3.13256151e-01 
-4.85000000e-05  3.13320839e-01 
-4.83500000e-05  3.13385665e-01 
-4.82000000e-05  3.13450631e-01 
-4.80500000e-05  3.13515737e-01 
-4.79000000e-05  3.13580984e-01 
-4.77500000e-05  3.13646373e-01 
-4.76000000e-05  3.13711903e-01 
-4.74500000e-05  3.13777577e-01 
-4.73000000e-05  3.13843393e-01 
-4.71500000e-05  3.13909353e-01 
-4.70000000e-05  3.13975458e-01 
-4.68500000e-05  3.14041708e-01 
-4.67000000e-05  3.14108104e-01 
-4.65500000e-05  3.14174646e-01 
-4.64000000e-05  3.14241335e-01 
-4.62500000e-05  3.14308172e-01 
-4.61000000e-05  3.14375157e-01 
-4.59500000e-05  3.14442291e-01 
-4.58000000e-05  3.14509575e-01 
-4.56500000e-05  3.14577008e-01 
-4.55000000e-05  3.14644593e-01 
-4.53500000e-05  3.14712330e-01 
-4.52000000e-05  3.14780218e-01 
-4.50500000e-05  3.14848260e-01 
-4.49000000e-05  3.14916455e-01 
-4.47500000e-05  3.14984804e-01 
-4.46000000e-05  3.15053309e-01 
-4.44500000e-05  3.15121969e-01 
-4.43000000e-05  3.15190785e-01 
-4.41500000e-05  3.15259759e-01 
-4.40000000e-05  3.15328890e-01 
-4.38500000e-05  3.15398180e-01 
-4.37000000e-05  3.15467629e-01 
-4.35500000e-05  3.15537238e-01 
-4.34000000e-05  3.15607007e-01 
-4.32500000e-05  3.15676938e-01 
-4.31000000e-05  3.15747031e-01 
-4.29500000e-05  3.15817287e-01 
-4.28000000e-05  3.15887706e-01 
-4.26500000e-05  3.15958290e-01 
-4.25000000e-05  3.16029039e-01 
-4.23500000e-05  3.16099953e-01 
-4.22000000e-05  3.16171035e-01 
-4.20500000e-05  3.16242283e-01 
-4.19000000e-05  3.16313700e-01 
-4.17500000e-05  3.16385286e-01 
-4.16000000e-05  3.16457041e-01 
-4.14500000e-05  3.16528967e-01 
-4.13000000e-05  3.16601064e-01 
-4.11500000e-05  3.16673334e-01 
-4.10000000e-05  3.16745776e-01 
-4.08500000e-05  3.16818392e-01 
-4.07000000e-05  3.16891183e-01 
-4.05500000e-05  3.16964149e-01 
-4.04000000e-05  3.17037291e-01 
-4.02500000e-05  3.17110610e-01 
-4.01000000e-05  3.17184107e-01 
-3.99500000e-05  3.17257783e-01 
-3.98000000e-05  3.17331638e-01 
-3.96500000e-05  3.17405674e-01 
-3.95000000e-05  3.17479891e-01 
-3.93500000e-05  3.17554290e-01 
-3.92000000e-05  3.17628872e-01 
-3.90500000e-05  3.17703638e-01 
-3.89000000e-05  3.17778589e-01 
-3.87500000e-05  3.17853726e-01 
-3.86000000e-05  3.17929050e-01 
-3.84500000e-05  3.18004560e-01 
-3.83000000e-05  3.18080260e-01 
-3.81500000e-05  3.18156149e-01 
-3.80000000e-05  3.18232228e-01 
-3.78500000e-05  3.18308498e-01 
-3.77000000e-05  3.18384960e-01 
-3.75500000e-05  3.18461616e-01 
-3.74000000e-05  3.18538466e-01 
-3.72500000e-05  3.18615510e-01 
-3.71000000e-05  3.18692751e-01 
-3.69500000e-05  3.18770189e-01 
-3.68000000e-05  3.18847824e-01 
-3.66500000e-05  3.18925659e-01 
-3.65000000e-05  3.19003694e-01 
-3.63500000e-05  3.19081929e-01 
-3.62000000e-05  3.19160367e-01 
-3.60500000e-05  3.19239008e-01 
-3.59000000e-05  3.19317853e-01 
-3.57500000e-05  3.19396902e-01 
-3.56000000e-05  3.19476158e-01 
-3.54500000e-05  3.19555621e-01 
-3.53000000e-05  3.19635293e-01 
-3.51500000e-05  3.19715173e-01 
-3.50000000e-05  3.19795265e-01 
-3.48500000e-05  3.19875567e-01 
-3.47000000e-05  3.19956082e-01 
-3.45500000e-05  3.20036811e-01 
-3.44000000e-05  3.20117755e-01 
-3.42500000e-05  3.20198914e-01 
-3.41000000e-05  3.20280291e-01 
-3.39500000e-05  3.20361885e-01 
-3.38000000e-05  3.20443699e-01 
-3.36500000e-05  3.20525734e-01 
-3.35000000e-05  3.20607990e-01 
-3.33500000e-05  3.20690469e-01 
-3.32000000e-05  3.20773172e-01 
-3.30500000e-05  3.20856100e-01 
-3.29000000e-05  3.20939254e-01 
-3.27500000e-05  3.21022636e-01 
-3.26000000e-05  3.21106247e-01 
-3.24500000e-05  3.21190088e-01 
-3.23000000e-05  3.21274160e-01 
-3.21500000e-05  3.21358464e-01 
-3.20000000e-05  3.21443003e-01 
-3.18500000e-05  3.21527776e-01 
-3.17000000e-05  3.21612786e-01 
-3.15500000e-05  3.21698033e-01 
-3.14000000e-05  3.21783519e-01 
-3.12500000e-05  3.21869246e-01 
-3.11000000e-05  3.21955214e-01 
-3.09500000e-05  3.22041425e-01 
-3.08000000e-05  3.22127880e-01 
-3.06500000e-05  3.22214580e-01 
-3.05000000e-05  3.22301528e-01 
-3.03500000e-05  3.22388724e-01 
-3.02000000e-05  3.22476169e-01 
-3.00500000e-05  3.22563866e-01 
-2.99000000e-05  3.22651815e-01 
-2.97500000e-05  3.22740018e-01 
-2.96000000e-05  3.22828476e-01 
-2.94500000e-05  3.22917191e-01 
-2.93000000e-05  3.23006164e-01 
-2.91500000e-05  3.23095397e-01 
-2.90000000e-05  3.23184892e-01 
-2.88500000e-05  3.23274649e-01 
-2.87000000e-05  3.23364670e-01 
-2.85500000e-05  3.23454956e-01 
-2.84000000e-05  3.23545510e-01 
-2.82500000e-05  3.23636333e-01 
-2.81000000e-05  3.23727426e-01 
-2.79500000e-05  3.23818791e-01 
-2.78000000e-05  3.23910430e-01 
-2.76500000e-05  3.24002344e-01 
-2.75000000e-05  3.24094534e-01 
-2.73500000e-05  3.24187003e-01 
-2.72000000e-05  3.24279751e-01 
-2.70500000e-05  3.24372781e-01 
-2.69000000e-05  3.24466095e-01 
-2.67500000e-05  3.24559693e-01 
-2.66000000e-05  3.24653579e-01 
-2.64500000e-05  3.24747752e-01 
-2.63000000e-05  3.24842216e-01 
-2.61500000e-05  3.24936971e-01 
-2.60000000e-05  3.25032021e-01 
-2.58500000e-05  3.25127365e-01 
-2.57000000e-05  3.25223007e-01 
-2.55500000e-05  3.25318948e-01 
-2.54000000e-05  3.25415189e-01 
-2.52500000e-05  3.25511733e-01 
-2.51000000e-05  3.25608582e-01 
-2.49500000e-05  3.25705737e-01 
-2.48000000e-05  3.25803201e-01 
-2.46500000e-05  3.25900974e-01 
-2.45000000e-05  3.25999060e-01 
-2.43500000e-05  3.26097459e-01 
-2.42000000e-05  3.26196175e-01 
-2.40500000e-05  3.26295209e-01 
-2.39000000e-05  3.26394562e-01 
-2.37500000e-05  3.26494238e-01 
-2.36000000e-05  3.26594238e-01 
-2.34500000e-05  3.26694563e-01 
-2.33000000e-05  3.26795217e-01 
-2.31500000e-05  3.26896201e-01 
-2.30000000e-05  3.26997518e-01 
-2.28500000e-05  3.27099169e-01 
-2.27000000e-05  3.27201156e-01 
-2.25500000e-05  3.27303483e-01 
-2.24000000e-05  3.27406150e-01 
-2.22500000e-05  3.27509161e-01 
-2.21000000e-05  3.27612517e-01 
-2.19500000e-05  3.27716220e-01 
-2.18000000e-05  3.27820274e-01 
-2.16500000e-05  3.27924680e-01 
-2.15000000e-05  3.28029441e-01 
-2.13500000e-05  3.28134558e-01 
-2.12000000e-05  3.28240035e-01 
-2.10500000e-05  3.28345873e-01 
-2.09000000e-05  3.28452076e-01 
-2.07500000e-05  3.28558645e-01 
-2.06000000e-05  3.28665583e-01 
-2.04500000e-05  3.28772893e-01 
-2.03000000e-05  3.28880576e-01 
-2.01500000e-05  3.28988637e-01 
-2.00000000e-05  3.29097076e-01 
-1.98500000e-05  3.29205898e-01 
-1.97000000e-05  3.29315103e-01 
-1.95500000e-05  3.29424696e-01 
-1.94000000e-05  3.29534678e-01 
-1.92500000e-05  3.29645053e-01 
-1.91000000e-05  3.29755823e-01 
-1.89500000e-05  3.29866990e-01 
-1.88000000e-05  3.29978558e-01 
-1.86500000e-05  3.30090530e-01 
-1.85000000e-05  3.30202907e-01 
-1.83500000e-05  3.30315694e-01 
-1.82000000e-05  3.30428893e-01 
-1.80500000e-05  3.30542507e-01 
-1.79000000e-05  3.30656538e-01 
-1.77500000e-05  3.30770991e-01 
-1.76000000e-05  3.30885867e-01 
-1.74500000e-05  3.31001170e-01 
-1.73000000e-05  3.31116904e-01 
-1.71500000e-05  3.31233070e-01 
-1.70000000e-05  3.31349673e-01 
-1.68500000e-05  3.31466715e-01 
-1.67000000e-05  3.31584200e-01 
-1.65500000e-05  3.31702131e-01 
-1.64000000e-05  3.31820512e-01 
-1.62500000e-05  3.31939345e-01 
-1.61000000e-05  3.32058633e-01 
-1.59500000e-05  3.32178382e-01 
-1.58000000e-05  3.32298592e-01 
-1.56500000e-05  3.32419270e-01 
-1.55000000e-05  3.32540417e-01 
-1.53500000e-05  3.32662037e-01 
-1.52000000e-05  3.32784134e-01 
-1.50500000e-05  3.32906712e-01 
-1.49000000e-05  3.33029774e-01 
-1.47500000e-05  3.33153325e-01 
-1.46000000e-05  3.33277366e-01 
-1.44500000e-05  3.33401904e-01 
-1.43000000e-05  3.33526941e-01 
-1.41500000e-05  3.33652481e-01 
-1.40000000e-05  3.33778528e-01 
-1.38500000e-05  3.33905087e-01 
-1.37000000e-05  3.34032160e-01 
-1.35500000e-05  3.34159753e-01 
-1.34000000e-05  3.34287870e-01 
-1.32500000e-05  3.34416514e-01 
-1.31000000e-05  3.34545690e-01 
-1.29500000e-05  3.34675402e-01 
-1.28000000e-05  3.34805655e-01 
-1.26500000e-05  3.34936452e-01 
-1.25000000e-05  3.35067799e-01 
-1.23500000e-05  3.35199699e-01 
-1.22000000e-05  3.35332158e-01 
-1.20500000e-05  3.35465179e-01 
-1.19000000e-05  3.35598768e-01 
-1.17500000e-05  3.35732929e-01 
-1.16000000e-05  3.35867667e-01 
-1.14500000e-05  3.36002987e-01 
-1.13000000e-05  3.36138894e-01 
-1.11500000e-05  3.36275392e-01 
-1.10000000e-05  3.36412487e-01 
-1.08500000e-05  3.36550184e-01 
-1.07000000e-05  3.36688488e-01 
-1.05500000e-05  3.36827403e-01 
-1.04000000e-05  3.36966936e-01 
-1.02500000e-05  3.37107092e-01 
-1.01000000e-05  3.37247876e-01 
-9.95000000e-06  3.37389293e-01 
-9.80000000e-06  3.37531349e-01 
-9.65000000e-06  3.37674051e-01 
-9.50000000e-06  3.37817402e-01 
-9.35000000e-06  3.37961410e-01 
-9.20000000e-06  3.38106079e-01 
-9.05000000e-06  3.38251417e-01 
-8.90000000e-06  3.38397428e-01 
-8.75000000e-06  3.38544119e-01 
-8.60000000e-06  3.38691496e-01 
-8.45000000e-06  3.38839566e-01 
-8.30000000e-06  3.38988334e-01 
-8.15000000e-06  3.39137807e-01 
-8.00000000e-06  3.39287992e-01 
-7.85000000e-06  3.39438895e-01 
-7.70000000e-06  3.39590523e-01 
-7.55000000e-06  3.39742883e-01 
-7.40000000e-06  3.39895981e-01 
-7.25000000e-06  3.40049825e-01 
-7.10000000e-06  3.40204422e-01 
-6.95000000e-06  3.40359778e-01 
-6.80000000e-06  3.40515901e-01 
-6.65000000e-06  3.40672798e-01 
-6.50000000e-06  3.40830478e-01 
-6.35000000e-06  3.40988947e-01 
-6.20000000e-06  3.41148213e-01 
-6.05000000e-06  3.41308284e-01 
-5.90000000e-06  3.41469168e-01 
-5.75000000e-06  3.41630872e-01 
-5.60000000e-06  3.41793406e-01 
-5.45000000e-06  3.41956777e-01 
-5.30000000e-06  3.42120995e-01 
-5.15000000e-06  3.42286066e-01 
-5.00000000e-06  3.42452000e-01 
-4.85000000e-06  3.42618806e-01 
-4.70000000e-06  3.42786493e-01 
-4.55000000e-06  3.42955070e-01 
-4.40000000e-06  3.43124545e-01 
-4.25000000e-06  3.43294929e-01 
-4.10000000e-06  3.43466230e-01 
-3.95000000e-06  3.43638460e-01 
-3.80000000e-06  3.43811626e-01 
-3.65000000e-06  3.43985739e-01 
-3.50000000e-06  3.44160810e-01 
-3.35000000e-06  3.44336849e-01 
-3.20000000e-06  3.44513865e-01 
-3.05000000e-06  3.44691870e-01 
-2.90000000e-06  3.44870875e-01 
-2.75000000e-06  3.45050890e-01 
-2.60000000e-06  3.45231926e-01 
-2.45000000e-06  3.45413995e-01 
-2.30000000e-06  3.45597109e-01 
-2.15000000e-06  3.45781279e-01 
-2.00000000e-06  3.45966516e-01 
-1.85000000e-06  3.46152834e-01 
-1.70000000e-06  3.46340244e-01 
-1.55000000e-06  3.46528759e-01 
-1.40000000e-06  3.46718392e-01 
-1.25000000e-06  3.46909155e-01 
-1.10000000e-06  3.47101063e-01 
-9.50000000e-07  3.47294127e-01 
-8.00000000e-07  3.47488363e-01 
-6.50000000e-07  3.47683783e-01 
-5.00000000e-07  3.47880402e-01 
-3.50000000e-07  3.48078235e-01 
-2.00000000e-07  3.48277296e-01 
-5.00000000e-08  3.48477600e-01 
 1.00000000e-07  3.48679162e-01 
 2.50000000e-07  3.48881998e-01 
 4.00000000e-07  3.49086123e-01 
 5.50000000e-07  3.49291554e-01 
 7.00000000e-07  3.49498308e-01 
 8.50000000e-07  3.49706400e-01 
 1.00000000e-06  3.49915847e-01 
 1.15000000e-06  3.50126668e-01 
 1.30000000e-06  3.50338880e-01 
 1.45000000e-06  3.50552501e-01 
 1.60000000e-06  3.50767549e-01 
 1.75000000e-06  3.50984043e-01 
 1.90000000e-06  3.51202002e-01 
 2.05000000e-06  3.51421446e-01 
 2.20000000e-06  3.51642394e-01 
 2.35000000e-06  3.51864867e-01 
 2.50000000e-06  3.52088887e-01 
 2.65000000e-06  3.52314473e-01 
 2.80000000e-06  3.52541647e-01 
 2.95000000e-06  3.52770432e-01 
 3.10000000e-06  3.53000850e-01 
 3.25000000e-06  3.53232924e-01 
 3.40000000e-06  3.53466678e-01 
 3.55000000e-06  3.53702135e-01 
 3.70000000e-06  3.53939321e-01 
 3.85000000e-06  3.54178259e-01 
 4.00000000e-06  3.54418977e-01 
 4.15000000e-06  3.54661500e-01 
 4.30000000e-06  3.54905854e-01 
 4.45000000e-06  3.55152068e-01 
 4.60000000e-06  3.55400170e-01 
 4.75000000e-06  3.55650187e-01 
 4.90000000e-06  3.55902150e-01 
 5.05000000e-06  3.56156088e-01 
 5.20000000e-06  3.56412032e-01 
 5.35000000e-06  3.56670014e-01 
 5.50000000e-06  3.56930066e-01 
 5.65000000e-06  3.57192221e-01 
 5.80000000e-06  3.57456512e-01 
 5.95000000e-06  3.57722975e-01 
 6.10000000e-06  3.57991645e-01 
 6.25000000e-06  3.58262558e-01 
 6.40000000e-06  3.58535752e-01 
 6.55000000e-06  3.58811266e-01 
 6.70000000e-06  3.59089137e-01 
 6.85000000e-06  3.59369407e-01 
 7.00000000e-06  3.59652117e-01 
 7.15000000e-06  3.59937309e-01 
 7.30000000e-06  3.60225028e-01 
 7.45000000e-06  3.60515317e-01 
 7.60000000e-06  3.60808223e-01 
 7.75000000e-06  3.61103794e-01 
 7.90000000e-06  3.61402077e-01 
 8.05000000e-06  3.61703123e-01 
 8.20000000e-06  3.62006982e-01 
 8.35000000e-06  3.62313709e-01 
 8.50000000e-06  3.62623357e-01 
 8.65000000e-06  3.62935982e-01 
 8.80000000e-06  3.63251643e-01 
 8.95000000e-06  3.63570397e-01 
 9.10000000e-06  3.63892307e-01 
 9.25000000e-06  3.64217435e-01 
 9.40000000e-06  3.64545846e-01 
 9.55000000e-06  3.64877608e-01 
 9.70000000e-06  3.65212789e-01 
 9.85000000e-06  3.65551460e-01 
 1.00000000e-05  3.65893696e-01 
 1.01500000e-05  3.66239572e-01 
 1.03000000e-05  3.66589167e-01 
 1.04500000e-05  3.66942561e-01 
 1.06000000e-05  3.67299839e-01 
 1.07500000e-05  3.67661088e-01 
 1.09000000e-05  3.68026396e-01 
 1.10500000e-05  3.68395858e-01 
 1.12000000e-05  3.68769568e-01 
 1.13500000e-05  3.69147627e-01 
 1.15000000e-05  3.69530138e-01 
 1.16500000e-05  3.69917207e-01 
 1.18000000e-05  3.70308946e-01 
 1.19500000e-05  3.70705470e-01 
 1.21000000e-05  3.71106898e-01 
 1.22500000e-05  3.71513355e-01 
 1.24000000e-05  3.71924970e-01 
 1.25500000e-05  3.72341877e-01 
 1.27000000e-05  3.72764215e-01 
 1.28500000e-05  3.73192130e-01 
 1.30000000e-05  3.73625773e-01 
 1.31500000e-05  3.74065302e-01 
 1.33000000e-05  3.74510882e-01 
 1.34500000e-05  3.74962683e-01 
 1.36000000e-05  3.75420886e-01 
 1.37500000e-05  3.75885678e-01 
 1.39000000e-05  3.76357253e-01 
 1.40500000e-05  3.76835817e-01 
 1.42000000e-05  3.77321585e-01 
 1.43500000e-05  3.77814780e-01 
 1.45000000e-05  3.78315639e-01 
 1.46500000e-05  3.78824407e-01 
 1.48000000e-05  3.79341345e-01 
 1.49500000e-05  3.79866724e-01 
 1.51000000e-05  3.80400833e-01 
 1.52500000e-05  3.80943972e-01 
 1.54000000e-05  3.81496459e-01 
 1.55500000e-05  3.82058631e-01 
 1.57000000e-05  3.82630840e-01 
 1.58500000e-05  3.83213462e-01 
 1.60000000e-05  3.83806893e-01 
 1.61500000e-05  3.84411552e-01 
 1.63000000e-05  3.85027883e-01 
 1.64500000e-05  3.85656360e-01 
 1.66000000e-05  3.86297484e-01 
 1.67500000e-05  3.86951788e-01 
 1.69000000e-05  3.87619844e-01 
 1.70500000e-05  3.88302258e-01 
 1.72000000e-05  3.88999679e-01 
 1.73500000e-05  3.89712804e-01 
 1.75000000e-05  3.90442377e-01 
 1.76500000e-05  3.91189200e-01 
 1.78000000e-05  3.91954133e-01 
 1.79500000e-05  3.92738105e-01 
 1.81000000e-05  3.93542118e-01 
 1.82500000e-05  3.94367258e-01 
 1.84000000e-05  3.95214701e-01 
 1.85500000e-05  3.96085725e-01 
 1.87000000e-05  3.96981724e-01 
 1.88500000e-05  3.97904219e-01 
 1.90000000e-05  3.98854875e-01 
 1.91500000e-05  3.99835524e-01 
 1.93000000e-05  4.00848178e-01 
 1.94500000e-05  4.01895065e-01 
 1.96000000e-05  4.02978652e-01 
 1.97500000e-05  4.04101685e-01 
 1.99000000e-05  4.05267231e-01 
 2.00500000e-05  4.06478727e-01 
 2.02000000e-05  4.07740048e-01 
 2.03500000e-05  4.09055576e-01 
 2.05000000e-05  4.10430296e-01 
 2.06500000e-05  4.11869913e-01 
 2.08000000e-05  4.13380987e-01 
 2.09500000e-05  4.14971120e-01 
 2.11000000e-05  4.16649179e-01 
 2.12500000e-05  4.18425590e-01 
 2.14000000e-05  4.20312718e-01 
 2.15500000e-05  4.22325372e-01 
 2.17000000e-05  4.24481471e-01 
 2.18500000e-05  4.26802968e-01 
 2.20000000e-05  4.29317112e-01 
 2.21500000e-05  4.32058248e-01 
 2.23000000e-05  4.35070417e-01 
 2.24500000e-05  4.38411216e-01 
 2.26000000e-05  4.42157712e-01 
 2.27500000e-05  4.46415764e-01 
 2.29000000e-05  4.51335300e-01 
 2.30500000e-05  4.57726629e-01 
 2.32000000e-05  4.65008880e-01 
 2.33500000e-05  4.74224463e-01 
 2.35000000e-05  4.86418467e-01 
 2.36500000e-05  5.03308940e-01 
 2.38000000e-05  5.27113187e-01 
 2.39500000e-05  5.58673704e-01 
 2.41000000e-05  5.95960632e-01 
 2.42500000e-05  6.36621783e-01 
 2.44000000e-05  6.79271889e-01 
 2.45500000e-05  7.23575242e-01 
 2.47000000e-05  7.68660306e-01 
 2.48500000e-05  8.15937040e-01 
 2.50000000e-05  8.64532380e-01 
 2.51500000e-05  9.14313250e-01 
 2.53000000e-05  9.65168196e-01 
 2.54500000e-05  1.01696197e+00 
 2.56000000e-05  1.06935892e+00 
 2.57500000e-05  1.11801917e+00 
 2.59000000e-05  1.15531464e+00 
 2.60500000e-05  1.17806154e+00 
 2.62000000e-05  1.19237687e+00 
 2.63500000e-05  1.20264877e+00 
 2.65000000e-05  1.21153648e+00 
 2.66500000e-05  1.21739179e+00 
 2.68000000e-05  1.22270374e+00 
 2.69500000e-05  1.22725020e+00 
 2.71000000e-05  1.23128718e+00 
 2.72500000e-05  1.23491357e+00 
 2.74000000e-05  1.23821274e+00 
 2.75500000e-05  1.24124408e+00 
 2.77000000e-05  1.24405263e+00 
 2.78500000e-05  1.24667315e+00 
 2.80000000e-05  1.24913297e+00 
 2.81500000e-05  1.25145397e+00 
 2.83000000e-05  1.25365390e+00 
 2.84500000e-05  1.25574735e+00 
 2.86000000e-05  1.25774646e+00 
 2.87500000e-05  1.25966142e+00 
 2.89000000e-05  1.26150088e+00 
 2.90500000e-05  1.26327220e+00 
 2.92000000e-05  1.26498174e+00 
 2.93500000e-05  1.26663502e+00 
 2.95000000e-05  1.26823682e+00 
 2.96500000e-05  1.26979135e+00 
 2.98000000e-05  1.27130233e+00 
 2.99500000e-05  1.27277303e+00 
 3.01000000e-05  1.27420637e+00 
 3.02500000e-05  1.27560495e+00 
 3.04000000e-05  1.27697110e+00 
 3.05500000e-05  1.27830691e+00 
 3.07000000e-05  1.27961427e+00 
 3.08500000e-05  1.28089489e+00 
 3.10000000e-05  1.28215031e+00 
 3.11500000e-05  1.28338195e+00 
 3.13000000e-05  1.28459107e+00 
 3.14500000e-05  1.28577884e+00 
 3.16000000e-05  1.28694634e+00 
 3.17500000e-05  1.28809454e+00 
 3.19000000e-05  1.28922435e+00 
 3.20500000e-05  1.29033658e+00 
 3.22000000e-05  1.29143201e+00 
 3.23500000e-05  1.29251132e+00 
 3.25000000e-05  1.29357518e+00 
 3.26500000e-05  1.29462418e+00 
 3.28000000e-05  1.29565888e+00 
 3.29500000e-05  1.29667978e+00 
 3.31000000e-05  1.29768738e+00 
 3.32500000e-05  1.29868212e+00 
 3.34000000e-05  1.29966441e+00 
 3.35500000e-05  1.30063464e+00 
 3.37000000e-05  1.30159316e+00 
 3.38500000e-05  1.30254032e+00 
 3.40000000e-05  1.30347643e+00 
 3.41500000e-05  1.30440177e+00 
 3.43000000e-05  1.30531664e+00 
 3.44500000e-05  1.30622128e+00 
 3.46000000e-05  1.30711594e+00 
 3.47500000e-05  1.30800085e+00 
 3.49000000e-05  1.30887622e+00 
 3.50500000e-05  1.30974225e+00 
 3.52000000e-05  1.31059913e+00 
 3.53500000e-05  1.31144704e+00 
 3.55000000e-05  1.31228616e+00 
 3.56500000e-05  1.31311664e+00 
 3.58000000e-05  1.31393863e+00 
 3.59500000e-05  1.31475228e+00 
 3.61000000e-05  1.31555773e+00 
 3.62500000e-05  1.31635511e+00 
 3.64000000e-05  1.31714454e+00 
 3.65500000e-05  1.31792613e+00 
 3.67000000e-05  1.31870001e+00 
 3.68500000e-05  1.31946628e+00 
 3.70000000e-05  1.32022504e+00 
 3.71500000e-05  1.32097640e+00 
 3.73000000e-05  1.32172045e+00 
 3.74500000e-05  1.32245728e+00 
 3.76000000e-05  1.32318699e+00 
 3.77500000e-05  1.32390965e+00 
 3.79000000e-05  1.32462535e+00 
 3.80500000e-05  1.32533418e+00 
 3.82000000e-05  1.32603621e+00 
 3.83500000e-05  1.32673151e+00 
 3.85000000e-05  1.32742017e+00 
 3.86500000e-05  1.32810225e+00 
 3.88000000e-05  1.32877782e+00 
 3.89500000e-05  1.32944696e+00 
 3.91000000e-05  1.33010973e+00 
 3.92500000e-05  1.33076620e+00 
 3.94000000e-05  1.33141643e+00 
 3.95500000e-05  1.33206050e+00 
 3.97000000e-05  1.33269845e+00 
 3.98500000e-05  1.33333036e+00 
 4.00000000e-05  1.33395629e+00 
 4.01500000e-05  1.33457629e+00 
 4.03000000e-05  1.33519043e+00 
 4.04500000e-05  1.33579877e+00 
 4.06000000e-05  1.33640136e+00 
 4.07500000e-05  1.33699827e+00 
 4.09000000e-05  1.33758955e+00 
 4.10500000e-05  1.33817526e+00 
 4.12000000e-05  1.33875545e+00 
 4.13500000e-05  1.33933019e+00 
 4.15000000e-05  1.33989953e+00 
 4.16500000e-05  1.34046352e+00 
 4.18000000e-05  1.34102222e+00 
 4.19500000e-05  1.34157569e+00 
 4.21000000e-05  1.34212397e+00 
 4.22500000e-05  1.34266713e+00 
 4.24000000e-05  1.34320521e+00 
 4.25500000e-05  1.34373828e+00 
 4.27000000e-05  1.34426638e+00 
 4.28500000e-05  1.34478957e+00 
 4.30000000e-05  1.34530789e+00 
 4.31500000e-05  1.34582141e+00 
 4.33000000e-05  1.34633017e+00 
 4.34500000e-05  1.34683423e+00 
 4.36000000e-05  1.34733364e+00 
 4.37500000e-05  1.34782844e+00 
 4.39000000e-05  1.34831869e+00 
 4.40500000e-05  1.34880445e+00 
 4.42000000e-05  1.34928575e+00 
 4.43500000e-05  1.34976265e+00 
 4.45000000e-05  1.35023520e+00 
 4.46500000e-05  1.35070344e+00 
 4.48000000e-05  1.35116743e+00 
 4.49500000e-05  1.35162722e+00 
 4.51000000e-05  1.35208285e+00 
 4.52500000e-05  1.35253436e+00 
 4.54000000e-05  1.35298182e+00 
 4.55500000e-05  1.35342526e+00 
 4.57000000e-05  1.35386473e+00 
 4.58500000e-05  1.35430027e+00 
 4.60000000e-05  1.35473194e+00 
 4.61500000e-05  1.35515978e+00 
 4.63000000e-05  1.35558383e+00 
 4.64500000e-05  1.35600413e+00 
 4.66000000e-05  1.35642073e+00 
 4.67500000e-05  1.35683368e+00 
 4.69000000e-05  1.35724302e+00 
 4.70500000e-05  1.35764879e+00 
 4.72000000e-05  1.35805103e+00 
 4.73500000e-05  1.35844978e+00 
 4.75000000e-05  1.35884509e+00 
 4.76500000e-05  1.35923700e+00 
 4.78000000e-05  1.35962555e+00 
 4.79500000e-05  1.36001077e+00 
 4.81000000e-05  1.36039271e+00 
 4.82500000e-05  1.36077141e+00 
 4.84000000e-05  1.36114690e+00 
 4.85500000e-05  1.36151923e+00 
 4.87000000e-05  1.36188843e+00 
 4.88500000e-05  1.36225455e+00 
 4.90000000e-05  1.36261761e+00 
 4.91500000e-05  1.36297765e+00 
 4.93000000e-05  1.36333471e+00 
 4.94500000e-05  1.36368884e+00 
 4.96000000e-05  1.36404005e+00 
 4.97500000e-05  1.36438839e+00 
 4.99000000e-05  1.36473389e+00 
 5.00500000e-05  1.36507659e+00 
 5.02000000e-05  1.36541651e+00 
 5.03500000e-05  1.36575370e+00 
 5.05000000e-05  1.36608819e+00 
 5.06500000e-05  1.36642000e+00 
 5.08000000e-05  1.36674917e+00 
 5.09500000e-05  1.36707574e+00 
 5.11000000e-05  1.36739973e+00 
 5.12500000e-05  1.36772117e+00 
 5.14000000e-05  1.36804010e+00 
 5.15500000e-05  1.36835654e+00 
 5.17000000e-05  1.36867052e+00 
 5.18500000e-05  1.36898209e+00 
 5.20000000e-05  1.36929125e+00 
 5.21500000e-05  1.36959804e+00 
 5.23000000e-05  1.36990250e+00 
 5.24500000e-05  1.37020464e+00 
 5.26000000e-05  1.37050449e+00 
 5.27500000e-05  1.37080209e+00 
 5.29000000e-05  1.37109745e+00 
 5.30500000e-05  1.37139061e+00 
 5.32000000e-05  1.37168159e+00 
 5.33500000e-05  1.37197042e+00 
 5.35000000e-05  1.37225712e+00 
 5.36500000e-05  1.37254171e+00 
 5.38000000e-05  1.37282423e+00 
 5.39500000e-05  1.37310469e+00 
 5.41000000e-05  1.37338312e+00 
 5.42500000e-05  1.37365954e+00 
 5.44000000e-05  1.37393398e+00 
 5.45500000e-05  1.37420646e+00 
 5.47000000e-05  1.37447699e+00 
 5.48500000e-05  1.37474562e+00 
 5.50000000e-05  1.37501234e+00 
 5.51500000e-05  1.37527720e+00 
 5.53000000e-05  1.37554021e+00 
 5.54500000e-05  1.37580138e+00 
 5.56000000e-05  1.37606075e+00 
 5.57500000e-05  1.37631832e+00 
 5.59000000e-05  1.37657413e+00 
 5.60500000e-05  1.37682819e+00 
 5.62000000e-05  1.37708052e+00 
 5.63500000e-05  1.37733115e+00 
 5.65000000e-05  1.37758008e+00 
 5.66500000e-05  1.37782734e+00 
 5.68000000e-05  1.37807295e+00 
 5.69500000e-05  1.37831692e+00 
 5.71000000e-05  1.37855928e+00 
 5.72500000e-05  1.37880004e+00 
 5.74000000e-05  1.37903922e+00 
 5.75500000e-05  1.37927684e+00 
 5.77000000e-05  1.37951291e+00 
 5.78500000e-05  1.37974745e+00 
 5.80000000e-05  1.37998047e+00 
 5.81500000e-05  1.38021201e+00 
 5.83000000e-05  1.38044206e+00 
 5.84500000e-05  1.38067065e+00 
 5.86000000e-05  1.38089779e+00 
 5.87500000e-05  1.38112349e+00 
 5.89000000e-05  1.38134778e+00 
 5.90500000e-05  1.38157067e+00 
 5.92000000e-05  1.38179217e+00 
 5.93500000e-05  1.38201230e+00 
 5.95000000e-05  1.38223107e+00 
 5.96500000e-05  1.38244850e+00 
 5.98000000e-05  1.38266460e+00 
 5.99500000e-05  1.38287938e+00 
 6.01000000e-05  1.38309286e+00 
 6.02500000e-05  1.38330505e+00 
 6.04000000e-05  1.38351597e+00 
 6.05500000e-05  1.38372562e+00 
 6.07000000e-05  1.38393403e+00 
 6.08500000e-05  1.38414120e+00 
 6.10000000e-05  1.38434715e+00 
 6.11500000e-05  1.38455188e+00 
 6.13000000e-05  1.38475542e+00 
 6.14500000e-05  1.38495777e+00 
 6.16000000e-05  1.38515895e+00 
 6.17500000e-05  1.38535897e+00 
 6.19000000e-05  1.38555784e+00 
 6.20500000e-05  1.38575556e+00 
 6.22000000e-05  1.38595216e+00 
 6.23500000e-05  1.38614764e+00 
 6.25000000e-05  1.38634202e+00 
 6.26500000e-05  1.38653531e+00 
 6.28000000e-05  1.38672751e+00 
 6.29500000e-05  1.38691863e+00 
 6.31000000e-05  1.38710870e+00 
 6.32500000e-05  1.38729771e+00 
 6.34000000e-05  1.38748568e+00 
 6.35500000e-05  1.38767262e+00 
 6.37000000e-05  1.38785854e+00 
 6.38500000e-05  1.38804345e+00 
 6.40000000e-05  1.38822735e+00 
 6.41500000e-05  1.38841027e+00 
 6.43000000e-05  1.38859220e+00 
 6.44500000e-05  1.38877315e+00 
 6.46000000e-05  1.38895314e+00 
 6.47500000e-05  1.38913218e+00 
 6.49000000e-05  1.38931027e+00 
 6.50500000e-05  1.38948742e+00 
 6.52000000e-05  1.38966365e+00 
 6.53500000e-05  1.38983896e+00 
 6.55000000e-05  1.39001335e+00 
 6.56500000e-05  1.39018684e+00 
 6.58000000e-05  1.39035944e+00 
 6.59500000e-05  1.39053115e+00 
 6.61000000e-05  1.39070198e+00 
 6.62500000e-05  1.39087195e+00 
 6.64000000e-05  1.39104105e+00 
 6.65500000e-05  1.39120929e+00 
 6.67000000e-05  1.39137669e+00 
 6.68500000e-05  1.39154326e+00 
 6.70000000e-05  1.39170899e+00 
 6.71500000e-05  1.39187389e+00 
 6.73000000e-05  1.39203799e+00 
 6.74500000e-05  1.39220127e+00 
 6.76000000e-05  1.39236375e+00 
 6.77500000e-05  1.39252543e+00 
 6.79000000e-05  1.39268633e+00 
 6.80500000e-05  1.39284645e+00 
 6.82000000e-05  1.39300579e+00 
 6.83500000e-05  1.39316437e+00 
 6.85000000e-05  1.39332218e+00 
 6.86500000e-05  1.39347924e+00 
 6.88000000e-05  1.39363556e+00 
 6.89500000e-05  1.39379113e+00 
 6.91000000e-05  1.39394597e+00 
 6.92500000e-05  1.39410008e+00 
 6.94000000e-05  1.39425347e+00 
 6.95500000e-05  1.39440615e+00 
 6.97000000e-05  1.39455811e+00 
 6.98500000e-05  1.39470937e+00 
 7.00000000e-05  1.39485993e+00 
 7.01500000e-05  1.39500980e+00 
 7.03000000e-05  1.39515899e+00 
 7.04500000e-05  1.39530749e+00 
 7.06000000e-05  1.39545532e+00 
 7.07500000e-05  1.39560248e+00 
 7.09000000e-05  1.39574898e+00 
 7.10500000e-05  1.39589482e+00 
 7.12000000e-05  1.39604001e+00 
 7.13500000e-05  1.39618455e+00 
 7.15000000e-05  1.39632845e+00 
 7.16500000e-05  1.39647171e+00 
 7.18000000e-05  1.39661434e+00 
 7.19500000e-05  1.39675635e+00 
 7.21000000e-05  1.39689773e+00 
 7.22500000e-05  1.39703850e+00 
 7.24000000e-05  1.39717865e+00 
 7.25500000e-05  1.39731820e+00 
 7.27000000e-05  1.39745715e+00 
 7.28500000e-05  1.39759550e+00 
 7.30000000e-05  1.39773326e+00 
 7.31500000e-05  1.39787043e+00 
 7.33000000e-05  1.39800702e+00 
 7.34500000e-05  1.39814303e+00 
 7.36000000e-05  1.39827847e+00 
 7.37500000e-05  1.39841333e+00 
 7.39000000e-05  1.39854764e+00 
 7.40500000e-05  1.39868138e+00 
 7.42000000e-05  1.39881457e+00 
 7.43500000e-05  1.39894720e+00 
 7.45000000e-05  1.39907929e+00 
 7.46500000e-05  1.39921083e+00 
 7.48000000e-05  1.39934184e+00 
 7.49500000e-05  1.39947231e+00 
 7.51000000e-05  1.39960225e+00 
 7.52500000e-05  1.39973166e+00 
 7.54000000e-05  1.39986055e+00 
 7.55500000e-05  1.39998893e+00 
 7.57000000e-05  1.40011678e+00 
 7.58500000e-05  1.40024413e+00 
 7.60000000e-05  1.40037096e+00 
 7.61500000e-05  1.40049730e+00 
 7.63000000e-05  1.40062313e+00 
 7.64500000e-05  1.40074847e+00 
 7.66000000e-05  1.40087332e+00 
 7.67500000e-05  1.40099767e+00 
 7.69000000e-05  1.40112154e+00 
 7.70500000e-05  1.40124493e+00 
 7.72000000e-05  1.40136784e+00 
 7.73500000e-05  1.40149028e+00 
 7.75000000e-05  1.40161224e+00 
 7.76500000e-05  1.40173374e+00 
 7.78000000e-05  1.40185477e+00 
 7.79500000e-05  1.40197535e+00 
 7.81000000e-05  1.40209546e+00 
 7.82500000e-05  1.40221512e+00 
 7.84000000e-05  1.40233432e+00 
 7.85500000e-05  1.40245308e+00 
 7.87000000e-05  1.40257140e+00 
 7.88500000e-05  1.40268927e+00 
 7.90000000e-05  1.40280670e+00 
 7.91500000e-05  1.40292370e+00 
 7.93000000e-05  1.40304027e+00 
 7.94500000e-05  1.40315640e+00 
 7.96000000e-05  1.40327211e+00 
 7.97500000e-05  1.40338739e+00 
 7.99000000e-05  1.40350226e+00 
 8.00500000e-05  1.40361670e+00 
 8.02000000e-05  1.40373073e+00 
 8.03500000e-05  1.40384435e+00 
 8.05000000e-05  1.40395756e+00 
 8.06500000e-05  1.40407037e+00 
 8.08000000e-05  1.40418277e+00 
 8.09500000e-05  1.40429476e+00 
 8.11000000e-05  1.40440636e+00 
 8.12500000e-05  1.40451757e+00 
 8.14000000e-05  1.40462838e+00 
 8.15500000e-05  1.40473880e+00 
 8.17000000e-05  1.40484883e+00 
 8.18500000e-05  1.40495848e+00 
 8.20000000e-05  1.40506774e+00 
 8.21500000e-05  1.40517663e+00 
 8.23000000e-05  1.40528514e+00 
 8.24500000e-05  1.40539327e+00 
 8.26000000e-05  1.40550103e+00 
 8.27500000e-05  1.40560842e+00 
 8.29000000e-05  1.40571544e+00 
 8.30500000e-05  1.40582210e+00 
 8.32000000e-05  1.40592839e+00 
 8.33500000e-05  1.40603432e+00 
 8.35000000e-05  1.40613990e+00 
 8.36500000e-05  1.40624511e+00 
 8.38000000e-05  1.40634998e+00 
 8.39500000e-05  1.40645449e+00 
 8.41000000e-05  1.40655866e+00 
 8.42500000e-05  1.40666247e+00 
 8.44000000e-05  1.40676594e+00 
 8.45500000e-05  1.40686907e+00 
 8.47000000e-05  1.40697186e+00 
 8.48500000e-05  1.40707431e+00 
 8.50000000e-05  1.40717643e+00 
 8.51500000e-05  1.40727821e+00 
 8.53000000e-05  1.40737966e+00 
 8.54500000e-05  1.40748078e+00 
 8.56000000e-05  1.40758157e+00 
 8.57500000e-05  1.40768203e+00 
 8.59000000e-05  1.40778217e+00 
 8.60500000e-05  1.40788199e+00 
 8.62000000e-05  1.40798149e+00 
 8.63500000e-05  1.40808068e+00 
 8.65000000e-05  1.40817954e+00 
 8.66500000e-05  1.40827809e+00 
 8.68000000e-05  1.40837633e+00 
 8.69500000e-05  1.40847426e+00 
 8.71000000e-05  1.40857189e+00 
 8.72500000e-05  1.40866920e+00 
 8.74000000e-05  1.40876621e+00 
 8.75500000e-05  1.40886292e+00 
 8.77000000e-05  1.40895933e+00 
 8.78500000e-05  1.40905543e+00 
 8.80000000e-05  1.40915124e+00 
 8.81500000e-05  1.40924676e+00 
 8.83000000e-05  1.40934198e+00 
 8.84500000e-05  1.40943691e+00 
 8.86000000e-05  1.40953155e+00 
 8.87500000e-05  1.40962590e+00 
 8.89000000e-05  1.40971996e+00 
 8.90500000e-05  1.40981374e+00 
 8.92000000e-05  1.40990723e+00 
 8.93500000e-05  1.41000045e+00 
 8.95000000e-05  1.41009338e+00 
 8.96500000e-05  1.41018603e+00 
 8.98000000e-05  1.41027841e+00 
 8.99500000e-05  1.41037051e+00 
 9.01000000e-05  1.41046234e+00 
 9.02500000e-05  1.41055389e+00 
 9.04000000e-05  1.41064517e+00 
 9.05500000e-05  1.41073619e+00 
 9.07000000e-05  1.41082694e+00 
 9.08500000e-05  1.41091742e+00 
 9.10000000e-05  1.41100763e+00 
 9.11500000e-05  1.41109759e+00 
 9.13000000e-05  1.41118728e+00 
 9.14500000e-05  1.41127671e+00 
 9.16000000e-05  1.41136588e+00 
 9.17500000e-05  1.41145480e+00 
 9.19000000e-05  1.41154346e+00 
 9.20500000e-05  1.41163186e+00 
 9.22000000e-05  1.41172001e+00 
 9.23500000e-05  1.41180791e+00 
 9.25000000e-05  1.41189556e+00 
 9.26500000e-05  1.41198297e+00 
 9.28000000e-05  1.41207012e+00 
 9.29500000e-05  1.41215703e+00 
 9.31000000e-05  1.41224369e+00 
 9.32500000e-05  1.41233011e+00 
 9.34000000e-05  1.41241629e+00 
 9.35500000e-05  1.41250223e+00 
 9.37000000e-05  1.41258792e+00 
 9.38500000e-05  1.41267338e+00 
 9.40000000e-05  1.41275861e+00 
 9.41500000e-05  1.41284359e+00 
 9.43000000e-05  1.41292835e+00 
 9.44500000e-05  1.41301286e+00 
 9.46000000e-05  1.41309715e+00 
 9.47500000e-05  1.41318121e+00 
 9.49000000e-05  1.41326504e+00 
 9.50500000e-05  1.41334864e+00 
 9.52000000e-05  1.41343201e+00 
 9.53500000e-05  1.41351516e+00 
 9.55000000e-05  1.41359808e+00 
 9.56500000e-05  1.41368078e+00 
 9.58000000e-05  1.41376325e+00 
 9.59500000e-05  1.41384551e+00 
 9.61000000e-05  1.41392755e+00 
 9.62500000e-05  1.41400936e+00 
 9.64000000e-05  1.41409096e+00 
 9.65500000e-05  1.41417235e+00 
 9.67000000e-05  1.41425351e+00 
 9.68500000e-05  1.41433447e+00 
 9.70000000e-05  1.41441521e+00 
 9.71500000e-05  1.41449574e+00 
 9.73000000e-05  1.41457605e+00 
 9.74500000e-05  1.41465616e+00 
 9.76000000e-05  1.41473606e+00 
 9.77500000e-05  1.41481575e+00 
 9.79000000e-05  1.41489524e+00 
 9.80500000e-05  1.41497452e+00 
 9.82000000e-05  1.41505359e+00 
 9.83500000e-05  1.41513246e+00 
 9.85000000e-05  1.41521113e+00 
 9.86500000e-05  1.41528960e+00 
 9.88000000e-05  1.41536786e+00 
 9.89500000e-05  1.41544593e+00 
 9.91000000e-05  1.41552380e+00 
 9.92500000e-05  1.41560147e+00 
 9.94000000e-05  1.41567894e+00 
 9.95500000e-05  1.41575622e+00 
 9.97000000e-05  1.41583331e+00 
 9.98500000e-05  1.41591020e+00 
 1.00000000e-04  1.41598689e+00 
