 frequency       inoise_spectrum onoise_spectrum
 1.00000000e+00  3.93636794e-05  1.25133252e+01 
 1.05776756e+00  3.82737143e-05  1.21031914e+01 
 1.11887221e+00  3.72139302e-05  1.16999584e+01 
 1.18350673e+00  3.61834913e-05  1.13032510e+01 
 1.25187503e+00  3.51815851e-05  1.09127210e+01 
 1.32419279e+00  3.42074215e-05  1.05280520e+01 
 1.40068818e+00  3.32602324e-05  1.01489641e+01 
 1.48160252e+00  3.23392708e-05  9.77521887e+00 
 1.56719108e+00  3.14438105e-05  9.40662463e+00 
 1.65772389e+00  3.05731454e-05  9.04304130e+00 
 1.75348655e+00  2.97265889e-05  8.68438511e+00 
 1.85478119e+00  2.89034735e-05  8.33063255e+00 
 1.96192737e+00  2.81031501e-05  7.98182334e+00 
 2.07526313e+00  2.73249876e-05  7.63806216e+00 
 2.19514602e+00  2.65683723e-05  7.29951878e+00 
 2.32195425e+00  2.58327077e-05  6.96642629e+00 
 2.45608788e+00  2.51174135e-05  6.63907736e+00 
 2.59797009e+00  2.44219259e-05  6.31781826e+00 
 2.74804848e+00  2.37456963e-05  6.00304084e+00 
 2.90679654e+00  2.30881915e-05  5.69517246e+00 
 3.07471508e+00  2.24488930e-05  5.39466435e+00 
 3.25233387e+00  2.18272967e-05  5.10197867e+00 
 3.44021326e+00  2.12229125e-05  4.81757491e+00 
 3.63894599e+00  2.06352636e-05  4.54189624e+00 
 3.84915902e+00  2.00638869e-05  4.27535633e+00 
 4.07151555e+00  1.95083316e-05  4.01832739e+00 
 4.30671707e+00  1.89681597e-05  3.77112979e+00 
 4.55550561e+00  1.84429453e-05  3.53402380e+00 
 4.81866605e+00  1.79322741e-05  3.30720359e+00 
 5.09702863e+00  1.74357436e-05  3.09079370e+00 
 5.39147154e+00  1.69529620e-05  2.88484787e+00 
 5.70292370e+00  1.64835489e-05  2.68935010e+00 
 6.03236769e+00  1.60271339e-05  2.50421766e+00 
 6.38084285e+00  1.55833572e-05  2.32930568e+00 
 6.74944857e+00  1.51518689e-05  2.16441304e+00 
 7.13934775e+00  1.47323286e-05  2.00928907e+00 
 7.55177045e+00  1.43244056e-05  1.86364075e+00 
 7.98801781e+00  1.39277782e-05  1.72714012e+00 
 8.44946611e+00  1.35421336e-05  1.59943151e+00 
 8.93757115e+00  1.31671678e-05  1.48013854e+00 
 9.45387283e+00  1.28025849e-05  1.36887059e+00 
 1.00000000e+01  1.24480977e-05  1.26522862e+00 
 1.05776756e+01  1.21034264e-05  1.16881045e+00 
 1.11887221e+01  1.17682994e-05  1.07921522e+00 
 1.18350673e+01  1.14424523e-05  9.96047254e-01 
 1.25187503e+01  1.11256282e-05  9.18919213e-01 
 1.32419279e+01  1.08175773e-05  8.47454673e-01 
 1.40068818e+01  1.05180566e-05  7.81290111e-01 
 1.48160252e+01  1.02268301e-05  7.20076412e-01 
 1.56719108e+01  9.94366792e-06  6.63479924e-01 
 1.65772389e+01  9.66834690e-06  6.11183147e-01 
 1.75348655e+01  9.40064990e-06  5.62885099e-01 
 1.85478119e+01  9.14036585e-06  5.18301416e-01 
 1.96192737e+01  8.88728947e-06  4.77164236e-01 
 2.07526313e+01  8.64122122e-06  4.39221912e-01 
 2.19514602e+01  8.40196705e-06  4.04238588e-01 
 2.32195425e+01  8.16933829e-06  3.71993671e-01 
 2.45608788e+01  7.94315151e-06  3.42281225e-01 
 2.59797009e+01  7.72322835e-06  3.14909324e-01 
 2.74804848e+01  7.50939537e-06  2.89699357e-01 
 2.90679654e+01  7.30148398e-06  2.66485329e-01 
 3.07471508e+01  7.09933020e-06  2.45113148e-01 
 3.25233387e+01  6.90277465e-06  2.25439923e-01 
 3.44021326e+01  6.71166231e-06  2.07333275e-01 
 3.63894599e+01  6.52584249e-06  1.90670664e-01 
 3.84915902e+01  6.34516866e-06  1.75338745e-01 
 4.07151555e+01  6.16949834e-06  1.61232748e-01 
 4.30671707e+01  5.99869302e-06  1.48255883e-01 
 4.55550561e+01  5.83261800e-06  1.36318783e-01 
 4.81866605e+01  5.67114231e-06  1.25338976e-01 
 5.09702863e+01  5.51413864e-06  1.15240380e-01 
 5.39147154e+01  5.36148318e-06  1.05952837e-01 
 5.70292370e+01  5.21305554e-06  9.74116757e-02 
 6.03236769e+01  5.06873868e-06  8.95572967e-02 
 6.38084285e+01  4.92841880e-06  8.23347921e-02 
 6.74944857e+01  4.79198526e-06  7.56935874e-02 
 7.13934775e+01  4.65933046e-06  6.95871100e-02 
 7.55177045e+01  4.53034980e-06  6.39724804e-02 
 7.98801781e+01  4.40494157e-06  5.88102262e-02 
 8.44946611e+01  4.28300688e-06  5.40640173e-02 
 8.93757115e+01  4.16444958e-06  4.97004199e-02 
 9.45387283e+01  4.04917618e-06  4.56886697e-02 
 1.00000000e+02  3.93709578e-06  4.20004617e-02 
 1.05776756e+02  3.82811999e-06  3.86097563e-02 
 1.11887221e+02  3.72216289e-06  3.54926000e-02 
 1.18350673e+02  3.61914092e-06  3.26269597e-02 
 1.25187503e+02  3.51897285e-06  2.99925708e-02 
 1.32419279e+02  3.42157968e-06  2.75707960e-02 
 1.40068818e+02  3.32688461e-06  2.53444954e-02 
 1.48160252e+02  3.23481297e-06  2.32979076e-02 
 1.56719108e+02  3.14529217e-06  2.14165388e-02 
 1.65772389e+02  3.05825159e-06  1.96870618e-02 
 1.75348655e+02  2.97362262e-06  1.80972224e-02 
 1.85478119e+02  2.89133852e-06  1.66357534e-02 
 1.96192737e+02  2.81133439e-06  1.52922955e-02 
 2.07526313e+02  2.73354716e-06  1.40573241e-02 
 2.19514602e+02  2.65791547e-06  1.29220826e-02 
 2.32195425e+02  2.58437970e-06  1.18785202e-02 
 2.45608788e+02  2.51288186e-06  1.09192357e-02 
 2.59797009e+02  2.44336556e-06  1.00374248e-02 
 2.74804848e+02  2.37577599e-06  9.22683193e-03 
 2.90679654e+02  2.31005984e-06  8.48170662e-03 
 3.07471508e+02  2.24616531e-06  7.79676225e-03 
 3.25233387e+02  2.18404199e-06  7.16713894e-03 
 3.44021326e+02  2.12364092e-06  6.58836908e-03 
 3.63894599e+02  2.06491445e-06  6.05634570e-03 
 3.84915902e+02  2.00781627e-06  5.56729340e-03 
 4.07151555e+02  1.95230137e-06  5.11774160e-03 
 4.30671707e+02  1.89832596e-06  4.70449994e-03 
 4.55550561e+02  1.84584748e-06  4.32463569e-03 
 4.81866605e+02  1.79482455e-06  3.97545292e-03 
 5.09702863e+02  1.74521693e-06  3.65447343e-03 
 5.39147154e+02  1.69698551e-06  3.35941915e-03 
 5.70292370e+02  1.65009226e-06  3.08819599e-03 
 6.03236769e+02  1.60450018e-06  2.83887901e-03 
 6.38084285e+02  1.56017334e-06  2.60969872e-03 
 6.74944857e+02  1.51707677e-06  2.39902855e-03 
 7.13934775e+02  1.47517649e-06  2.20537333e-03 
 7.55177045e+02  1.43443947e-06  2.02735864e-03 
 7.98801781e+02  1.39483357e-06  1.86372108e-03 
 8.44946611e+02  1.35632756e-06  1.71329931e-03 
 8.93757115e+02  1.31889108e-06  1.57502581e-03 
 9.45387283e+02  1.28249461e-06  1.44791926e-03 
 1.00000000e+03  1.24710945e-06  1.33107763e-03 
 1.05776756e+03  1.21270768e-06  1.22367176e-03 
 1.11887221e+03  1.17926219e-06  1.12493946e-03 
 1.18350673e+03  1.14674660e-06  1.03418011e-03 
 1.25187503e+03  1.11513526e-06  9.50749692e-04 
 1.32419279e+03  1.08440325e-06  8.74056209e-04 
 1.40068818e+03  1.05452633e-06  8.03555485e-04 
 1.48160252e+03  1.02548094e-06  7.38747307e-04 
 1.56719108e+03  9.97244171e-07  6.79171869e-04 
 1.65772389e+03  9.69793760e-07  6.24406506e-04 
 1.75348655e+03  9.43108057e-07  5.74062702e-04 
 1.85478119e+03  9.17166015e-07  5.27783321e-04 
 1.96192737e+03  8.91947176e-07  4.85240080e-04 
 2.07526313e+03  8.67431648e-07  4.46131215e-04 
 2.19514602e+03  8.43600099e-07  4.10179337e-04 
 2.32195425e+03  8.20433730e-07  3.77129467e-04 
 2.45608788e+03  7.97914272e-07  3.46747222e-04 
 2.59797009e+03  7.76023961e-07  3.18817155e-04 
 2.74804848e+03  7.54745531e-07  2.93141219e-04 
 2.90679654e+03  7.34062198e-07  2.69537368e-04 
 3.07471508e+03  7.13957648e-07  2.47838262e-04 
 3.25233387e+03  6.94416020e-07  2.27890076e-04 
 3.44021326e+03  6.75421899e-07  2.09551413e-04 
 3.63894599e+03  6.56960299e-07  1.92692297e-04 
 3.84915902e+03  6.39016656e-07  1.77193250e-04 
 4.07151555e+03  6.21576812e-07  1.62944448e-04 
 4.30671707e+03  6.04627006e-07  1.49844935e-04 
 4.55550561e+03  5.88153862e-07  1.37801911e-04 
 4.81866605e+03  5.72144381e-07  1.26730073e-04 
 5.09702863e+03  5.56585925e-07  1.16551005e-04 
 5.39147154e+03  5.41466216e-07  1.07192629e-04 
 5.70292370e+03  5.26773316e-07  9.85886863e-05 
 6.03236769e+03  5.12495626e-07  9.06782699e-05 
 6.38084285e+03  4.98621871e-07  8.34053932e-05 
 6.74944857e+03  4.85141093e-07  7.67185911e-05 
 7.13934775e+03  4.72042645e-07  7.05705553e-05 
 7.55177045e+03  4.59316178e-07  6.49177983e-05 
 7.98801781e+03  4.46951635e-07  5.97203449e-05 
 8.44946611e+03  4.34939242e-07  5.49414485e-05 
 8.93757115e+03  4.23269502e-07  5.05473299e-05 
 9.45387283e+03  4.11933185e-07  4.65069383e-05 
 1.00000000e+04  4.00921322e-07  4.27917303e-05 
 1.05776756e+04  3.90225199e-07  3.93754674e-05 
 1.11887221e+04  3.79836345e-07  3.62340304e-05 
 1.18350673e+04  3.69746532e-07  3.33452473e-05 
 1.25187503e+04  3.59947762e-07  3.06887369e-05 
 1.32419279e+04  3.50432264e-07  2.82457633e-05 
 1.40068818e+04  3.41192489e-07  2.59991040e-05 
 1.48160252e+04  3.32221098e-07  2.39329265e-05 
 1.56719108e+04  3.23510962e-07  2.20326770e-05 
 1.65772389e+04  3.15055152e-07  2.02849767e-05 
 1.75348655e+04  3.06846937e-07  1.86775267e-05 
 1.85478119e+04  2.98879774e-07  1.71990213e-05 
 1.96192737e+04  2.91147305e-07  1.58390673e-05 
 2.07526313e+04  2.83643353e-07  1.45881105e-05 
 2.19514602e+04  2.76361912e-07  1.34373679e-05 
 2.32195425e+04  2.69297148e-07  1.23787655e-05 
 2.45608788e+04  2.62443388e-07  1.14048810e-05 
 2.59797009e+04  2.55795119e-07  1.05088912e-05 
 2.74804848e+04  2.49346981e-07  9.68452320e-06 
 2.90679654e+04  2.43093766e-07  8.92601076e-06 
 3.07471508e+04  2.37030406e-07  8.22805270e-06 
 3.25233387e+04  2.31151976e-07  7.58577566e-06 
 3.44021326e+04  2.25453685e-07  6.99469946e-06 
 3.63894599e+04  2.19930875e-07  6.45070539e-06 
 3.84915902e+04  2.14579012e-07  5.95000699e-06 
 4.07151555e+04  2.09393685e-07  5.48912326e-06 
 4.30671707e+04  2.04370604e-07  5.06485396e-06 
 4.55550561e+04  1.99505589e-07  4.67425697e-06 
 4.81866605e+04  1.94794574e-07  4.31462745e-06 
 5.09702863e+04  1.90233595e-07  3.98347866e-06 
 5.39147154e+04  1.85818795e-07  3.67852440e-06 
 5.70292370e+04  1.81546412e-07  3.39766278e-06 
 6.03236769e+04  1.77412781e-07  3.13896134e-06 
 6.38084285e+04  1.73414327e-07  2.90064344e-06 
 6.74944857e+04  1.69547563e-07  2.68107560e-06 
 7.13934775e+04  1.65809087e-07  2.47875600e-06 
 7.55177045e+04  1.62195576e-07  2.29230385e-06 
 7.98801781e+04  1.58703787e-07  2.12044961e-06 
 8.44946611e+04  1.55330550e-07  1.96202602e-06 
 8.93757115e+04  1.52072766e-07  1.81595986e-06 
 9.45387283e+04  1.48927407e-07  1.68126435e-06 
 1.00000000e+05  1.45891507e-07  1.55703217e-06 
 1.05776756e+05  1.42962165e-07  1.44242908e-06 
 1.11887221e+05  1.40136540e-07  1.33668800e-06 
 1.18350673e+05  1.37411850e-07  1.23910360e-06 
 1.25187503e+05  1.34785365e-07  1.14902732e-06 
 1.32419279e+05  1.32254412e-07  1.06586281e-06 
 1.40068818e+05  1.29816369e-07  9.89061677e-07 
 1.48160252e+05  1.27468660e-07  9.18119666e-07 
 1.56719108e+05  1.25208761e-07  8.52573071e-07 
 1.65772389e+05  1.23034192e-07  7.91995474e-07 
 1.75348655e+05  1.20942518e-07  7.35994738e-07 
 1.85478119e+05  1.18931348e-07  6.84210240e-07 
 1.96192737e+05  1.16998334e-07  6.36310334e-07 
 2.07526313e+05  1.15141168e-07  5.91990008e-07 
 2.19514602e+05  1.13357585e-07  5.50968737e-07 
 2.32195425e+05  1.11645358e-07  5.12988511e-07 
 2.45608788e+05  1.10002304e-07  4.77812014e-07 
 2.59797009e+05  1.08426276e-07  4.45220952e-07 
 2.74804848e+05  1.06915168e-07  4.15014524e-07 
 2.90679654e+05  1.05466914e-07  3.87008002e-07 
 3.07471508e+05  1.04079488e-07  3.61031436e-07 
 3.25233387e+05  1.02750903e-07  3.36928462e-07 
 3.44021326e+05  1.01479214e-07  3.14555197e-07 
 3.63894599e+05  1.00262516e-07  2.93779238e-07 
 3.84915902e+05  9.90989477e-08  2.74478728e-07 
 4.07151555e+05  9.79866879e-08  2.56541502e-07 
 4.30671707e+05  9.69239601e-08  2.39864308e-07 
 4.55550561e+05  9.59090314e-08  2.24352080e-07 
 4.81866605e+05  9.49402141e-08  2.09917279e-07 
 5.09702863e+05  9.40158667e-08  1.96479279e-07 
 5.39147154e+05  9.31343946e-08  1.83963813e-07 
 5.70292370e+05  9.22942516e-08  1.72302451e-07 
 6.03236769e+05  9.14939409e-08  1.61432134e-07 
 6.38084285e+05  9.07320163e-08  1.51294734e-07 
 6.74944857e+05  9.00070837e-08  1.41836656e-07 
 7.13934775e+05  8.93178024e-08  1.33008473e-07 
 7.55177045e+05  8.86628865e-08  1.24764588e-07 
 7.98801781e+05  8.80411066e-08  1.17062922e-07 
 8.44946611e+05  8.74512915e-08  1.09864634e-07 
 8.93757115e+05  8.68923299e-08  1.03133856e-07 
 9.45387283e+05  8.63631725e-08  9.68374571e-08 
 1.00000000e+06  8.58628340e-08  9.09448207e-08 
 1.05776756e+06  8.53903958e-08  8.54276443e-08 
 1.11887221e+06  8.49450084e-08  8.02597539e-08 
 1.18350673e+06  8.45258944e-08  7.54169339e-08 
 1.25187503e+06  8.41323514e-08  7.08767715e-08 
 1.32419279e+06  8.37637563e-08  6.66185139e-08 
 1.40068818e+06  8.34195687e-08  6.26229370e-08 
 1.48160252e+06  8.30993356e-08  5.88722254e-08 
 1.56719108e+06  8.28026964e-08  5.53498627e-08 
 1.65772389e+06  8.25293886e-08  5.20405303e-08 
 1.75348655e+06  8.22792540e-08  4.89300154e-08 
 1.85478119e+06  8.20522456e-08  4.60051266e-08 
 1.96192737e+06  8.18484355e-08  4.32536166e-08 
 2.07526313e+06  8.16680235e-08  4.06641120e-08 
 2.19514602e+06  8.15113466e-08  3.82260484e-08 
 2.32195425e+06  8.13788899e-08  3.59296119e-08 
 2.45608788e+06  8.12712980e-08  3.37656859e-08 
 2.59797009e+06  8.11893883e-08  3.17258014e-08 
 2.74804848e+06  8.11341645e-08  2.98020937e-08 
 2.90679654e+06  8.11068328e-08  2.79872608e-08 
 3.07471508e+06  8.11088181e-08  2.62745275e-08 
 3.25233387e+06  8.11417820e-08  2.46576110e-08 
 3.44021326e+06  8.12076425e-08  2.31306906e-08 
 3.63894599e+06  8.13085943e-08  2.16883792e-08 
 3.84915902e+06  8.14471308e-08  2.03256969e-08 
 4.07151555e+06  8.16260659e-08  1.90380469e-08 
 4.30671707e+06  8.18485581e-08  1.78211915e-08 
 4.55550561e+06  8.21181331e-08  1.66712303e-08 
 4.81866605e+06  8.24387070e-08  1.55845780e-08 
 5.09702863e+06  8.28146086e-08  1.45579425e-08 
 5.39147154e+06  8.32505993e-08  1.35883029e-08 
 5.70292370e+06  8.37518903e-08  1.26728870e-08 
 6.03236769e+06  8.43241564e-08  1.18091479e-08 
 6.38084285e+06  8.49735434e-08  1.09947406e-08 
 6.74944857e+06  8.57066697e-08  1.02274970e-08 
 7.13934775e+06  8.65306185e-08  9.50540163e-09 
 7.55177045e+06  8.74529207e-08  8.82656682e-09 
 7.98801781e+06  8.84815256e-08  8.18920857e-09 
 8.44946611e+06  8.96247595e-08  7.59162372e-09 
 8.93757115e+06  9.08912695e-08  7.03216890e-09 
 9.45387283e+06  9.22899539e-08  6.50924197e-09 
 1.00000000e+07  9.38298778e-08  6.02126655e-09 
 1.05776756e+07  9.55201759e-08  5.56667997e-09 
 1.11887221e+07  9.73699438e-08  5.14392495e-09 
 1.18350673e+07  9.93881193e-08  4.75144502e-09 
 1.25187503e+07  1.01583358e-07  4.38768342e-09 
 1.32419279e+07  1.03963905e-07  4.05108518e-09 
 1.40068818e+07  1.06537467e-07  3.74010170e-09 
 1.48160252e+07  1.09311080e-07  3.45319734e-09 
 1.56719108e+07  1.12290990e-07  3.18885722e-09 
 1.65772389e+07  1.15482530e-07  2.94559551e-09 
 1.75348655e+07  1.18889995e-07  2.72196384e-09 
 1.85478119e+07  1.22516525e-07  2.51655913e-09 
 1.96192737e+07  1.26363979e-07  2.32803051e-09 
 2.07526313e+07  1.30432803e-07  2.15508526e-09 
 2.19514602e+07  1.34721893e-07  1.99649344e-09 
 2.32195425e+07  1.39228441e-07  1.85109133e-09 
 2.45608788e+07  1.43947786e-07  1.71778360e-09 
 2.59797009e+07  1.48873254e-07  1.59554447e-09 
 2.74804848e+07  1.53996005e-07  1.48341775e-09 
 2.90679654e+07  1.59304900e-07  1.38051611e-09 
 3.07471508e+07  1.64786394e-07  1.28601954e-09 
 3.25233387e+07  1.70424482e-07  1.19917329e-09 
 3.44021326e+07  1.76200692e-07  1.11928519e-09 
 3.63894599e+07  1.82094164e-07  1.04572264e-09 
 3.84915902e+07  1.88081807e-07  9.77909390e-10 
 4.07151555e+07  1.94138548e-07  9.15321962e-10 
 4.30671707e+07  2.00237672e-07  8.57486082e-10 
 4.55550561e+07  2.06351254e-07  8.03973009e-10 
 4.81866605e+07  2.12450655e-07  7.54395902e-10 
 5.09702863e+07  2.18507090e-07  7.08406249e-10 
 5.39147154e+07  2.24492217e-07  6.65690428e-10 
 5.70292370e+07  2.30378736e-07  6.25966419e-10 
 6.03236769e+07  2.36140974e-07  5.88980708e-10 
 6.38084285e+07  2.41755412e-07  5.54505391e-10 
 6.74944857e+07  2.47201144e-07  5.22335506e-10 
 7.13934775e+07  2.52460240e-07  4.92286576e-10 
 7.55177045e+07  2.57518011e-07  4.64192387e-10 
 7.98801781e+07  2.62363152e-07  4.37902975e-10 
 8.44946611e+07  2.66987785e-07  4.13282822e-10 
 8.93757115e+07  2.71387388e-07  3.90209246e-10 
 9.45387283e+07  2.75560646e-07  3.68570973e-10 
 1.00000000e+08  2.79509221e-07  3.48266869e-10 
