 v-sweep         Vout           
 2.30000000e-05  4.55609083e-01 
 2.30030000e-05  4.55741905e-01 
 2.30060000e-05  4.55865401e-01 
 2.30090000e-05  4.55989328e-01 
 2.30120000e-05  4.56113726e-01 
 2.30150000e-05  4.56238600e-01 
 2.30180000e-05  4.56363952e-01 
 2.30210000e-05  4.56489787e-01 
 2.30240000e-05  4.56616106e-01 
 2.30270000e-05  4.56742915e-01 
 2.30300000e-05  4.56870216e-01 
 2.30330000e-05  4.56998013e-01 
 2.30360000e-05  4.57126308e-01 
 2.30390000e-05  4.57255107e-01 
 2.30420000e-05  4.57384412e-01 
 2.30450000e-05  4.57514227e-01 
 2.30480000e-05  4.57644555e-01 
 2.30510000e-05  4.57775401e-01 
 2.30540000e-05  4.57906768e-01 
 2.30570000e-05  4.58038659e-01 
 2.30600000e-05  4.58171079e-01 
 2.30630000e-05  4.58304032e-01 
 2.30660000e-05  4.58437521e-01 
 2.30690000e-05  4.58571549e-01 
 2.30720000e-05  4.58706122e-01 
 2.30750000e-05  4.58841243e-01 
 2.30780000e-05  4.58976917e-01 
 2.30810000e-05  4.59113146e-01 
 2.30840000e-05  4.59249936e-01 
 2.30870000e-05  4.59387290e-01 
 2.30900000e-05  4.59525212e-01 
 2.30930000e-05  4.59663708e-01 
 2.30960000e-05  4.59802780e-01 
 2.30990000e-05  4.59942434e-01 
 2.31020000e-05  4.60082674e-01 
 2.31050000e-05  4.60223504e-01 
 2.31080000e-05  4.60364929e-01 
 2.31110000e-05  4.60506952e-01 
 2.31140000e-05  4.60649580e-01 
 2.31170000e-05  4.60792815e-01 
 2.31200000e-05  4.60936664e-01 
 2.31230000e-05  4.61081130e-01 
 2.31260000e-05  4.61226218e-01 
 2.31290000e-05  4.61371933e-01 
 2.31320000e-05  4.61518280e-01 
 2.31350000e-05  4.61665264e-01 
 2.31380000e-05  4.61812890e-01 
 2.31410000e-05  4.61961162e-01 
 2.31440000e-05  4.62110085e-01 
 2.31470000e-05  4.62259666e-01 
 2.31500000e-05  4.62409908e-01 
 2.31530000e-05  4.62560817e-01 
 2.31560000e-05  4.62712399e-01 
 2.31590000e-05  4.62864658e-01 
 2.31620000e-05  4.63017600e-01 
 2.31650000e-05  4.63171230e-01 
 2.31680000e-05  4.63325554e-01 
 2.31710000e-05  4.63480577e-01 
 2.31740000e-05  4.63636305e-01 
 2.31770000e-05  4.63792743e-01 
 2.31800000e-05  4.63949898e-01 
 2.31830000e-05  4.64107774e-01 
 2.31860000e-05  4.64266379e-01 
 2.31890000e-05  4.64425716e-01 
 2.31920000e-05  4.64585794e-01 
 2.31950000e-05  4.64746616e-01 
 2.31980000e-05  4.64908191e-01 
 2.32010000e-05  4.65070522e-01 
 2.32040000e-05  4.65233618e-01 
 2.32070000e-05  4.65397484e-01 
 2.32100000e-05  4.65562126e-01 
 2.32130000e-05  4.65727552e-01 
 2.32160000e-05  4.65893766e-01 
 2.32190000e-05  4.66060776e-01 
 2.32220000e-05  4.66228589e-01 
 2.32250000e-05  4.66397211e-01 
 2.32280000e-05  4.66566648e-01 
 2.32310000e-05  4.66736908e-01 
 2.32340000e-05  4.66907998e-01 
 2.32370000e-05  4.67079924e-01 
 2.32400000e-05  4.67252693e-01 
 2.32430000e-05  4.67426313e-01 
 2.32460000e-05  4.67600791e-01 
 2.32490000e-05  4.67776134e-01 
 2.32520000e-05  4.67952349e-01 
 2.32550000e-05  4.68129444e-01 
 2.32580000e-05  4.68307427e-01 
 2.32610000e-05  4.68486304e-01 
 2.32640000e-05  4.68666084e-01 
 2.32670000e-05  4.68846773e-01 
 2.32700000e-05  4.69028382e-01 
 2.32730000e-05  4.69210916e-01 
 2.32760000e-05  4.69394384e-01 
 2.32790000e-05  4.69578794e-01 
 2.32820000e-05  4.69764154e-01 
 2.32850000e-05  4.69950473e-01 
 2.32880000e-05  4.70137759e-01 
 2.32910000e-05  4.70326020e-01 
 2.32940000e-05  4.70515265e-01 
 2.32970000e-05  4.70705503e-01 
 2.33000000e-05  4.70896741e-01 
 2.33030000e-05  4.71088990e-01 
 2.33060000e-05  4.71282258e-01 
 2.33090000e-05  4.71476553e-01 
 2.33120000e-05  4.71671886e-01 
 2.33150000e-05  4.71868264e-01 
 2.33180000e-05  4.72065699e-01 
 2.33210000e-05  4.72264198e-01 
 2.33240000e-05  4.72463772e-01 
 2.33270000e-05  4.72664430e-01 
 2.33300000e-05  4.72866181e-01 
 2.33330000e-05  4.73069036e-01 
 2.33360000e-05  4.73273005e-01 
 2.33390000e-05  4.73478097e-01 
 2.33420000e-05  4.73684323e-01 
 2.33450000e-05  4.73891693e-01 
 2.33480000e-05  4.74100217e-01 
 2.33510000e-05  4.74309906e-01 
 2.33540000e-05  4.74520770e-01 
 2.33570000e-05  4.74732820e-01 
 2.33600000e-05  4.74946068e-01 
 2.33630000e-05  4.75160522e-01 
 2.33660000e-05  4.75376196e-01 
 2.33690000e-05  4.75593099e-01 
 2.33720000e-05  4.75811244e-01 
 2.33750000e-05  4.76030641e-01 
 2.33780000e-05  4.76251303e-01 
 2.33810000e-05  4.76473240e-01 
 2.33840000e-05  4.76696464e-01 
 2.33870000e-05  4.76920988e-01 
 2.33900000e-05  4.77146824e-01 
 2.33930000e-05  4.77373983e-01 
 2.33960000e-05  4.77602477e-01 
 2.33990000e-05  4.77832320e-01 
 2.34020000e-05  4.78063523e-01 
 2.34050000e-05  4.78296100e-01 
 2.34080000e-05  4.78530062e-01 
 2.34110000e-05  4.78765424e-01 
 2.34140000e-05  4.79002197e-01 
 2.34170000e-05  4.79240396e-01 
 2.34200000e-05  4.79480033e-01 
 2.34230000e-05  4.79721122e-01 
 2.34260000e-05  4.79963676e-01 
 2.34290000e-05  4.80207709e-01 
 2.34320000e-05  4.80453234e-01 
 2.34350000e-05  4.80700267e-01 
 2.34380000e-05  4.80948820e-01 
 2.34410000e-05  4.81198909e-01 
 2.34440000e-05  4.81450547e-01 
 2.34470000e-05  4.81703749e-01 
 2.34500000e-05  4.81958529e-01 
 2.34530000e-05  4.82214903e-01 
 2.34560000e-05  4.82472885e-01 
 2.34590000e-05  4.82732490e-01 
 2.34620000e-05  4.82993733e-01 
 2.34650000e-05  4.83256631e-01 
 2.34680000e-05  4.83521197e-01 
 2.34710000e-05  4.83787448e-01 
 2.34740000e-05  4.84055400e-01 
 2.34770000e-05  4.84325068e-01 
 2.34800000e-05  4.84596468e-01 
 2.34830000e-05  4.84869617e-01 
 2.34860000e-05  4.85144530e-01 
 2.34890000e-05  4.85421224e-01 
 2.34920000e-05  4.85699716e-01 
 2.34950000e-05  4.85980023e-01 
 2.34980000e-05  4.86262160e-01 
 2.35010000e-05  4.86546145e-01 
 2.35040000e-05  4.86831995e-01 
 2.35070000e-05  4.87119728e-01 
 2.35100000e-05  4.87409360e-01 
 2.35130000e-05  4.87700908e-01 
 2.35160000e-05  4.87994391e-01 
 2.35190000e-05  4.88289827e-01 
 2.35220000e-05  4.88587232e-01 
 2.35250000e-05  4.88886624e-01 
 2.35280000e-05  4.89188023e-01 
 2.35310000e-05  4.89491445e-01 
 2.35340000e-05  4.89796910e-01 
 2.35370000e-05  4.90104435e-01 
 2.35400000e-05  4.90414038e-01 
 2.35430000e-05  4.90725739e-01 
 2.35460000e-05  4.91039556e-01 
 2.35490000e-05  4.91355508e-01 
 2.35520000e-05  4.91673614e-01 
 2.35550000e-05  4.91993892e-01 
 2.35580000e-05  4.92316361e-01 
 2.35610000e-05  4.92641040e-01 
 2.35640000e-05  4.92967950e-01 
 2.35670000e-05  4.93297108e-01 
 2.35700000e-05  4.93628534e-01 
 2.35730000e-05  4.93962248e-01 
 2.35760000e-05  4.94298268e-01 
 2.35790000e-05  4.94636614e-01 
 2.35820000e-05  4.94977307e-01 
 2.35850000e-05  4.95320364e-01 
 2.35880000e-05  4.95665805e-01 
 2.35910000e-05  4.96013651e-01 
 2.35940000e-05  4.96363921e-01 
 2.35970000e-05  4.96716634e-01 
 2.36000000e-05  4.97071809e-01 
 2.36030000e-05  4.97429468e-01 
 2.36060000e-05  4.97789628e-01 
 2.36090000e-05  4.98152309e-01 
 2.36120000e-05  4.98517532e-01 
 2.36150000e-05  4.98885314e-01 
 2.36180000e-05  4.99255677e-01 
 2.36210000e-05  4.99628639e-01 
 2.36240000e-05  5.00004219e-01 
 2.36270000e-05  5.00382436e-01 
 2.36300000e-05  5.00763311e-01 
 2.36330000e-05  5.01146861e-01 
 2.36360000e-05  5.01533106e-01 
 2.36390000e-05  5.01922064e-01 
 2.36420000e-05  5.02313754e-01 
 2.36450000e-05  5.02708195e-01 
 2.36480000e-05  5.03105405e-01 
 2.36510000e-05  5.03505402e-01 
 2.36540000e-05  5.03908205e-01 
 2.36570000e-05  5.04313830e-01 
 2.36600000e-05  5.04722297e-01 
 2.36630000e-05  5.05133621e-01 
 2.36660000e-05  5.05547821e-01 
 2.36690000e-05  5.05964913e-01 
 2.36720000e-05  5.06384914e-01 
 2.36750000e-05  5.06807841e-01 
 2.36780000e-05  5.07233709e-01 
 2.36810000e-05  5.07662535e-01 
 2.36840000e-05  5.08094335e-01 
 2.36870000e-05  5.08529123e-01 
 2.36900000e-05  5.08966914e-01 
 2.36930000e-05  5.09407724e-01 
 2.36960000e-05  5.09851566e-01 
 2.36990000e-05  5.10298454e-01 
 2.37020000e-05  5.10748402e-01 
 2.37050000e-05  5.11201423e-01 
 2.37080000e-05  5.11657529e-01 
 2.37110000e-05  5.12116733e-01 
 2.37140000e-05  5.12579047e-01 
 2.37170000e-05  5.13044481e-01 
 2.37200000e-05  5.13513047e-01 
 2.37230000e-05  5.13984756e-01 
 2.37260000e-05  5.14459617e-01 
 2.37290000e-05  5.14937640e-01 
 2.37320000e-05  5.15418833e-01 
 2.37350000e-05  5.15903205e-01 
 2.37380000e-05  5.16390764e-01 
 2.37410000e-05  5.16881517e-01 
 2.37440000e-05  5.17375471e-01 
 2.37470000e-05  5.17872632e-01 
 2.37500000e-05  5.18373005e-01 
 2.37530000e-05  5.18876596e-01 
 2.37560000e-05  5.19383409e-01 
 2.37590000e-05  5.19893448e-01 
 2.37620000e-05  5.20406715e-01 
 2.37650000e-05  5.20923214e-01 
 2.37680000e-05  5.21442946e-01 
 2.37710000e-05  5.21965912e-01 
 2.37740000e-05  5.22492113e-01 
 2.37770000e-05  5.23021550e-01 
 2.37800000e-05  5.23554221e-01 
 2.37830000e-05  5.24090124e-01 
 2.37860000e-05  5.24629259e-01 
 2.37890000e-05  5.25171622e-01 
 2.37920000e-05  5.25717209e-01 
 2.37950000e-05  5.26266018e-01 
 2.37980000e-05  5.26818042e-01 
 2.38010000e-05  5.27373277e-01 
 2.38040000e-05  5.27931717e-01 
 2.38070000e-05  5.28493355e-01 
 2.38100000e-05  5.29058183e-01 
 2.38130000e-05  5.29626194e-01 
 2.38160000e-05  5.30197379e-01 
 2.38190000e-05  5.30771728e-01 
 2.38220000e-05  5.31349231e-01 
 2.38250000e-05  5.31929879e-01 
 2.38280000e-05  5.32513659e-01 
 2.38310000e-05  5.33100560e-01 
 2.38340000e-05  5.33690569e-01 
 2.38370000e-05  5.34283673e-01 
 2.38400000e-05  5.34879859e-01 
 2.38430000e-05  5.35479112e-01 
 2.38460000e-05  5.36081418e-01 
 2.38490000e-05  5.36686761e-01 
 2.38520000e-05  5.37295125e-01 
 2.38550000e-05  5.37906494e-01 
 2.38580000e-05  5.38520850e-01 
 2.38610000e-05  5.39138177e-01 
 2.38640000e-05  5.39758456e-01 
 2.38670000e-05  5.40381670e-01 
 2.38700000e-05  5.41007798e-01 
 2.38730000e-05  5.41636822e-01 
 2.38760000e-05  5.42268723e-01 
 2.38790000e-05  5.42903479e-01 
 2.38820000e-05  5.43541071e-01 
 2.38850000e-05  5.44181478e-01 
 2.38880000e-05  5.44824678e-01 
 2.38910000e-05  5.45470651e-01 
 2.38940000e-05  5.46119373e-01 
 2.38970000e-05  5.46770823e-01 
 2.39000000e-05  5.47424980e-01 
 2.39030000e-05  5.48081819e-01 
 2.39060000e-05  5.48741318e-01 
 2.39090000e-05  5.49403455e-01 
 2.39120000e-05  5.50068206e-01 
 2.39150000e-05  5.50735547e-01 
 2.39180000e-05  5.51405455e-01 
 2.39210000e-05  5.52077906e-01 
 2.39240000e-05  5.52752877e-01 
 2.39270000e-05  5.53430344e-01 
 2.39300000e-05  5.54110281e-01 
 2.39330000e-05  5.54792667e-01 
 2.39360000e-05  5.55477476e-01 
 2.39390000e-05  5.56164684e-01 
 2.39420000e-05  5.56854268e-01 
 2.39450000e-05  5.57546202e-01 
 2.39480000e-05  5.58240465e-01 
 2.39510000e-05  5.58937030e-01 
 2.39540000e-05  5.59635875e-01 
 2.39570000e-05  5.60336975e-01 
 2.39600000e-05  5.61040307e-01 
 2.39630000e-05  5.61745847e-01 
 2.39660000e-05  5.62453572e-01 
 2.39690000e-05  5.63163459e-01 
 2.39720000e-05  5.63875484e-01 
 2.39750000e-05  5.64589624e-01 
 2.39780000e-05  5.65305857e-01 
 2.39810000e-05  5.66024159e-01 
 2.39840000e-05  5.66744510e-01 
 2.39870000e-05  5.67466885e-01 
 2.39900000e-05  5.68191265e-01 
 2.39930000e-05  5.68917626e-01 
 2.39960000e-05  5.69645948e-01 
 2.39990000e-05  5.70376209e-01 
 2.40020000e-05  5.71108388e-01 
 2.40050000e-05  5.71842466e-01 
 2.40080000e-05  5.72578422e-01 
 2.40110000e-05  5.73316235e-01 
 2.40140000e-05  5.74055886e-01 
 2.40170000e-05  5.74797357e-01 
 2.40200000e-05  5.75540627e-01 
 2.40230000e-05  5.76285678e-01 
 2.40260000e-05  5.77032492e-01 
 2.40290000e-05  5.77781051e-01 
 2.40320000e-05  5.78531336e-01 
 2.40350000e-05  5.79283331e-01 
 2.40380000e-05  5.80037018e-01 
 2.40410000e-05  5.80792381e-01 
 2.40440000e-05  5.81549402e-01 
 2.40470000e-05  5.82308066e-01 
 2.40500000e-05  5.83068357e-01 
 2.40530000e-05  5.83830258e-01 
 2.40560000e-05  5.84593755e-01 
 2.40590000e-05  5.85358831e-01 
 2.40620000e-05  5.86125472e-01 
 2.40650000e-05  5.86893663e-01 
 2.40680000e-05  5.87663389e-01 
 2.40710000e-05  5.88434634e-01 
 2.40740000e-05  5.89207385e-01 
 2.40770000e-05  5.89981626e-01 
 2.40800000e-05  5.90757343e-01 
 2.40830000e-05  5.91534521e-01 
 2.40860000e-05  5.92313144e-01 
 2.40890000e-05  5.93093198e-01 
 2.40920000e-05  5.93874668e-01 
 2.40950000e-05  5.94657539e-01 
 2.40980000e-05  5.95441794e-01 
 2.41010000e-05  5.96227418e-01 
 2.41040000e-05  5.97014395e-01 
 2.41070000e-05  5.97802709e-01 
 2.41100000e-05  5.98592342e-01 
 2.41130000e-05  5.99383278e-01 
 2.41160000e-05  6.00175500e-01 
 2.41190000e-05  6.00968991e-01 
 2.41220000e-05  6.01763733e-01 
 2.41250000e-05  6.02559708e-01 
 2.41280000e-05  6.03356898e-01 
 2.41310000e-05  6.04155286e-01 
 2.41340000e-05  6.04954854e-01 
 2.41370000e-05  6.05755583e-01 
 2.41400000e-05  6.06557456e-01 
 2.41430000e-05  6.07360455e-01 
 2.41460000e-05  6.08164563e-01 
 2.41490000e-05  6.08969762e-01 
 2.41520000e-05  6.09776034e-01 
 2.41550000e-05  6.10583365e-01 
 2.41580000e-05  6.11391737e-01 
 2.41610000e-05  6.12201134e-01 
 2.41640000e-05  6.13011541e-01 
 2.41670000e-05  6.13822943e-01 
 2.41700000e-05  6.14635325e-01 
 2.41730000e-05  6.15448673e-01 
 2.41760000e-05  6.16262974e-01 
 2.41790000e-05  6.17078215e-01 
 2.41820000e-05  6.17894384e-01 
 2.41850000e-05  6.18711468e-01 
 2.41880000e-05  6.19529456e-01 
 2.41910000e-05  6.20348337e-01 
 2.41940000e-05  6.21168100e-01 
 2.41970000e-05  6.21988736e-01 
 2.42000000e-05  6.22810235e-01 
 2.42030000e-05  6.23632589e-01 
 2.42060000e-05  6.24455787e-01 
 2.42090000e-05  6.25279824e-01 
 2.42120000e-05  6.26104689e-01 
 2.42150000e-05  6.26930377e-01 
 2.42180000e-05  6.27756880e-01 
 2.42210000e-05  6.28584191e-01 
 2.42240000e-05  6.29412304e-01 
 2.42270000e-05  6.30241213e-01 
 2.42300000e-05  6.31070912e-01 
 2.42330000e-05  6.31901395e-01 
 2.42360000e-05  6.32732658e-01 
 2.42390000e-05  6.33564695e-01 
 2.42420000e-05  6.34397502e-01 
 2.42450000e-05  6.35231074e-01 
 2.42480000e-05  6.36065407e-01 
 2.42510000e-05  6.36900496e-01 
 2.42540000e-05  6.37736339e-01 
 2.42570000e-05  6.38572930e-01 
 2.42600000e-05  6.39410266e-01 
 2.42630000e-05  6.40248345e-01 
 2.42660000e-05  6.41087162e-01 
 2.42690000e-05  6.41926714e-01 
 2.42720000e-05  6.42766999e-01 
 2.42750000e-05  6.43608014e-01 
 2.42780000e-05  6.44449755e-01 
 2.42810000e-05  6.45292220e-01 
 2.42840000e-05  6.46135407e-01 
 2.42870000e-05  6.46979312e-01 
 2.42900000e-05  6.47823934e-01 
 2.42930000e-05  6.48669270e-01 
 2.42960000e-05  6.49515318e-01 
 2.42990000e-05  6.50362075e-01 
 2.43020000e-05  6.51209541e-01 
 2.43050000e-05  6.52057712e-01 
 2.43080000e-05  6.52906586e-01 
 2.43110000e-05  6.53756162e-01 
 2.43140000e-05  6.54606438e-01 
 2.43170000e-05  6.55457412e-01 
 2.43200000e-05  6.56309082e-01 
 2.43230000e-05  6.57161446e-01 
 2.43260000e-05  6.58014503e-01 
 2.43290000e-05  6.58868252e-01 
 2.43320000e-05  6.59722689e-01 
 2.43350000e-05  6.60577815e-01 
 2.43380000e-05  6.61433627e-01 
 2.43410000e-05  6.62290124e-01 
 2.43440000e-05  6.63147304e-01 
 2.43470000e-05  6.64005167e-01 
 2.43500000e-05  6.64863709e-01 
 2.43530000e-05  6.65722932e-01 
 2.43560000e-05  6.66582831e-01 
 2.43590000e-05  6.67443408e-01 
 2.43620000e-05  6.68304659e-01 
 2.43650000e-05  6.69166585e-01 
 2.43680000e-05  6.70029183e-01 
 2.43710000e-05  6.70892452e-01 
 2.43740000e-05  6.71756391e-01 
 2.43770000e-05  6.72621000e-01 
 2.43800000e-05  6.73486275e-01 
 2.43830000e-05  6.74352217e-01 
 2.43860000e-05  6.75218825e-01 
 2.43890000e-05  6.76086096e-01 
 2.43920000e-05  6.76954031e-01 
 2.43950000e-05  6.77822627e-01 
 2.43980000e-05  6.78691883e-01 
 2.44010000e-05  6.79561800e-01 
 2.44040000e-05  6.80432374e-01 
 2.44070000e-05  6.81303606e-01 
 2.44100000e-05  6.82175494e-01 
 2.44130000e-05  6.83048037e-01 
 2.44160000e-05  6.83921234e-01 
 2.44190000e-05  6.84795084e-01 
 2.44220000e-05  6.85669587e-01 
 2.44250000e-05  6.86544739e-01 
 2.44280000e-05  6.87420542e-01 
 2.44310000e-05  6.88296994e-01 
 2.44340000e-05  6.89174093e-01 
 2.44370000e-05  6.90051839e-01 
 2.44400000e-05  6.90930230e-01 
 2.44430000e-05  6.91809266e-01 
 2.44460000e-05  6.92688946e-01 
 2.44490000e-05  6.93569269e-01 
 2.44520000e-05  6.94450233e-01 
 2.44550000e-05  6.95331838e-01 
 2.44580000e-05  6.96214082e-01 
 2.44610000e-05  6.97096965e-01 
 2.44640000e-05  6.97980486e-01 
 2.44670000e-05  6.98864644e-01 
 2.44700000e-05  6.99749437e-01 
 2.44730000e-05  7.00634865e-01 
 2.44760000e-05  7.01520927e-01 
 2.44790000e-05  7.02407621e-01 
 2.44820000e-05  7.03294948e-01 
 2.44850000e-05  7.04182905e-01 
 2.44880000e-05  7.05071492e-01 
 2.44910000e-05  7.05960708e-01 
 2.44940000e-05  7.06850553e-01 
 2.44970000e-05  7.07741024e-01 
 2.45000000e-05  7.08632121e-01 
 2.45030000e-05  7.09523844e-01 
 2.45060000e-05  7.10416191e-01 
 2.45090000e-05  7.11309161e-01 
 2.45120000e-05  7.12202753e-01 
 2.45150000e-05  7.13096967e-01 
 2.45180000e-05  7.13991801e-01 
 2.45210000e-05  7.14887255e-01 
 2.45240000e-05  7.15783327e-01 
 2.45270000e-05  7.16680017e-01 
 2.45300000e-05  7.17577324e-01 
 2.45330000e-05  7.18475246e-01 
 2.45360000e-05  7.19373784e-01 
 2.45390000e-05  7.20272935e-01 
 2.45420000e-05  7.21172699e-01 
 2.45450000e-05  7.22073075e-01 
 2.45480000e-05  7.22974063e-01 
 2.45510000e-05  7.23875660e-01 
 2.45540000e-05  7.24777867e-01 
 2.45570000e-05  7.25680683e-01 
 2.45600000e-05  7.26584106e-01 
 2.45630000e-05  7.27488135e-01 
 2.45660000e-05  7.28392770e-01 
 2.45690000e-05  7.29298010e-01 
 2.45720000e-05  7.30203853e-01 
 2.45750000e-05  7.31110299e-01 
 2.45780000e-05  7.32017348e-01 
 2.45810000e-05  7.32924997e-01 
 2.45840000e-05  7.33833246e-01 
 2.45870000e-05  7.34742095e-01 
 2.45900000e-05  7.35651541e-01 
 2.45930000e-05  7.36561586e-01 
 2.45960000e-05  7.37472226e-01 
 2.45990000e-05  7.38383462e-01 
 2.46020000e-05  7.39295293e-01 
 2.46050000e-05  7.40207718e-01 
 2.46080000e-05  7.41120735e-01 
 2.46110000e-05  7.42034344e-01 
 2.46140000e-05  7.42948544e-01 
 2.46170000e-05  7.43863335e-01 
 2.46200000e-05  7.44778714e-01 
 2.46230000e-05  7.45694682e-01 
 2.46260000e-05  7.46611237e-01 
 2.46290000e-05  7.47528378e-01 
 2.46320000e-05  7.48446105e-01 
 2.46350000e-05  7.49364417e-01 
 2.46380000e-05  7.50283312e-01 
 2.46410000e-05  7.51202790e-01 
 2.46440000e-05  7.52122850e-01 
 2.46470000e-05  7.53043491e-01 
 2.46500000e-05  7.53964712e-01 
 2.46530000e-05  7.54886512e-01 
 2.46560000e-05  7.55808890e-01 
 2.46590000e-05  7.56731846e-01 
 2.46620000e-05  7.57655378e-01 
 2.46650000e-05  7.58579486e-01 
 2.46680000e-05  7.59504169e-01 
 2.46710000e-05  7.60429425e-01 
 2.46740000e-05  7.61355254e-01 
 2.46770000e-05  7.62281655e-01 
 2.46800000e-05  7.63208626e-01 
 2.46830000e-05  7.64136169e-01 
 2.46860000e-05  7.65064280e-01 
 2.46890000e-05  7.65992959e-01 
 2.46920000e-05  7.66922206e-01 
 2.46950000e-05  7.67852020e-01 
 2.46980000e-05  7.68782399e-01 
 2.47010000e-05  7.69713342e-01 
 2.47040000e-05  7.70644850e-01 
 2.47070000e-05  7.71576920e-01 
 2.47100000e-05  7.72509553e-01 
 2.47130000e-05  7.73442746e-01 
 2.47160000e-05  7.74376500e-01 
 2.47190000e-05  7.75310813e-01 
 2.47220000e-05  7.76245684e-01 
 2.47250000e-05  7.77181112e-01 
 2.47280000e-05  7.78117098e-01 
 2.47310000e-05  7.79053638e-01 
 2.47340000e-05  7.79990734e-01 
 2.47370000e-05  7.80928384e-01 
 2.47400000e-05  7.81866586e-01 
 2.47430000e-05  7.82805341e-01 
 2.47460000e-05  7.83744646e-01 
 2.47490000e-05  7.84684502e-01 
 2.47520000e-05  7.85624908e-01 
 2.47550000e-05  7.86565861e-01 
 2.47580000e-05  7.87507362e-01 
 2.47610000e-05  7.88449410e-01 
 2.47640000e-05  7.89392004e-01 
 2.47670000e-05  7.90335142e-01 
 2.47700000e-05  7.91278825e-01 
 2.47730000e-05  7.92223050e-01 
 2.47760000e-05  7.93167818e-01 
 2.47790000e-05  7.94113126e-01 
 2.47820000e-05  7.95058975e-01 
 2.47850000e-05  7.96005364e-01 
 2.47880000e-05  7.96952291e-01 
 2.47910000e-05  7.97899755e-01 
 2.47940000e-05  7.98847757e-01 
 2.47970000e-05  7.99796294e-01 
 2.48000000e-05  8.00745366e-01 
 2.48030000e-05  8.01694973e-01 
 2.48060000e-05  8.02645112e-01 
 2.48090000e-05  8.03595784e-01 
 2.48120000e-05  8.04546987e-01 
 2.48150000e-05  8.05498720e-01 
 2.48180000e-05  8.06450983e-01 
 2.48210000e-05  8.07403774e-01 
 2.48240000e-05  8.08357094e-01 
 2.48270000e-05  8.09310939e-01 
 2.48300000e-05  8.10265312e-01 
 2.48330000e-05  8.11220209e-01 
 2.48360000e-05  8.12175630e-01 
 2.48390000e-05  8.13131574e-01 
 2.48420000e-05  8.14088041e-01 
 2.48450000e-05  8.15045030e-01 
 2.48480000e-05  8.16002538e-01 
 2.48510000e-05  8.16960567e-01 
 2.48540000e-05  8.17919114e-01 
 2.48570000e-05  8.18878179e-01 
 2.48600000e-05  8.19837761e-01 
 2.48630000e-05  8.20797859e-01 
 2.48660000e-05  8.21758473e-01 
 2.48690000e-05  8.22719600e-01 
 2.48720000e-05  8.23681241e-01 
 2.48750000e-05  8.24643395e-01 
 2.48780000e-05  8.25606060e-01 
 2.48810000e-05  8.26569235e-01 
 2.48840000e-05  8.27532921e-01 
 2.48870000e-05  8.28497115e-01 
 2.48900000e-05  8.29461818e-01 
 2.48930000e-05  8.30427027e-01 
 2.48960000e-05  8.31392743e-01 
 2.48990000e-05  8.32358964e-01 
 2.49020000e-05  8.33325690e-01 
 2.49050000e-05  8.34292919e-01 
 2.49080000e-05  8.35260650e-01 
 2.49110000e-05  8.36228883e-01 
 2.49140000e-05  8.37197618e-01 
 2.49170000e-05  8.38166852e-01 
 2.49200000e-05  8.39136585e-01 
 2.49230000e-05  8.40106816e-01 
 2.49260000e-05  8.41077545e-01 
 2.49290000e-05  8.42048770e-01 
 2.49320000e-05  8.43020491e-01 
 2.49350000e-05  8.43992706e-01 
 2.49380000e-05  8.44965414e-01 
 2.49410000e-05  8.45938616e-01 
 2.49440000e-05  8.46912310e-01 
 2.49470000e-05  8.47886494e-01 
 2.49500000e-05  8.48861169e-01 
 2.49530000e-05  8.49836333e-01 
 2.49560000e-05  8.50811985e-01 
 2.49590000e-05  8.51788125e-01 
 2.49620000e-05  8.52764751e-01 
 2.49650000e-05  8.53741862e-01 
 2.49680000e-05  8.54719459e-01 
 2.49710000e-05  8.55697540e-01 
 2.49740000e-05  8.56676103e-01 
 2.49770000e-05  8.57655149e-01 
 2.49800000e-05  8.58634676e-01 
 2.49830000e-05  8.59614683e-01 
 2.49860000e-05  8.60595170e-01 
 2.49890000e-05  8.61576135e-01 
 2.49920000e-05  8.62557578e-01 
 2.49950000e-05  8.63539497e-01 
 2.49980000e-05  8.64521893e-01 
 2.50010000e-05  8.65504763e-01 
 2.50040000e-05  8.66488108e-01 
 2.50070000e-05  8.67471926e-01 
 2.50100000e-05  8.68456216e-01 
 2.50130000e-05  8.69440977e-01 
 2.50160000e-05  8.70426209e-01 
 2.50190000e-05  8.71411911e-01 
 2.50220000e-05  8.72398081e-01 
 2.50250000e-05  8.73384720e-01 
 2.50280000e-05  8.74371825e-01 
 2.50310000e-05  8.75359397e-01 
 2.50340000e-05  8.76347433e-01 
 2.50370000e-05  8.77335934e-01 
 2.50400000e-05  8.78324898e-01 
 2.50430000e-05  8.79314325e-01 
 2.50460000e-05  8.80304214e-01 
 2.50490000e-05  8.81294563e-01 
 2.50520000e-05  8.82285372e-01 
 2.50550000e-05  8.83276640e-01 
 2.50580000e-05  8.84268367e-01 
 2.50610000e-05  8.85260550e-01 
 2.50640000e-05  8.86253190e-01 
 2.50670000e-05  8.87246285e-01 
 2.50700000e-05  8.88239835e-01 
 2.50730000e-05  8.89233839e-01 
 2.50760000e-05  8.90228295e-01 
 2.50790000e-05  8.91223203e-01 
 2.50820000e-05  8.92218562e-01 
 2.50850000e-05  8.93214371e-01 
 2.50880000e-05  8.94210629e-01 
 2.50910000e-05  8.95207336e-01 
 2.50940000e-05  8.96204490e-01 
 2.50970000e-05  8.97202090e-01 
 2.51000000e-05  8.98200136e-01 
 2.51030000e-05  8.99198627e-01 
 2.51060000e-05  9.00197562e-01 
 2.51090000e-05  9.01196939e-01 
 2.51120000e-05  9.02196759e-01 
 2.51150000e-05  9.03197019e-01 
 2.51180000e-05  9.04197720e-01 
 2.51210000e-05  9.05198861e-01 
 2.51240000e-05  9.06200439e-01 
 2.51270000e-05  9.07202455e-01 
 2.51300000e-05  9.08204908e-01 
 2.51330000e-05  9.09207796e-01 
 2.51360000e-05  9.10211120e-01 
 2.51390000e-05  9.11214876e-01 
 2.51420000e-05  9.12219066e-01 
 2.51450000e-05  9.13223688e-01 
 2.51480000e-05  9.14228741e-01 
 2.51510000e-05  9.15234224e-01 
 2.51540000e-05  9.16240136e-01 
 2.51570000e-05  9.17246477e-01 
 2.51600000e-05  9.18253245e-01 
 2.51630000e-05  9.19260439e-01 
 2.51660000e-05  9.20268058e-01 
 2.51690000e-05  9.21276102e-01 
 2.51720000e-05  9.22284569e-01 
 2.51750000e-05  9.23293459e-01 
 2.51780000e-05  9.24302770e-01 
 2.51810000e-05  9.25312502e-01 
 2.51840000e-05  9.26322653e-01 
 2.51870000e-05  9.27333222e-01 
 2.51900000e-05  9.28344209e-01 
 2.51930000e-05  9.29355612e-01 
 2.51960000e-05  9.30367431e-01 
 2.51990000e-05  9.31379663e-01 
 2.52020000e-05  9.32392309e-01 
 2.52050000e-05  9.33405367e-01 
 2.52080000e-05  9.34418835e-01 
 2.52110000e-05  9.35432713e-01 
 2.52140000e-05  9.36446999e-01 
 2.52170000e-05  9.37461693e-01 
 2.52200000e-05  9.38476792e-01 
 2.52230000e-05  9.39492297e-01 
 2.52260000e-05  9.40508205e-01 
 2.52290000e-05  9.41524514e-01 
 2.52320000e-05  9.42541224e-01 
 2.52350000e-05  9.43558334e-01 
 2.52380000e-05  9.44575842e-01 
 2.52410000e-05  9.45593746e-01 
 2.52440000e-05  9.46612045e-01 
 2.52470000e-05  9.47630737e-01 
 2.52500000e-05  9.48649821e-01 
 2.52530000e-05  9.49669295e-01 
 2.52560000e-05  9.50689158e-01 
 2.52590000e-05  9.51709407e-01 
 2.52620000e-05  9.52730041e-01 
 2.52650000e-05  9.53751059e-01 
 2.52680000e-05  9.54772458e-01 
 2.52710000e-05  9.55794237e-01 
 2.52740000e-05  9.56816394e-01 
 2.52770000e-05  9.57838927e-01 
 2.52800000e-05  9.58861835e-01 
 2.52830000e-05  9.59885115e-01 
 2.52860000e-05  9.60908766e-01 
 2.52890000e-05  9.61932785e-01 
 2.52920000e-05  9.62957172e-01 
 2.52950000e-05  9.63981924e-01 
 2.52980000e-05  9.65007039e-01 
 2.53010000e-05  9.66032516e-01 
 2.53040000e-05  9.67058352e-01 
 2.53070000e-05  9.68084546e-01 
 2.53100000e-05  9.69111096e-01 
 2.53130000e-05  9.70137999e-01 
 2.53160000e-05  9.71165256e-01 
 2.53190000e-05  9.72192861e-01 
 2.53220000e-05  9.73220815e-01 
 2.53250000e-05  9.74249115e-01 
 2.53280000e-05  9.75277758e-01 
 2.53310000e-05  9.76306743e-01 
 2.53340000e-05  9.77336068e-01 
 2.53370000e-05  9.78365730e-01 
 2.53400000e-05  9.79395727e-01 
 2.53430000e-05  9.80426057e-01 
 2.53460000e-05  9.81456716e-01 
 2.53490000e-05  9.82487704e-01 
 2.53520000e-05  9.83519017e-01 
 2.53550000e-05  9.84550652e-01 
 2.53580000e-05  9.85582606e-01 
 2.53610000e-05  9.86614878e-01 
 2.53640000e-05  9.87647463e-01 
 2.53670000e-05  9.88680359e-01 
 2.53700000e-05  9.89713563e-01 
 2.53730000e-05  9.90747071e-01 
 2.53760000e-05  9.91780881e-01 
 2.53790000e-05  9.92814989e-01 
 2.53820000e-05  9.93849391e-01 
 2.53850000e-05  9.94884084e-01 
 2.53880000e-05  9.95919063e-01 
 2.53910000e-05  9.96954325e-01 
 2.53940000e-05  9.97989867e-01 
 2.53970000e-05  9.99025683e-01 
 2.54000000e-05  1.00006177e+00 
 2.54030000e-05  1.00109812e+00 
 2.54060000e-05  1.00213473e+00 
 2.54090000e-05  1.00317160e+00 
 2.54120000e-05  1.00420873e+00 
 2.54150000e-05  1.00524609e+00 
 2.54180000e-05  1.00628370e+00 
 2.54210000e-05  1.00732155e+00 
 2.54240000e-05  1.00835962e+00 
 2.54270000e-05  1.00939792e+00 
 2.54300000e-05  1.01043644e+00 
 2.54330000e-05  1.01147517e+00 
 2.54360000e-05  1.01251410e+00 
 2.54390000e-05  1.01355323e+00 
 2.54420000e-05  1.01459255e+00 
 2.54450000e-05  1.01563206e+00 
 2.54480000e-05  1.01667174e+00 
 2.54510000e-05  1.01771159e+00 
 2.54540000e-05  1.01875160e+00 
 2.54570000e-05  1.01979177e+00 
 2.54600000e-05  1.02083207e+00 
 2.54630000e-05  1.02187252e+00 
 2.54660000e-05  1.02291308e+00 
 2.54690000e-05  1.02395376e+00 
 2.54720000e-05  1.02499455e+00 
 2.54750000e-05  1.02603543e+00 
 2.54780000e-05  1.02707639e+00 
 2.54810000e-05  1.02811742e+00 
 2.54840000e-05  1.02915852e+00 
 2.54870000e-05  1.03019966e+00 
 2.54900000e-05  1.03124084e+00 
 2.54930000e-05  1.03228205e+00 
 2.54960000e-05  1.03332326e+00 
 2.54990000e-05  1.03436447e+00 
 2.55020000e-05  1.03540565e+00 
 2.55050000e-05  1.03644681e+00 
 2.55080000e-05  1.03748791e+00 
 2.55110000e-05  1.03852894e+00 
 2.55140000e-05  1.03956990e+00 
 2.55170000e-05  1.04061075e+00 
 2.55200000e-05  1.04165148e+00 
 2.55230000e-05  1.04269208e+00 
 2.55260000e-05  1.04373251e+00 
 2.55290000e-05  1.04477277e+00 
 2.55320000e-05  1.04581283e+00 
 2.55350000e-05  1.04685267e+00 
 2.55380000e-05  1.04789226e+00 
 2.55410000e-05  1.04893159e+00 
 2.55440000e-05  1.04997063e+00 
 2.55470000e-05  1.05100935e+00 
 2.55500000e-05  1.05204773e+00 
 2.55530000e-05  1.05308574e+00 
 2.55560000e-05  1.05412336e+00 
 2.55590000e-05  1.05516054e+00 
 2.55620000e-05  1.05619727e+00 
 2.55650000e-05  1.05723352e+00 
 2.55680000e-05  1.05826924e+00 
 2.55710000e-05  1.05930441e+00 
 2.55740000e-05  1.06033900e+00 
 2.55770000e-05  1.06137296e+00 
 2.55800000e-05  1.06240626e+00 
 2.55830000e-05  1.06343886e+00 
 2.55860000e-05  1.06447073e+00 
 2.55890000e-05  1.06550182e+00 
 2.55920000e-05  1.06653209e+00 
 2.55950000e-05  1.06756150e+00 
 2.55980000e-05  1.06858999e+00 
 2.56010000e-05  1.06961754e+00 
 2.56040000e-05  1.07064408e+00 
 2.56070000e-05  1.07166957e+00 
 2.56100000e-05  1.07269396e+00 
 2.56130000e-05  1.07371719e+00 
 2.56160000e-05  1.07473921e+00 
 2.56190000e-05  1.07575998e+00 
 2.56220000e-05  1.07677942e+00 
 2.56250000e-05  1.07779748e+00 
 2.56280000e-05  1.07881410e+00 
 2.56310000e-05  1.07982922e+00 
 2.56340000e-05  1.08084277e+00 
 2.56370000e-05  1.08185469e+00 
 2.56400000e-05  1.08286491e+00 
 2.56430000e-05  1.08387337e+00 
 2.56460000e-05  1.08487998e+00 
 2.56490000e-05  1.08588469e+00 
 2.56520000e-05  1.08688741e+00 
 2.56550000e-05  1.08788807e+00 
 2.56580000e-05  1.08888659e+00 
 2.56610000e-05  1.08988289e+00 
 2.56640000e-05  1.09087690e+00 
 2.56670000e-05  1.09186853e+00 
 2.56700000e-05  1.09285769e+00 
 2.56730000e-05  1.09384431e+00 
 2.56760000e-05  1.09482828e+00 
 2.56790000e-05  1.09580954e+00 
 2.56820000e-05  1.09678797e+00 
 2.56850000e-05  1.09776350e+00 
 2.56880000e-05  1.09873604e+00 
 2.56910000e-05  1.09970548e+00 
 2.56940000e-05  1.10067174e+00 
 2.56970000e-05  1.10163471e+00 
 2.57000000e-05  1.10259431e+00 
 2.57030000e-05  1.10355043e+00 
 2.57060000e-05  1.10450297e+00 
 2.57090000e-05  1.10545185e+00 
 2.57120000e-05  1.10639695e+00 
 2.57150000e-05  1.10733818e+00 
 2.57180000e-05  1.10827545e+00 
 2.57210000e-05  1.10920864e+00 
 2.57240000e-05  1.11013766e+00 
 2.57270000e-05  1.11106242e+00 
 2.57300000e-05  1.11198281e+00 
 2.57330000e-05  1.11289873e+00 
 2.57360000e-05  1.11381009e+00 
 2.57390000e-05  1.11471679e+00 
 2.57420000e-05  1.11561873e+00 
 2.57450000e-05  1.11651582e+00 
 2.57480000e-05  1.11740797e+00 
 2.57510000e-05  1.11829508e+00 
 2.57540000e-05  1.11917706e+00 
 2.57570000e-05  1.12005383e+00 
 2.57600000e-05  1.12092530e+00 
 2.57630000e-05  1.12179138e+00 
 2.57660000e-05  1.12265199e+00 
 2.57690000e-05  1.12350706e+00 
 2.57720000e-05  1.12435650e+00 
 2.57750000e-05  1.12520024e+00 
 2.57780000e-05  1.12603821e+00 
 2.57810000e-05  1.12687034e+00 
 2.57840000e-05  1.12769657e+00 
 2.57870000e-05  1.12851682e+00 
 2.57900000e-05  1.12933105e+00 
 2.57930000e-05  1.13013919e+00 
 2.57960000e-05  1.13094120e+00 
 2.57990000e-05  1.13173702e+00 
 2.58020000e-05  1.13252661e+00 
 2.58050000e-05  1.13330992e+00 
 2.58080000e-05  1.13408693e+00 
 2.58110000e-05  1.13485758e+00 
 2.58140000e-05  1.13562186e+00 
 2.58170000e-05  1.13637973e+00 
 2.58200000e-05  1.13713117e+00 
 2.58230000e-05  1.13787616e+00 
 2.58260000e-05  1.13861468e+00 
 2.58290000e-05  1.13934673e+00 
 2.58320000e-05  1.14007228e+00 
 2.58350000e-05  1.14079134e+00 
 2.58380000e-05  1.14150390e+00 
 2.58410000e-05  1.14220996e+00 
 2.58440000e-05  1.14290953e+00 
 2.58470000e-05  1.14360261e+00 
 2.58500000e-05  1.14428922e+00 
 2.58530000e-05  1.14496936e+00 
 2.58560000e-05  1.14564306e+00 
 2.58590000e-05  1.14631034e+00 
 2.58620000e-05  1.14697121e+00 
 2.58650000e-05  1.14762570e+00 
 2.58680000e-05  1.14827385e+00 
 2.58710000e-05  1.14891567e+00 
 2.58740000e-05  1.14955120e+00 
 2.58770000e-05  1.15018048e+00 
 2.58800000e-05  1.15080355e+00 
 2.58830000e-05  1.15142044e+00 
 2.58860000e-05  1.15203119e+00 
 2.58890000e-05  1.15263585e+00 
 2.58920000e-05  1.15323445e+00 
 2.58950000e-05  1.15382706e+00 
 2.58980000e-05  1.15441371e+00 
 2.59010000e-05  1.15499446e+00 
 2.59040000e-05  1.15556934e+00 
 2.59070000e-05  1.15613843e+00 
 2.59100000e-05  1.15670176e+00 
 2.59130000e-05  1.15725939e+00 
 2.59160000e-05  1.15781138e+00 
 2.59190000e-05  1.15835779e+00 
 2.59220000e-05  1.15889866e+00 
 2.59250000e-05  1.15943405e+00 
 2.59280000e-05  1.15996403e+00 
 2.59310000e-05  1.16048865e+00 
 2.59340000e-05  1.16100796e+00 
 2.59370000e-05  1.16152203e+00 
 2.59400000e-05  1.16203092e+00 
 2.59430000e-05  1.16253469e+00 
 2.59460000e-05  1.16303338e+00 
 2.59490000e-05  1.16352707e+00 
 2.59520000e-05  1.16401582e+00 
 2.59550000e-05  1.16449967e+00 
 2.59580000e-05  1.16497870e+00 
 2.59610000e-05  1.16545295e+00 
 2.59640000e-05  1.16592250e+00 
 2.59670000e-05  1.16638740e+00 
 2.59700000e-05  1.16684770e+00 
 2.59730000e-05  1.16730347e+00 
 2.59760000e-05  1.16775476e+00 
 2.59790000e-05  1.16820163e+00 
 2.59820000e-05  1.16864414e+00 
 2.59850000e-05  1.16908235e+00 
 2.59880000e-05  1.16951631e+00 
 2.59910000e-05  1.16994607e+00 
 2.59940000e-05  1.17037170e+00 
 2.59970000e-05  1.17079324e+00 
 2.60000000e-05  1.17121076e+00 
