 frequency       Hph1magdB       Hph2magdB      
 1.00000000e+03  6.01155890e+00  6.01155890e+00 
 1.02329299e+03  6.01116607e+00  6.01116607e+00 
 1.04712855e+03  6.01075576e+00  6.01075576e+00 
 1.07151931e+03  6.01032725e+00  6.01032725e+00 
 1.09647820e+03  6.00987979e+00  6.00987979e+00 
 1.12201845e+03  6.00941260e+00  6.00941260e+00 
 1.14815362e+03  6.00892488e+00  6.00892488e+00 
 1.17489755e+03  6.00841581e+00  6.00841581e+00 
 1.20226443e+03  6.00788454e+00  6.00788454e+00 
 1.23026877e+03  6.00733020e+00  6.00733020e+00 
 1.25892541e+03  6.00675187e+00  6.00675187e+00 
 1.28824955e+03  6.00614864e+00  6.00614864e+00 
 1.31825674e+03  6.00551955e+00  6.00551955e+00 
 1.34896288e+03  6.00486363e+00  6.00486363e+00 
 1.38038426e+03  6.00417989e+00  6.00417989e+00 
 1.41253754e+03  6.00346730e+00  6.00346730e+00 
 1.44543977e+03  6.00272482e+00  6.00272482e+00 
 1.47910839e+03  6.00195140e+00  6.00195140e+00 
 1.51356125e+03  6.00114596e+00  6.00114596e+00 
 1.54881662e+03  6.00030740e+00  6.00030740e+00 
 1.58489319e+03  5.99943464e+00  5.99943464e+00 
 1.62181010e+03  5.99852654e+00  5.99852654e+00 
 1.65958691e+03  5.99758200e+00  5.99758200e+00 
 1.69824365e+03  5.99659990e+00  5.99659990e+00 
 1.73780083e+03  5.99557912e+00  5.99557912e+00 
 1.77827941e+03  5.99451854e+00  5.99451854e+00 
 1.81970086e+03  5.99341707e+00  5.99341707e+00 
 1.86208714e+03  5.99227364e+00  5.99227364e+00 
 1.90546072e+03  5.99108719e+00  5.99108719e+00 
 1.94984460e+03  5.98985672e+00  5.98985672e+00 
 1.99526231e+03  5.98858125e+00  5.98858125e+00 
 2.04173794e+03  5.98725987e+00  5.98725987e+00 
 2.08929613e+03  5.98589174e+00  5.98589174e+00 
 2.13796209e+03  5.98447609e+00  5.98447609e+00 
 2.18776162e+03  5.98301225e+00  5.98301225e+00 
 2.23872114e+03  5.98149965e+00  5.98149965e+00 
 2.29086765e+03  5.97993787e+00  5.97993787e+00 
 2.34422882e+03  5.97832661e+00  5.97832661e+00 
 2.39883292e+03  5.97666575e+00  5.97666575e+00 
 2.45470892e+03  5.97495536e+00  5.97495536e+00 
 2.51188643e+03  5.97319573e+00  5.97319573e+00 
 2.57039578e+03  5.97138739e+00  5.97138739e+00 
 2.63026799e+03  5.96953114e+00  5.96953114e+00 
 2.69153480e+03  5.96762810e+00  5.96762810e+00 
 2.75422870e+03  5.96567973e+00  5.96567973e+00 
 2.81838293e+03  5.96368787e+00  5.96368787e+00 
 2.88403150e+03  5.96165481e+00  5.96165481e+00 
 2.95120923e+03  5.95958329e+00  5.95958329e+00 
 3.01995172e+03  5.95747659e+00  5.95747659e+00 
 3.09029543e+03  5.95533858e+00  5.95533858e+00 
 3.16227766e+03  5.95317378e+00  5.95317378e+00 
 3.23593657e+03  5.95098738e+00  5.95098738e+00 
 3.31131121e+03  5.94878541e+00  5.94878541e+00 
 3.38844156e+03  5.94657470e+00  5.94657470e+00 
 3.46736850e+03  5.94436306e+00  5.94436306e+00 
 3.54813389e+03  5.94215929e+00  5.94215929e+00 
 3.63078055e+03  5.93997333e+00  5.93997333e+00 
 3.71535229e+03  5.93781634e+00  5.93781634e+00 
 3.80189396e+03  5.93570078e+00  5.93570078e+00 
 3.89045145e+03  5.93364055e+00  5.93364055e+00 
 3.98107171e+03  5.93165113e+00  5.93165113e+00 
 4.07380278e+03  5.92974965e+00  5.92974965e+00 
 4.16869383e+03  5.92795505e+00  5.92795505e+00 
 4.26579519e+03  5.92628823e+00  5.92628823e+00 
 4.36515832e+03  5.92477218e+00  5.92477218e+00 
 4.46683592e+03  5.92343210e+00  5.92343210e+00 
 4.57088190e+03  5.92229559e+00  5.92229559e+00 
 4.67735141e+03  5.92139278e+00  5.92139278e+00 
 4.78630092e+03  5.92075649e+00  5.92075649e+00 
 4.89778819e+03  5.92042237e+00  5.92042237e+00 
 5.01187234e+03  5.92042902e+00  5.92042902e+00 
 5.12861384e+03  5.92081820e+00  5.92081820e+00 
 5.24807460e+03  5.92163485e+00  5.92163485e+00 
 5.37031796e+03  5.92292727e+00  5.92292727e+00 
 5.49540874e+03  5.92474713e+00  5.92474713e+00 
 5.62341325e+03  5.92714955e+00  5.92714955e+00 
 5.75439937e+03  5.93019306e+00  5.93019306e+00 
 5.88843655e+03  5.93393954e+00  5.93393954e+00 
 6.02559586e+03  5.93845403e+00  5.93845403e+00 
 6.16595002e+03  5.94380454e+00  5.94380454e+00 
 6.30957344e+03  5.95006157e+00  5.95006157e+00 
 6.45654229e+03  5.95729764e+00  5.95729764e+00 
 6.60693448e+03  5.96558653e+00  5.96558653e+00 
 6.76082975e+03  5.97500225e+00  5.97500225e+00 
 6.91830971e+03  5.98561779e+00  5.98561779e+00 
 7.07945784e+03  5.99750340e+00  5.99750340e+00 
 7.24435960e+03  6.01072443e+00  6.01072443e+00 
 7.41310241e+03  6.02533862e+00  6.02533862e+00 
 7.58577575e+03  6.04139262e+00  6.04139262e+00 
 7.76247117e+03  6.05891767e+00  6.05891767e+00 
 7.94328235e+03  6.07792416e+00  6.07792416e+00 
 8.12830516e+03  6.09839493e+00  6.09839493e+00 
 8.31763771e+03  6.12027689e+00  6.12027689e+00 
 8.51138038e+03  6.14347083e+00  6.14347083e+00 
 8.70963590e+03  6.16781872e+00  6.16781872e+00 
 8.91250938e+03  6.19308847e+00  6.19308847e+00 
 9.12010839e+03  6.21895522e+00  6.21895522e+00 
 9.33254301e+03  6.24497903e+00  6.24497903e+00 
 9.54992586e+03  6.27057827e+00  6.27057827e+00 
 9.77237221e+03  6.29499833e+00  6.29499833e+00 
 1.00000000e+04  6.31727555e+00  6.31727555e+00 
 1.02329299e+04  6.33619649e+00  6.33619649e+00 
 1.04712855e+04  6.35025336e+00  6.35025336e+00 
 1.07151931e+04  6.35759751e+00  6.35759751e+00 
 1.09647820e+04  6.35599405e+00  6.35599405e+00 
 1.12201845e+04  6.34278285e+00  6.34278285e+00 
 1.14815362e+04  6.31485314e+00  6.31485314e+00 
 1.17489755e+04  6.26864156e+00  6.26864156e+00 
 1.20226443e+04  6.20016533e+00  6.20016533e+00 
 1.23026877e+04  6.10510296e+00  6.10510296e+00 
 1.25892541e+04  5.97893260e+00  5.97893260e+00 
 1.28824955e+04  5.81713250e+00  5.81713250e+00 
 1.31825674e+04  5.61543734e+00  5.61543734e+00 
 1.34896288e+04  5.37013040e+00  5.37013040e+00 
 1.38038426e+04  5.07833708e+00  5.07833708e+00 
 1.41253754e+04  4.73827601e+00  4.73827601e+00 
 1.44543977e+04  4.34942365e+00  4.34942365e+00 
 1.47910839e+04  3.91256097e+00  3.91256097e+00 
 1.51356125e+04  3.42969276e+00  3.42969276e+00 
 1.54881662e+04  2.90385557e+00  2.90385557e+00 
 1.58489319e+04  2.33885005e+00  2.33885005e+00 
 1.62181010e+04  1.73894293e+00  1.73894293e+00 
 1.65958691e+04  1.10858073e+00  1.10858073e+00 
 1.69824365e+04  4.52146071e-01  4.52146071e-01 
 1.73780083e+04 -2.26227313e-01 -2.26227313e-01 
 1.77827941e+04 -9.22777818e-01 -9.22777818e-01 
 1.81970086e+04 -1.63418386e+00 -1.63418386e+00 
 1.86208714e+04 -2.35758749e+00 -2.35758749e+00 
 1.90546072e+04 -3.09058623e+00 -3.09058623e+00 
 1.94984460e+04 -3.83120427e+00 -3.83120427e+00 
 1.99526231e+04 -4.57785230e+00 -4.57785230e+00 
 2.04173794e+04 -5.32928276e+00 -5.32928276e+00 
 2.08929613e+04 -6.08454484e+00 -6.08454484e+00 
 2.13796209e+04 -6.84294235e+00 -6.84294235e+00 
 2.18776162e+04 -7.60399574e+00 -7.60399574e+00 
 2.23872114e+04 -8.36740910e+00 -8.36740910e+00 
 2.29086765e+04 -9.13304207e+00 -9.13304207e+00 
 2.34422882e+04 -9.90088670e+00 -9.90088670e+00 
 2.39883292e+04 -1.06710485e+01 -1.06710485e+01 
 2.45470892e+04 -1.14437315e+01 -1.14437315e+01 
 2.51188643e+04 -1.22192272e+01 -1.22192272e+01 
 2.57039578e+04 -1.29979056e+01 -1.29979056e+01 
 2.63026799e+04 -1.37802102e+01 -1.37802102e+01 
 2.69153480e+04 -1.45666547e+01 -1.45666547e+01 
 2.75422870e+04 -1.53578223e+01 -1.53578223e+01 
 2.81838293e+04 -1.61543671e+01 -1.61543671e+01 
 2.88403150e+04 -1.69570175e+01 -1.69570175e+01 
 2.95120923e+04 -1.77665819e+01 -1.77665819e+01 
 3.01995172e+04 -1.85839574e+01 -1.85839574e+01 
 3.09029543e+04 -1.94101399e+01 -1.94101399e+01 
 3.16227766e+04 -2.02462381e+01 -2.02462381e+01 
 3.23593657e+04 -2.10934913e+01 -2.10934913e+01 
 3.31131121e+04 -2.19532906e+01 -2.19532906e+01 
 3.38844156e+04 -2.28272068e+01 -2.28272068e+01 
 3.46736850e+04 -2.37170246e+01 -2.37170246e+01 
 3.54813389e+04 -2.46247856e+01 -2.46247856e+01 
 3.63078055e+04 -2.55528437e+01 -2.55528437e+01 
 3.71535229e+04 -2.65039362e+01 -2.65039362e+01 
 3.80189396e+04 -2.74812758e+01 -2.74812758e+01 
 3.89045145e+04 -2.84886724e+01 -2.84886724e+01 
 3.98107171e+04 -2.95306969e+01 -2.95306969e+01 
 4.07380278e+04 -3.06129037e+01 -3.06129037e+01 
 4.16869383e+04 -3.17421423e+01 -3.17421423e+01 
 4.26579519e+04 -3.29270016e+01 -3.29270016e+01 
 4.36515832e+04 -3.41784619e+01 -3.41784619e+01 
 4.46683592e+04 -3.55108849e+01 -3.55108849e+01 
 4.57088190e+04 -3.69435736e+01 -3.69435736e+01 
 4.67735141e+04 -3.85033501e+01 -3.85033501e+01 
 4.78630092e+04 -4.02290696e+01 -4.02290696e+01 
 4.89778819e+04 -4.21801261e+01 -4.21801261e+01 
 5.01187234e+04 -4.44541209e+01 -4.44541209e+01 
 5.12861384e+04 -4.72288781e+01 -4.72288781e+01 
 5.24807460e+04 -5.08850070e+01 -5.08850070e+01 
 5.37031796e+04 -5.65183430e+01 -5.65183430e+01 
 5.49540874e+04 -7.19721408e+01 -7.19721408e+01 
 5.62341325e+04 -6.11437463e+01 -6.11437463e+01 
 5.75439937e+04 -5.44185904e+01 -5.44185904e+01 
 5.88843655e+04 -5.09634753e+01 -5.09634753e+01 
 6.02559586e+04 -4.87052483e+01 -4.87052483e+01 
 6.16595002e+04 -4.70734264e+01 -4.70734264e+01 
 6.30957344e+04 -4.58274132e+01 -4.58274132e+01 
 6.45654229e+04 -4.48428309e+01 -4.48428309e+01 
 6.60693448e+04 -4.40469561e+01 -4.40469561e+01 
 6.76082975e+04 -4.33935683e+01 -4.33935683e+01 
 6.91830971e+04 -4.28514589e+01 -4.28514589e+01 
 7.07945784e+04 -4.23985626e+01 -4.23985626e+01 
 7.24435960e+04 -4.20187034e+01 -4.20187034e+01 
 7.41310241e+04 -4.16996702e+01 -4.16996702e+01 
 7.58577575e+04 -4.14320192e+01 -4.14320192e+01 
 7.76247117e+04 -4.12082974e+01 -4.12082974e+01 
 7.94328235e+04 -4.10225200e+01 -4.10225200e+01 
 8.12830516e+04 -4.08698092e+01 -4.08698092e+01 
 8.31763771e+04 -4.07461375e+01 -4.07461375e+01 
 8.51138038e+04 -4.06481414e+01 -4.06481414e+01 
 8.70963590e+04 -4.05729830e+01 -4.05729830e+01 
 8.91250938e+04 -4.05182469e+01 -4.05182469e+01 
 9.12010839e+04 -4.04818597e+01 -4.04818597e+01 
 9.33254301e+04 -4.04620295e+01 -4.04620295e+01 
 9.54992586e+04 -4.04571966e+01 -4.04571966e+01 
 9.77237221e+04 -4.04659956e+01 -4.04659956e+01 
 1.00000000e+05 -4.04872247e+01 -4.04872247e+01 
 1.02329299e+05 -4.05198202e+01 -4.05198202e+01 
 1.04712855e+05 -4.05628368e+01 -4.05628368e+01 
 1.07151931e+05 -4.06154304e+01 -4.06154304e+01 
 1.09647820e+05 -4.06768443e+01 -4.06768443e+01 
 1.12201845e+05 -4.07463979e+01 -4.07463979e+01 
 1.14815362e+05 -4.08234763e+01 -4.08234763e+01 
 1.17489755e+05 -4.09075227e+01 -4.09075227e+01 
 1.20226443e+05 -4.09980313e+01 -4.09980313e+01 
 1.23026877e+05 -4.10945409e+01 -4.10945409e+01 
 1.25892541e+05 -4.11966303e+01 -4.11966303e+01 
 1.28824955e+05 -4.13039133e+01 -4.13039133e+01 
 1.31825674e+05 -4.14160356e+01 -4.14160356e+01 
 1.34896288e+05 -4.15326707e+01 -4.15326707e+01 
 1.38038426e+05 -4.16535174e+01 -4.16535174e+01 
 1.41253754e+05 -4.17782973e+01 -4.17782973e+01 
 1.44543977e+05 -4.19067525e+01 -4.19067525e+01 
 1.47910839e+05 -4.20386432e+01 -4.20386432e+01 
 1.51356125e+05 -4.21737467e+01 -4.21737467e+01 
 1.54881662e+05 -4.23118551e+01 -4.23118551e+01 
 1.58489319e+05 -4.24527744e+01 -4.24527744e+01 
 1.62181010e+05 -4.25963232e+01 -4.25963232e+01 
 1.65958691e+05 -4.27423311e+01 -4.27423311e+01 
 1.69824365e+05 -4.28906386e+01 -4.28906386e+01 
 1.73780083e+05 -4.30410952e+01 -4.30410952e+01 
 1.77827941e+05 -4.31935593e+01 -4.31935593e+01 
 1.81970086e+05 -4.33478971e+01 -4.33478971e+01 
 1.86208714e+05 -4.35039822e+01 -4.35039822e+01 
 1.90546072e+05 -4.36616946e+01 -4.36616946e+01 
 1.94984460e+05 -4.38209205e+01 -4.38209205e+01 
 1.99526231e+05 -4.39815516e+01 -4.39815516e+01 
 2.04173794e+05 -4.41434846e+01 -4.41434846e+01 
 2.08929613e+05 -4.43066209e+01 -4.43066209e+01 
 2.13796209e+05 -4.44708663e+01 -4.44708663e+01 
 2.18776162e+05 -4.46361301e+01 -4.46361301e+01 
 2.23872114e+05 -4.48023253e+01 -4.48023253e+01 
 2.29086765e+05 -4.49693680e+01 -4.49693680e+01 
 2.34422882e+05 -4.51371774e+01 -4.51371774e+01 
 2.39883292e+05 -4.53056750e+01 -4.53056750e+01 
 2.45470892e+05 -4.54747847e+01 -4.54747847e+01 
 2.51188643e+05 -4.56444326e+01 -4.56444326e+01 
 2.57039578e+05 -4.58145465e+01 -4.58145465e+01 
 2.63026799e+05 -4.59850557e+01 -4.59850557e+01 
 2.69153480e+05 -4.61558911e+01 -4.61558911e+01 
 2.75422870e+05 -4.63269846e+01 -4.63269846e+01 
 2.81838293e+05 -4.64982690e+01 -4.64982690e+01 
 2.88403150e+05 -4.66696780e+01 -4.66696780e+01 
 2.95120923e+05 -4.68411459e+01 -4.68411459e+01 
 3.01995172e+05 -4.70126072e+01 -4.70126072e+01 
 3.09029543e+05 -4.71839966e+01 -4.71839966e+01 
 3.16227766e+05 -4.73552490e+01 -4.73552490e+01 
 3.23593657e+05 -4.75262989e+01 -4.75262989e+01 
 3.31131121e+05 -4.76970807e+01 -4.76970807e+01 
 3.38844156e+05 -4.78675279e+01 -4.78675279e+01 
 3.46736850e+05 -4.80375736e+01 -4.80375736e+01 
 3.54813389e+05 -4.82071499e+01 -4.82071499e+01 
 3.63078055e+05 -4.83761878e+01 -4.83761878e+01 
 3.71535229e+05 -4.85446170e+01 -4.85446170e+01 
 3.80189396e+05 -4.87123659e+01 -4.87123659e+01 
 3.89045145e+05 -4.88793611e+01 -4.88793611e+01 
 3.98107171e+05 -4.90455272e+01 -4.90455272e+01 
 4.07380278e+05 -4.92107872e+01 -4.92107872e+01 
 4.16869383e+05 -4.93750612e+01 -4.93750612e+01 
 4.26579519e+05 -4.95382673e+01 -4.95382673e+01 
 4.36515832e+05 -4.97003206e+01 -4.97003206e+01 
 4.46683592e+05 -4.98611333e+01 -4.98611333e+01 
 4.57088190e+05 -5.00206142e+01 -5.00206142e+01 
 4.67735141e+05 -5.01786688e+01 -5.01786688e+01 
 4.78630092e+05 -5.03351987e+01 -5.03351987e+01 
 4.89778819e+05 -5.04901013e+01 -5.04901013e+01 
 5.01187234e+05 -5.06432697e+01 -5.06432697e+01 
 5.12861384e+05 -5.07945922e+01 -5.07945922e+01 
 5.24807460e+05 -5.09439518e+01 -5.09439518e+01 
 5.37031796e+05 -5.10912263e+01 -5.10912263e+01 
 5.49540874e+05 -5.12362873e+01 -5.12362873e+01 
 5.62341325e+05 -5.13790000e+01 -5.13790000e+01 
 5.75439937e+05 -5.15192230e+01 -5.15192230e+01 
 5.88843655e+05 -5.16568071e+01 -5.16568071e+01 
 6.02559586e+05 -5.17915955e+01 -5.17915955e+01 
 6.16595002e+05 -5.19234228e+01 -5.19234228e+01 
 6.30957344e+05 -5.20521142e+01 -5.20521142e+01 
 6.45654229e+05 -5.21774852e+01 -5.21774852e+01 
 6.60693448e+05 -5.22993404e+01 -5.22993404e+01 
 6.76082975e+05 -5.24174731e+01 -5.24174731e+01 
 6.91830971e+05 -5.25316639e+01 -5.25316639e+01 
 7.07945784e+05 -5.26416801e+01 -5.26416801e+01 
 7.24435960e+05 -5.27472742e+01 -5.27472742e+01 
 7.41310241e+05 -5.28481829e+01 -5.28481829e+01 
 7.58577575e+05 -5.29441258e+01 -5.29441258e+01 
 7.76247117e+05 -5.30348037e+01 -5.30348037e+01 
 7.94328235e+05 -5.31198968e+01 -5.31198968e+01 
 8.12830516e+05 -5.31990634e+01 -5.31990634e+01 
 8.31763771e+05 -5.32719370e+01 -5.32719370e+01 
 8.51138038e+05 -5.33381246e+01 -5.33381246e+01 
 8.70963590e+05 -5.33972035e+01 -5.33972035e+01 
 8.91250938e+05 -5.34487191e+01 -5.34487191e+01 
 9.12010839e+05 -5.34921804e+01 -5.34921804e+01 
 9.33254301e+05 -5.35270570e+01 -5.35270570e+01 
 9.54992586e+05 -5.35527745e+01 -5.35527745e+01 
 9.77237221e+05 -5.35687090e+01 -5.35687090e+01 
 1.00000000e+06 -5.35741819e+01 -5.35741819e+01 
